date,min,max,median,q1,q3,stdev,count
2022-11-17T00:00:00.000Z,48.7,182,111.2,78.7,140.9,36.545,214
2022-11-18T00:00:00.000Z,9.5,121.7,30.8,26.5,37.95,16.138,669
2022-11-19T00:00:00.000Z,20.6,98.6,35.9,30.4,46.6,13.915,667
2022-11-20T00:00:00.000Z,6.5,167.1,28.9,23.3,36.54,23.402,689
2022-11-21T00:00:00.000Z,21.7,299,48.8,37.45,71.4,44.416,668
2022-11-22T00:00:00.000Z,15.4,180.7,42.55,28.6,69.1,27.691,694
2022-11-23T00:00:00.000Z,7.3,117,23.5,19,28.2,13.986,687
2022-11-24T00:00:00.000Z,11.4,114,24.6,20.7,29.4,11.626,684
2022-11-25T00:00:00.000Z,8,206.8,25.75,19.6,32.2,27.64,654
2022-11-26T00:00:00.000Z,12.2,132.9,28,24.65,32.7,20.214,681
2022-11-27T00:00:00.000Z,4.5,86,20.2,13.8,27,11.869,687
2022-11-28T00:00:00.000Z,9,111.5,24.6,20.4,31.35,15.612,688
2022-11-29T00:00:00.000Z,13.2,190.5,30.6,24.8,36.95,35.081,660
2022-11-30T00:00:00.000Z,21.1,157.3,37.1,31.3,51.9,20.56,682
2022-12-01T00:00:00.000Z,5.1,141.4,52.85,23.5,67.8,27.477,640
2022-12-02T00:00:00.000Z,6.6,185.5,24.55,18,63.7,37.921,682
2022-12-03T00:00:00.000Z,1.8,128.2,19.14,9.5,33.25,25.695,684
2022-12-04T00:00:00.000Z,2.8,225.7,21.5,13.5,32.7,42.205,686
2022-12-05T00:00:00.000Z,14.3,157.2,32.7,25.95,59.4,25.374,685
2022-12-06T00:00:00.000Z,13.7,102.9,33.29,28.6,39.7,12.066,674
2022-12-07T00:00:00.000Z,21.5,255.8,43.3,33.1,127.2,57.005,658
2022-12-08T00:00:00.000Z,14.9,197.1,38.85,29.8,80.84,45.202,680
2022-12-09T00:00:00.000Z,16.3,145.1,35.29,31.1,58.2,28.426,670
2022-12-10T00:00:00.000Z,20.3,116,32.79,28.7,39.9,14.583,681
2022-12-11T00:00:00.000Z,21.2,107.1,31.2,28.15,38.29,13.024,688
2022-12-12T00:00:00.000Z,21.1,155.5,36.7,31.8,56.5,33.601,675
2022-12-13T00:00:00.000Z,26.6,179.7,39.15,33.9,52.65,27.162,688
2022-12-14T00:00:00.000Z,27,178,63.8,53.1,91.1,28.397,683
2022-12-15T00:00:00.000Z,27.7,159.2,46.8,37.2,57,22.189,691
2022-12-16T00:00:00.000Z,25.5,165,44,36,69.05,28.043,685
2022-12-17T00:00:00.000Z,4.4,77.9,27.2,13.1,34.1,13.053,679
2022-12-18T00:00:00.000Z,4,112.7,13.7,9.1,19.2,18.466,669
2022-12-19T00:00:00.000Z,16.7,181,31.5,26.2,44.5,27.206,677
2022-12-20T00:00:00.000Z,22.2,156.8,37.79,31.2,50.5,28.709,646
2022-12-21T00:00:00.000Z,24.9,171.6,38.95,33.1,61.3,33.965,622
2022-12-22T00:00:00.000Z,22.3,175.5,38.7,32.35,62.65,32.577,677
2022-12-23T00:00:00.000Z,19.8,233.7,46.4,32.29,91.6,36.211,643
2022-12-24T00:00:00.000Z,21.1,169.5,34.25,29.3,50.8,29.342,658
2022-12-25T00:00:00.000Z,20.4,206.3,47.8,34.9,73.3,41.366,667
2022-12-26T00:00:00.000Z,30,255.1,60.4,46.35,76.9,48.553,661
2022-12-27T00:00:00.000Z,29.1,266.4,87.3,60,132,62.459,653
2022-12-28T00:00:00.000Z,30.9,273,54.15,41.4,89.5,46.156,688
2022-12-29T00:00:00.000Z,26.4,180.7,56,38.29,71.45,24.87,661
2022-12-30T00:00:00.000Z,21.1,137.1,53.4,35.85,71.5,23.775,665
2022-12-31T00:00:00.000Z,20.2,99.1,35.6,29.9,46.6,18.811,679
2023-01-01T00:00:00.000Z,10.7,132.8,34.6,25.6,52.2,24.811,674
2023-01-02T00:00:00.000Z,24.8,246.5,53.4,40.45,79.84,35.158,669
2023-01-03T00:00:00.000Z,5,166.6,29.8,18.5,46.2,30.512,666
2023-01-04T00:00:00.000Z,5.9,143.1,25,19.89,32.29,19.894,682
2023-01-05T00:00:00.000Z,7.9,102.2,23.15,19.05,29,14.065,652
2023-01-06T00:00:00.000Z,10.9,102,22.7,18.5,30.4,12.143,664
2023-01-07T00:00:00.000Z,15.8,121.4,28.5,24.4,36.15,18.017,649
2023-01-08T00:00:00.000Z,23.1,221.8,44,32.7,74.3,35.314,675
2023-01-09T00:00:00.000Z,9.1,204.4,33.9,22.6,74.25,40.914,672
2023-01-10T00:00:00.000Z,6.4,181.8,24.9,18.4,31.5,22.524,676
2023-01-11T00:00:00.000Z,10.7,153,24.2,19.8,35.9,29.566,646
2023-01-12T00:00:00.000Z,10.5,125.6,26.8,21.2,32.65,16.6,648
2023-01-13T00:00:00.000Z,8.6,105.7,32.9,27.9,41.9,12.659,639
2023-01-14T00:00:00.000Z,23.6,202.2,41.75,34.5,54.9,20.733,662
2023-01-15T00:00:00.000Z,24.9,129.9,49.9,31.5,65.8,22.13,669
2023-01-16T00:00:00.000Z,24.8,228.9,36.6,32.5,48.9,28.449,680
2023-01-17T00:00:00.000Z,24.4,144.9,35.1,31.1,46.7,20.024,667
2023-01-18T00:00:00.000Z,12.1,162.8,33.54,24.35,53.65,23.805,668
2023-01-19T00:00:00.000Z,24.4,115.9,35.7,31.4,45.5,11.604,673
2023-01-20T00:00:00.000Z,16.1,189.3,34.29,30.5,43.7,15.458,667
2023-01-21T00:00:00.000Z,19.7,262,42.95,31.9,70.09,46.159,640
2023-01-22T00:00:00.000Z,10.2,156.7,28.4,22.1,44.3,22.636,687
2023-01-23T00:00:00.000Z,7.6,107.3,22.1,17.8,29.8,12.002,675
2023-01-24T00:00:00.000Z,3.5,83.6,16.89,12,22.8,10.694,676
2023-01-25T00:00:00.000Z,6.7,102.5,21,14.7,27.8,10.782,662
2023-01-26T00:00:00.000Z,13.8,115.3,30.15,25.2,35.8,11.702,664
2023-01-27T00:00:00.000Z,3.2,87.3,31.7,20.85,35.8,13.432,660
2023-01-28T00:00:00.000Z,8,93.4,20.8,15.7,25.8,9.243,666
2023-01-29T00:00:00.000Z,13,249.1,34,26.1,61.4,38.036,671
2023-01-30T00:00:00.000Z,22.4,152,34.6,30.5,50.1,26.615,676
2023-01-31T00:00:00.000Z,25.8,179,43.2,32.6,69.3,26.034,667
2023-02-01T00:00:00.000Z,20.6,237.3,47.7,31.65,66.5,31.328,637
2023-02-02T00:00:00.000Z,11.3,94.4,24.8,19.75,34.6,14.633,628
2023-02-03T00:00:00.000Z,9,205.7,23.7,19.6,28.2,20.96,631
2023-02-04T00:00:00.000Z,7.3,119.1,21.5,16.7,28.6,11.323,635
2023-02-05T00:00:00.000Z,8.4,59.6,24.6,20.45,29.3,7.663,661
2023-02-06T00:00:00.000Z,12.4,133.8,25.6,21.2,32.8,16.789,639
2023-02-07T00:00:00.000Z,11.6,113.7,24.6,21.2,30.4,18.325,631
2023-02-08T00:00:00.000Z,14.1,104.3,30.6,25.1,35.1,11.887,639
2023-02-09T00:00:00.000Z,16.1,171.6,25.6,23,29.9,21.737,548
2023-02-10T00:00:00.000Z,13.7,179.6,26.2,22.5,30.4,15.57,622
2023-02-11T00:00:00.000Z,17.8,116.9,28.1,25,30.9,10.425,567
2023-02-12T00:00:00.000Z,14.5,163.6,26.9,23.9,31.1,21.121,564
2023-02-13T00:00:00.000Z,14.9,191.6,27.75,23.8,32.1,27.456,522
2023-02-14T00:00:00.000Z,19.1,174.2,30.9,27.7,36.4,24.743,639
2023-02-15T00:00:00.000Z,14.4,206.1,33.6,29.1,63.2,31.521,650
2023-02-16T00:00:00.000Z,22.4,166,44.3,31.95,65,33.134,653
2023-02-17T00:00:00.000Z,12.4,120.7,30.6,25.7,38.1,18.156,595
2023-02-18T00:00:00.000Z,15.1,175.7,56,27.5,73.9,27.75,569
2023-02-19T00:00:00.000Z,14.5,192,30.6,24.3,43.65,27.527,632
2023-02-20T00:00:00.000Z,19.3,236.4,33,28.4,66.55,35.475,657
2023-02-21T00:00:00.000Z,23.9,149.5,34.9,31.2,59.75,31.577,649
2023-02-22T00:00:00.000Z,16.2,154.4,44.3,28.9,62.7,30.998,675
2023-02-23T00:00:00.000Z,15.8,169.9,38.8,27.3,54.65,29.24,680
2023-02-24T00:00:00.000Z,18.6,235.8,34.5,29.2,67.8,48.247,669
2023-02-25T00:00:00.000Z,28.8,152.1,65,45.3,77.9,22.596,685
2023-02-26T00:00:00.000Z,17.4,150.7,32.6,27.55,39.4,17.415,676
2023-02-27T00:00:00.000Z,26.1,244.2,42.5,36.5,69.55,43.738,672
2023-02-28T00:00:00.000Z,16.5,169.5,32.2,26.85,45,27.495,665
2023-03-01T00:00:00.000Z,18.6,175.2,30,26.15,43.3,20.911,672
2023-03-02T00:00:00.000Z,22.3,217.9,33.65,30.8,41.85,29.448,644
2023-03-03T00:00:00.000Z,24,177.6,43.55,32.5,79.8,32.357,670
2023-03-04T00:00:00.000Z,28.9,167.3,44,35.7,54,18.72,663
2023-03-05T00:00:00.000Z,26.5,236.9,37.2,33.1,64.3,38.724,650
2023-03-06T00:00:00.000Z,21.8,209.9,36.79,32.4,51.35,47.565,664
2023-03-07T00:00:00.000Z,16.3,247,32.5,26.9,62.7,46.54,655
2023-03-08T00:00:00.000Z,14.1,223.5,31.6,23.5,50.55,33.401,649
2023-03-09T00:00:00.000Z,16.8,237.6,29.9,25.2,35.29,46.629,665
2023-03-10T00:00:00.000Z,17.5,190.3,33.29,28.05,58,30.942,676
2023-03-11T00:00:00.000Z,21.5,79.9,30.35,26.6,37,10.003,664
2023-03-12T00:00:00.000Z,16.7,211,32.2,28,38.04,29.474,665
2023-03-13T00:00:00.000Z,21.7,259.5,32.7,29.5,37.6,43.301,668
2023-03-14T00:00:00.000Z,14,201.1,32.9,27.6,40.7,37.201,651
2023-03-15T00:00:00.000Z,10.5,169,26.3,20.3,32.45,25.716,653
2023-03-16T00:00:00.000Z,7.8,184.1,25.4,20.1,31.1,31.198,659
2023-03-17T00:00:00.000Z,10.8,139.9,27.6,19.8,38.29,17.672,684
2023-03-18T00:00:00.000Z,9.7,67.7,22.5,18.4,26.2,6.332,685
2023-03-19T00:00:00.000Z,9.9,147.8,20.2,17.1,24.3,20.295,665
2023-03-20T00:00:00.000Z,10.7,173.5,23.95,20.9,29.2,24.394,674
2023-03-21T00:00:00.000Z,12.7,115.2,25.8,23,29.7,14.751,673
2023-03-22T00:00:00.000Z,15.6,219.9,28,24,34.1,30.227,683
2023-03-23T00:00:00.000Z,16.8,144.9,27.3,24.2,32.35,21.364,684
2023-03-24T00:00:00.000Z,9.6,175.6,27.2,22.3,34.45,26.099,677
2023-03-25T00:00:00.000Z,18,196.9,28.2,24.45,38.54,29.998,680
2023-03-26T00:00:00.000Z,12,217,23,19.89,30.55,32.82,676
2023-03-27T00:00:00.000Z,10.9,179.8,23.2,20,29,23.414,667
2023-03-28T00:00:00.000Z,15.6,211.2,24.1,21.85,28.2,26.69,680
2023-03-29T00:00:00.000Z,15.7,149.5,28.1,24.6,32.29,22.504,673
2023-03-30T00:00:00.000Z,15.1,200.5,23.7,21,28.3,22.95,664
2023-03-31T00:00:00.000Z,18.5,145.9,26.1,23.7,30.9,20.588,683
2023-04-01T00:00:00.000Z,20.2,106,31,27.5,34.1,8.428,686
2023-04-02T00:00:00.000Z,10.7,120.4,24.95,20.8,30.45,18.636,700
2023-04-03T00:00:00.000Z,10.4,209.9,34.2,24.3,45.8,30.744,663
2023-04-04T00:00:00.000Z,10.8,176.2,27.1,21,33.79,23.621,696
2023-04-05T00:00:00.000Z,5.4,227.9,21.3,16.6,27.65,27.102,673
2023-04-06T00:00:00.000Z,9.4,159.7,22.3,17.5,28.05,23.442,680
2023-04-07T00:00:00.000Z,6.7,155,20.75,16.4,26.4,22.591,678
2023-04-08T00:00:00.000Z,10.4,116,21.9,20,24.8,11.852,684
2023-04-09T00:00:00.000Z,23.7,134.2,33.4,28.4,46.1,20.046,683
2023-04-10T00:00:00.000Z,22.1,151.8,33.6,28.7,42.3,24.296,650
2023-04-11T00:00:00.000Z,22.7,169.6,30.6,28,35.2,23.237,658
2023-04-12T00:00:00.000Z,24.3,161.6,32.7,30.2,38.3,17.553,676
2023-04-13T00:00:00.000Z,26.5,199.5,35.2,32.4,42.3,32.965,665
2023-04-14T00:00:00.000Z,28,156.4,35.2,32,43.7,20.259,700
2023-04-15T00:00:00.000Z,14.8,97.7,38,33.2,52.5,16.186,671
2023-04-16T00:00:00.000Z,24,196.1,33.4,29.7,41,26.039,694
2023-04-17T00:00:00.000Z,26.1,211.6,32,30.3,35.5,28.12,688
2023-04-18T00:00:00.000Z,23.6,186.3,31.9,29.1,36.4,29.615,693
2023-04-19T00:00:00.000Z,26.7,237.1,33.8,31.4,40.2,32.279,677
2023-04-20T00:00:00.000Z,22.1,210.4,35.5,31.2,47.4,31.884,678
2023-04-21T00:00:00.000Z,23.7,226,32.2,29.75,39.4,29.916,672
2023-04-22T00:00:00.000Z,24.5,287.2,31,29,34.1,26.413,679
2023-04-23T00:00:00.000Z,9.2,221.8,25,21.2,28.7,32.6,682
2023-04-24T00:00:00.000Z,12.3,157.4,26.2,22.15,31.45,20.342,693
2023-04-25T00:00:00.000Z,16.5,197.8,27.8,25.65,30.7,22.552,672
2023-04-26T00:00:00.000Z,18,203.8,31,24.9,37.25,26.247,693
2023-04-27T00:00:00.000Z,18.9,162.8,29.5,26,34.79,21.908,680
2023-04-28T00:00:00.000Z,18.9,204.4,26.85,24.2,29.9,12.803,682
2023-04-29T00:00:00.000Z,19.4,150.3,26.6,24.2,29.05,8.41,664
2023-04-30T00:00:00.000Z,14.4,67.3,26.1,22.2,29.4,8.222,654
2023-05-01T00:00:00.000Z,13.8,52.3,22,20.3,24.05,3.499,680
2023-05-02T00:00:00.000Z,10.8,189.8,22.2,18.8,25.4,23.709,690
2023-05-03T00:00:00.000Z,12.7,92.2,22.2,18.9,27.45,10.955,669
2023-05-04T00:00:00.000Z,11.7,200.1,25.1,21.7,29.9,23.654,667
2023-05-05T00:00:00.000Z,21,125.4,30.4,27.5,37.79,16.068,671
2023-05-06T00:00:00.000Z,18.2,74.6,27.1,24.2,31.2,6.598,610
2023-05-07T00:00:00.000Z,16.4,163,25.95,22.9,30.7,19.395,686
2023-05-15T00:00:00.000Z,4.4,240.4,27.8,19.64,35.6,26.133,673
2023-05-16T00:00:00.000Z,16.7,198.9,32.4,25.9,39.29,28.917,666
2023-05-17T00:00:00.000Z,20.7,203.3,34.54,29,45,32.335,654
2023-05-18T00:00:00.000Z,9.4,215.4,28.7,21.9,36.15,35.144,664
2023-05-19T00:00:00.000Z,18.4,180.4,31.4,26.5,36.9,22.55,642
2023-05-20T00:00:00.000Z,20.3,75.3,29.7,27,34,9.031,651
2023-05-21T00:00:00.000Z,6.1,213.9,29.6,26.4,35.15,28.211,669
2023-05-22T00:00:00.000Z,12,164.1,33.7,26.5,43.8,24.798,666
2023-05-23T00:00:00.000Z,9.8,164.8,28.35,23.5,32.79,20.893,654
2023-05-24T00:00:00.000Z,17.6,107.5,30.6,25.8,39.29,14.912,667
2023-05-25T00:00:00.000Z,14.2,174.7,30.8,26.75,36.29,21.359,665
2023-05-26T00:00:00.000Z,19.7,159.4,35.29,31,53.1,21.201,679
2023-05-27T00:00:00.000Z,13.9,96.8,37.9,30.55,47.75,12.018,665
2023-05-28T00:00:00.000Z,10.4,194.2,31.2,26.15,43.75,29.234,680
2023-05-29T00:00:00.000Z,10.7,206.3,31,25.5,44.95,33.106,681
2023-05-30T00:00:00.000Z,11,203,25.7,20.5,31.95,31.56,677
2023-05-31T00:00:00.000Z,8.5,154.2,26.05,21.4,32.29,22.843,662
2023-06-01T00:00:00.000Z,5.7,120.8,22.5,14.7,29.55,17.846,657
2023-06-02T00:00:00.000Z,11.8,163.3,30.6,23.55,44.15,17.76,668
2023-06-03T00:00:00.000Z,7.2,73.2,22,16.39,28.9,10.625,662
2023-06-04T00:00:00.000Z,1.4,319,20.1,14,26.9,38.748,691
2023-06-05T00:00:00.000Z,8.2,161.4,29.2,19.6,50,26.458,683
2023-06-06T00:00:00.000Z,5.3,220.9,26.3,21.4,34.2,29.628,661
2023-06-07T00:00:00.000Z,10.3,205,27.05,20.9,37.1,35.331,650
2023-06-08T00:00:00.000Z,7.6,201.2,23.1,16,30.1,31.965,663
2023-06-09T00:00:00.000Z,7.3,299.8,27.55,21.9,39,38.161,646
2023-06-10T00:00:00.000Z,6.1,72.6,21.1,16.5,26.7,8.757,674
2023-06-11T00:00:00.000Z,2.4,277.9,20.2,12.7,26.4,36.358,663
2023-06-12T00:00:00.000Z,9.9,165.4,25.35,19.95,32.7,22.452,672
2023-06-13T00:00:00.000Z,11.5,203,29.3,21.1,38.9,23.937,675
2023-06-14T00:00:00.000Z,12.3,132.4,26.45,22,34.5,15.929,654
2023-06-15T00:00:00.000Z,6.9,153.1,22.6,15.5,28.9,20.98,659
2023-06-16T00:00:00.000Z,6.3,215.4,27.6,20.8,34.2,27.387,679
2023-06-17T00:00:00.000Z,11,114.6,29.6,24.3,45.1,18.389,654
2023-06-18T00:00:00.000Z,7,168,22.3,19,28.9,19.844,643
2023-06-19T00:00:00.000Z,5,76.7,25.3,18.3,34.1,12.117,664
2023-06-20T00:00:00.000Z,7.3,194.4,37.7,27.7,57.2,28.525,667
2023-06-21T00:00:00.000Z,9.3,237.7,25.25,18.2,57.9,39.685,670
2023-06-22T00:00:00.000Z,3.4,94.7,23.3,15.8,35,17.338,658
2023-06-23T00:00:00.000Z,4.9,65.8,28.2,23.4,32.2,8.606,672
2023-06-24T00:00:00.000Z,7.5,92.3,26.15,19.1,38.1,19.693,644
2023-06-25T00:00:00.000Z,10,239,28.8,23.1,36.85,22.575,677
2023-06-26T00:00:00.000Z,7,129.8,21.5,18,28.3,19.502,673
2023-06-27T00:00:00.000Z,7.7,114.6,29.3,23.4,34.9,13.107,687
2023-06-28T00:00:00.000Z,8.5,210.4,26.3,21.6,31.4,15.828,659
2023-06-29T00:00:00.000Z,8.8,150.9,28.5,22.9,32.2,16.26,635
2023-06-30T00:00:00.000Z,11.6,111.2,34.9,22.1,46.35,16.983,661
2023-07-01T00:00:00.000Z,2.1,74.8,21.1,15.85,28.4,9.086,697
2023-07-02T00:00:00.000Z,9.2,184.3,28.65,22.9,34.79,17.142,652
2023-07-03T00:00:00.000Z,3.6,126.6,26.2,17.6,34.29,16.306,677
2023-07-04T00:00:00.000Z,11.7,197.5,29.8,22.55,47.15,33.876,637
2023-07-05T00:00:00.000Z,13.8,223,30.2,25.9,40.79,31.732,667
2023-07-06T00:00:00.000Z,18.5,236.2,42,32.7,63,32.755,647
2023-07-07T00:00:00.000Z,11.2,171.4,26.2,22.65,34.25,31.17,648
2023-07-08T00:00:00.000Z,12.4,135.9,25.25,21.4,30.3,12.603,662
2023-07-09T00:00:00.000Z,8.8,216.9,30.2,21.2,34.1,34.773,651
2023-07-10T00:00:00.000Z,13.5,252,26.75,23.2,32.35,36.001,640
2023-07-11T00:00:00.000Z,5.3,206.2,24.2,17.7,30.8,30.626,675
2023-07-12T00:00:00.000Z,11,136.6,34.1,22.6,58.4,22.053,666
2023-07-13T00:00:00.000Z,2.8,129.8,25.2,18,32.4,22.821,673
2023-07-14T00:00:00.000Z,5.4,205.2,22.5,14.9,50.55,38.41,649
2023-07-15T00:00:00.000Z,5.2,152,21.5,13.7,28.9,16.915,654
2023-07-16T00:00:00.000Z,2.2,188.3,17.45,11.6,27,16.341,662
2023-07-17T00:00:00.000Z,1.4,240.4,14.4,9.1,21.6,29.856,664
2023-07-18T00:00:00.000Z,2.7,116.8,19.7,10.6,27.85,19.625,665
2023-07-19T00:00:00.000Z,2.2,193.7,15.7,7.8,25.9,35.105,666
2023-07-20T00:00:00.000Z,6.2,250,22.2,15,30.15,30.176,685
2023-07-21T00:00:00.000Z,10.3,156.2,26.4,20.8,31.6,24.085,651
2023-07-22T00:00:00.000Z,5.1,314.2,23.1,17.7,27.7,24.104,638
2023-07-23T00:00:00.000Z,5.7,208.5,23.7,17.9,30.5,20.804,670
2023-07-24T00:00:00.000Z,8.1,167.5,23.7,19.1,33,22.507,670
2023-07-25T00:00:00.000Z,2.4,189.7,25.15,13.5,41.55,31.633,680
2023-07-26T00:00:00.000Z,5.2,142.1,24.7,17.4,33.5,17.479,627
2023-07-27T00:00:00.000Z,6.3,151.4,19.64,14.3,26.3,17.554,654
2023-07-28T00:00:00.000Z,2.9,106.5,18.39,11,29.25,17.757,656
2023-07-29T00:00:00.000Z,7.7,58.6,18.7,13.6,23,7.443,674
2023-07-30T00:00:00.000Z,7.8,79.4,27.15,22.4,32,9.718,658
2023-07-31T00:00:00.000Z,5.1,173.1,22.2,16.7,39.9,35.11,642
2023-08-01T00:00:00.000Z,9.6,147.6,24.05,18.7,33.4,17.041,634
2023-08-02T00:00:00.000Z,6,166,28.7,19.6,40.2,24.819,657
2023-08-03T00:00:00.000Z,6.7,211.2,25.4,19.8,35.29,30.741,652
2023-08-04T00:00:00.000Z,6.4,156.3,26.65,20.6,39.1,20.826,650
2023-08-05T00:00:00.000Z,8.5,86.6,24.2,19.4,30.55,11.529,657
2023-08-06T00:00:00.000Z,10.9,158.6,20.39,16.3,27.8,22.262,670
2023-08-07T00:00:00.000Z,4.8,133.3,20.35,14.4,26.4,21.329,646
2023-08-08T00:00:00.000Z,3.9,173.6,17.89,12.3,25.8,25.29,687
2023-08-09T00:00:00.000Z,5.1,78.8,22.6,12.3,28.85,15.073,673
2023-08-10T00:00:00.000Z,5.6,114.6,25.75,13.75,33.5,14.641,672
2023-08-11T00:00:00.000Z,4.3,109.5,19.7,11.2,28.3,17.375,664
2023-08-12T00:00:00.000Z,4.5,66,16.6,12.3,23.85,10.531,665
2023-08-13T00:00:00.000Z,3.2,63.7,23.3,14.8,29.5,11.345,642
2023-08-14T00:00:00.000Z,6.3,135.8,23,15.6,29.4,14.275,670
2023-08-15T00:00:00.000Z,3.4,182.3,16.75,10.75,26.2,17.646,652
2023-08-16T00:00:00.000Z,4.2,123.7,23.1,14.6,30.8,14.826,683
2023-08-17T00:00:00.000Z,6.5,147.9,27.2,20.5,35.79,19.711,650
2023-08-18T00:00:00.000Z,4.5,229.6,27.3,18.6,41.55,25.071,672
2023-08-19T00:00:00.000Z,6.6,61,20.55,15.8,26.4,8.354,660
2023-08-20T00:00:00.000Z,6.8,248.3,21.3,16.2,31.8,31.258,634
2023-08-21T00:00:00.000Z,9.5,193.3,25.5,19.6,32.79,28.637,646
2023-08-22T00:00:00.000Z,9.4,173,26.9,21.7,32.95,24.122,661
2023-08-23T00:00:00.000Z,5.2,180.7,24.35,17.5,37.2,26.236,630
2023-08-24T00:00:00.000Z,8.8,106.2,20.7,16.5,27.5,14.91,653
2023-08-25T00:00:00.000Z,5.5,79.1,19.89,13.7,28.9,11.467,646
2023-08-26T00:00:00.000Z,3.9,74.1,24.3,17.9,29.7,10.459,647
2023-08-27T00:00:00.000Z,2.6,182.8,18.2,12.2,24.85,13.974,645
2023-08-28T00:00:00.000Z,3.9,80.5,20.6,14.25,27.7,11.693,668
2023-08-29T00:00:00.000Z,7,230.7,28.5,21.95,43.1,35.727,660
2023-08-30T00:00:00.000Z,9.5,323.1,28.3,23.6,38.95,35.798,657
2023-08-31T00:00:00.000Z,3.2,175,22.7,14.4,31.05,14.453,637
2023-09-01T00:00:00.000Z,2,46.1,15.9,9.4,23.5,8.606,631
2023-09-02T00:00:00.000Z,1.9,38.3,10.55,6,18.6,7.908,678
2023-09-03T00:00:00.000Z,2.8,43.4,17.7,10.5,23.6,8.249,656
2023-09-04T00:00:00.000Z,2.7,82.6,19.39,11.5,26.9,12.207,647
2023-09-05T00:00:00.000Z,0.1,135.3,16.85,10,25.9,19.745,666
2023-09-06T00:00:00.000Z,3.4,182.5,23.4,12.2,34.4,21.562,661
2023-09-07T00:00:00.000Z,8.8,225.3,26.3,20.9,35,28.357,684
2023-09-08T00:00:00.000Z,9.5,214.3,28.7,22.4,58.8,32.804,670
2023-09-09T00:00:00.000Z,6,106.6,22.8,17.5,27.4,10.981,659
2023-09-10T00:00:00.000Z,2.4,208.3,19.5,13.15,26.2,27.899,677
2023-09-18T00:00:00.000Z,3.4,208.8,27.3,17.85,38.15,41.134,665
2023-09-19T00:00:00.000Z,4.7,179.7,31.4,21.5,54.4,29.569,638
2023-09-20T00:00:00.000Z,15.8,255.1,30.3,25,44,29.967,640
2023-09-21T00:00:00.000Z,16.2,201.8,33.3,27.4,47.4,32.83,672
2023-09-22T00:00:00.000Z,14.8,167.9,36.1,28.1,53.3,28.319,629
2023-09-23T00:00:00.000Z,6.2,97.5,25.4,19.6,29.9,12.37,667
2023-09-24T00:00:00.000Z,2.8,139.7,17.7,11.3,22.95,25.207,660
2023-09-25T00:00:00.000Z,1.4,137.9,17,9.4,26.6,20.145,652
2023-09-26T00:00:00.000Z,2.2,135.2,15.75,10.6,23.5,22.385,650
2023-09-27T00:00:00.000Z,1.1,217.3,33.35,18.2,49.8,39.176,642
2023-09-28T00:00:00.000Z,6,188.8,27.7,22.3,37.9,30.288,674
2023-09-29T00:00:00.000Z,1,128,26,14.4,42.3,21.213,669
2023-09-30T00:00:00.000Z,8.6,87.9,22,16.8,27.95,10.075,649
2023-10-01T00:00:00.000Z,3.7,127,21.6,15.9,30.15,20.997,676
2023-10-02T00:00:00.000Z,0,151.2,28.3,12.7,44.4,26.403,647
2023-10-03T00:00:00.000Z,0.4,135.8,19.5,9.8,25.95,20.131,656
2023-10-04T00:00:00.000Z,1.9,224,22.6,15.6,29.3,28.276,651
2023-10-05T00:00:00.000Z,4.7,241,26.8,22.3,33.6,33.84,650
2023-10-06T00:00:00.000Z,5.4,155.4,28.5,19.35,36.2,25.953,633
2023-10-07T00:00:00.000Z,6.4,193.9,26,18.5,32.6,17.224,647
2023-10-08T00:00:00.000Z,4.7,114.2,21.15,11.1,29.6,16.584,654
2023-10-09T00:00:00.000Z,7.1,148.7,33.5,20,66.7,31.14,678
2023-10-10T00:00:00.000Z,22.5,194.6,32.7,28.6,41.45,33.053,648
2023-10-11T00:00:00.000Z,12.4,196.7,25.6,22,39,40.938,669
2023-10-12T00:00:00.000Z,8.8,261.2,32.79,26.7,52.75,42.272,672
2023-10-13T00:00:00.000Z,24.4,149.8,44.2,33.2,61.55,23.709,656
2023-10-14T00:00:00.000Z,11,95.8,29.75,21.8,37.2,14.82,670
2023-10-15T00:00:00.000Z,12.6,318.4,26.5,20.7,33.1,31.514,676
2023-10-16T00:00:00.000Z,6.5,168.2,28.2,18.3,34.54,28.608,648
2023-10-17T00:00:00.000Z,3,201.9,20.8,11.8,34.15,28.898,657
2023-10-18T00:00:00.000Z,4.8,210.1,26.6,20.5,34.2,35.935,666
2023-10-19T00:00:00.000Z,7.6,227.8,29.25,23.3,36.4,33.335,668
2023-10-20T00:00:00.000Z,12.8,209.8,28.1,24,35.7,35.863,661
2023-10-21T00:00:00.000Z,20,96.7,29.15,25.85,33.35,11.294,260
2023-11-19T00:00:00.000Z,21.4,93.4,33.3,29.75,49.95,16.945,412
2023-11-20T00:00:00.000Z,24.6,143,34.8,30.6,52.15,25,681
2023-11-21T00:00:00.000Z,19.3,230.4,40.4,31,64.7,30.204,666
2023-11-22T00:00:00.000Z,15.4,143.5,42.35,33.6,59.5,21.787,658
2023-11-23T00:00:00.000Z,26.8,141.7,50.25,39.2,64.9,20.541,676
2023-11-24T00:00:00.000Z,25.8,99.3,51.6,37.35,62.1,14.308,365