date,min,max,median,q1,q3,stdev,count
2020-04-04T00:00:00.000Z,8.5,100.9,14.5,12.22,25.85,23.38,320
2020-04-05T00:00:00.000Z,5.47,26.76,11.51,8.4,19.77,6.08,487
2020-04-06T00:00:00.000Z,17,37.75,25.3,22.62,29.68,4.297,487
2020-04-07T00:00:00.000Z,33.43,173.11,78.84,42.88,113.86,41.681,411
2020-04-08T00:00:00.000Z,100.95,210.58,138.93,117.35,169.28,29.632,450
2020-04-09T00:00:00.000Z,97.85,235.35,132.88,114.89,167.96,35.026,432
2020-04-10T00:00:00.000Z,64.68,122.8,91.46,79.34,105.39,15.029,476
2020-04-11T00:00:00.000Z,11.15,184.71,66,24.95,108.63,49.03,144
2020-04-12T00:00:00.000Z,10.78,46.15,20.12,14.39,29.2,8.448,520
2020-04-13T00:00:00.000Z,16.89,69.58,32.36,23.98,43.42,13.162,524
2020-04-14T00:00:00.000Z,32.89,157.52,60.3,41.18,90.45,32.567,497
2020-04-15T00:00:00.000Z,53.67,144.69,89.72,76.55,100.36,19.412,445
2020-04-16T00:00:00.000Z,38.15,175.02,63.16,53.65,116.7,36.747,459
2020-04-17T00:00:00.000Z,28.25,72.7,48.71,40.65,53.18,8.999,502
2020-04-18T00:00:00.000Z,48.19,147.13,70.97,65.73,80.84,18.146,522
2020-04-19T00:00:00.000Z,18.14,328.96,72.34,25.42,118.1,75.145,507
2020-04-20T00:00:00.000Z,18.02,72.28,33.06,27.88,51.29,14.459,444
2020-04-21T00:00:00.000Z,28.54,139,57.98,40.72,93.68,29.252,351
2020-04-22T00:00:00.000Z,8.8,50.22,26.24,18.39,30.24,9.625,402
2020-04-23T00:00:00.000Z,6.15,39.97,9.96,8.74,13.12,6.11,435
2020-04-24T00:00:00.000Z,12.4,38.29,28,18.25,31.54,7.147,463
2020-04-25T00:00:00.000Z,21.02,54.62,29.05,26.68,31.52,4.957,406
2020-04-26T00:00:00.000Z,16.55,258.95,24.26,21.11,50.03,56.384,456
2020-04-27T00:00:00.000Z,12.52,74.22,25.84,17.94,45.96,17.106,465
2020-04-28T00:00:00.000Z,37.11,180.68,104.49,62.51,126.04,37.921,370
2020-04-29T00:00:00.000Z,45.05,148.35,68.62,57.22,107.68,26.97,475
2020-04-30T00:00:00.000Z,41.96,98.11,60.33,55.23,73.65,12.804,498
2020-05-01T00:00:00.000Z,16.96,122.17,47.97,29.83,87.17,29.692,508
2020-05-02T00:00:00.000Z,20.58,135.08,33.01,26.82,59.4,27.459,506
2020-05-03T00:00:00.000Z,25.81,86.32,58.32,35.03,68.38,18.05,515
2020-05-04T00:00:00.000Z,26.27,60.48,38.64,34.85,41.88,6.33,491
2020-05-05T00:00:00.000Z,18.16,87.4,36.2,24.99,51.42,19.579,464
2020-05-06T00:00:00.000Z,17.46,58.4,33.46,29.38,38.82,8.055,538
2020-05-07T00:00:00.000Z,22.95,85.01,41.32,35.09,57.12,15.191,359
2020-05-08T00:00:00.000Z,9.77,49.73,24.21,17.67,35.78,10.812,324
2020-05-09T00:00:00.000Z,22.82,107.32,59.78,35.89,84.33,25.551,287
2020-05-10T00:00:00.000Z,16.77,54.34,33.14,25.67,39.78,9.831,230
2020-05-11T00:00:00.000Z,15.55,59.2,34.56,26.71,44.16,11.303,330
2020-05-12T00:00:00.000Z,10.02,31.28,22.39,17.8,25.44,5.14,440
2020-05-13T00:00:00.000Z,4.76,60.28,16.55,8.9,20.88,10.383,411
2020-05-14T00:00:00.000Z,6.18,24.17,11.37,9.88,16.48,4.322,434
2020-05-15T00:00:00.000Z,8.9,46.32,20.39,12.09,26,9.142,474
2020-05-16T00:00:00.000Z,16.25,99.89,29.83,20.12,41.47,15.993,312
2020-05-17T00:00:00.000Z,9.23,128.96,25.66,18.3,43.25,18.74,451
2020-05-18T00:00:00.000Z,16.87,92.89,28.3,24.96,35.4,14.688,388
2020-05-19T00:00:00.000Z,21.25,133.55,41.82,28.56,92.7,33.312,467
2020-05-20T00:00:00.000Z,8,63.66,31.96,20.65,42.89,13.27,503
2020-05-21T00:00:00.000Z,11.46,80.95,31.4,20.62,43.48,16.461,465
2020-05-22T00:00:00.000Z,13.35,60.82,23.97,19.34,29.53,9.628,504
2020-05-23T00:00:00.000Z,22.17,84.87,46.05,30.48,53.3,15.191,362
2020-05-24T00:00:00.000Z,16.8,80.56,31.74,25.77,53.33,17.512,422
2020-05-25T00:00:00.000Z,10.19,55.67,32.64,21.8,39.61,10.58,500
2020-05-26T00:00:00.000Z,8.94,39.04,15.43,13.02,19.64,5.006,473
2020-05-27T00:00:00.000Z,11.6,74.31,35.36,17.48,47.15,17.14,492
2020-05-28T00:00:00.000Z,28.3,89.1,49.35,43.28,58.67,11.081,491
2020-05-29T00:00:00.000Z,14.87,69.25,39.59,29.83,51.67,13.444,506
2020-05-30T00:00:00.000Z,10.55,98.65,26.35,18.69,40.72,18.764,529
2020-05-31T00:00:00.000Z,8.8,143.07,32.19,22.1,62.85,32.776,460
2020-06-01T00:00:00.000Z,6.32,81.63,26.78,16.84,36.15,13.869,440
2020-06-02T00:00:00.000Z,7.35,165.37,32.96,22.08,44.7,35.522,498
2020-06-03T00:00:00.000Z,14.23,109.68,30.9,22.22,46.49,22.739,421
2020-06-04T00:00:00.000Z,13.38,98.62,28.48,22.02,40.95,18.073,494
2020-06-05T00:00:00.000Z,18.6,142.1,32.96,27.17,46.65,26.828,416
2020-06-06T00:00:00.000Z,8.19,186.12,33.93,21.23,65.87,36.717,454
2020-06-07T00:00:00.000Z,3.92,181.23,25.4,11.98,74.09,51.534,506
2020-06-08T00:00:00.000Z,2.58,122.78,25.42,8.22,70.66,36.804,500
2020-06-09T00:00:00.000Z,7.1,117.55,29.44,20.51,64.7,30.975,448
2020-06-10T00:00:00.000Z,2.4,43.38,8.72,5.33,13.45,9.951,486
2020-06-11T00:00:00.000Z,11,66.2,26.85,19.29,42.01,13.52,504
2020-06-12T00:00:00.000Z,6.12,57.25,18.73,15.48,22.55,8.621,491
2020-06-13T00:00:00.000Z,9.07,57.08,18.14,13.83,29.94,11.063,481
2020-06-14T00:00:00.000Z,3.95,45.42,17.42,11.78,29.44,10.46,309
2020-06-15T00:00:00.000Z,7.57,68.5,17.77,14.57,28.52,12.396,491
2020-06-16T00:00:00.000Z,4.03,34.63,17.73,14.31,20.59,5.438,528
2020-06-17T00:00:00.000Z,6.03,44.65,18.57,14.18,23.98,7.244,515
2020-06-18T00:00:00.000Z,7.35,31.25,17.34,13.25,21.25,4.928,474
2020-06-19T00:00:00.000Z,7.3,95.25,15.94,12.88,20.44,8.726,440
2020-06-20T00:00:00.000Z,10.8,74.12,26.75,22.65,31.66,6.836,533
2020-06-21T00:00:00.000Z,10.88,48.35,27.77,22.6,33.08,7.529,527
2020-06-22T00:00:00.000Z,3.15,49.72,21.33,11.15,29.7,11.122,493
2020-06-23T00:00:00.000Z,5.32,65.25,21.2,15.34,26.69,9.844,509
2020-06-24T00:00:00.000Z,5.85,58,21.3,13.79,34.22,12.261,508
2020-06-25T00:00:00.000Z,16.75,108.78,38.03,27.87,64.78,22.679,500
2020-06-26T00:00:00.000Z,2.47,32.85,16.94,13.27,19.82,6.338,502
2020-06-27T00:00:00.000Z,9.05,55.53,20.98,15.52,25.3,7.381,462
2020-06-28T00:00:00.000Z,9.94,42.2,25.98,18.48,30.7,7.244,401
2020-06-29T00:00:00.000Z,11.95,65.81,26.47,22.6,31,8.835,420
2020-06-30T00:00:00.000Z,9.38,241.57,32.25,26,41.64,29.163,413
2020-07-01T00:00:00.000Z,10.35,45.85,20.48,16.73,24.13,5.961,420
2020-07-02T00:00:00.000Z,12.48,65.18,22.62,20.3,26.09,6.76,412
2020-07-03T00:00:00.000Z,3.6,27.3,16.23,11.65,19.6,5.23,435
2020-07-04T00:00:00.000Z,4,166.05,13.5,11.15,15.93,17.223,451
2020-07-05T00:00:00.000Z,9.5,32.42,18.1,15.18,20.94,4.091,445
2020-07-06T00:00:00.000Z,8.27,32.85,19.7,15.95,22.9,5.44,260
2020-07-07T00:00:00.000Z,14.48,51.22,29.79,25.02,33.92,6.708,406
2020-07-08T00:00:00.000Z,4.97,59.38,25.67,15.1,29.25,9.692,407
2020-07-09T00:00:00.000Z,3.3,49.8,21.79,9.18,30.4,12.035,440
2020-07-10T00:00:00.000Z,3.33,68.09,18.8,14.55,25.92,11.357,410
2020-07-11T00:00:00.000Z,8,133.9,27.15,19.34,37.13,16.408,315
2020-07-12T00:00:00.000Z,9.15,70.47,29.7,21.62,39.28,13.78,395
2020-07-13T00:00:00.000Z,6.18,42.17,20.65,13.16,25.59,7.559,389
2020-07-14T00:00:00.000Z,8.15,50.95,22.17,18.29,26.16,7.351,409
2020-07-15T00:00:00.000Z,5.05,35.29,17.19,10.63,22,6.794,316
2020-07-16T00:00:00.000Z,5.75,37.08,18.98,12.8,24.42,7.124,298
2020-07-17T00:00:00.000Z,7.7,37.63,20.14,14.68,23.83,5.953,451
2020-07-18T00:00:00.000Z,5.85,57.4,20.94,13.3,27.75,9.099,394
2020-07-19T00:00:00.000Z,8.48,48.92,20.77,13.49,28.99,8.51,161
2020-07-20T00:00:00.000Z,2.67,45.38,22.56,10.7,32.42,12.094,178
2020-07-21T00:00:00.000Z,9.77,1198.75,19.55,16.7,24.23,143.266,251
2020-07-22T00:00:00.000Z,3.05,28.73,14.55,10.38,19.32,5.935,259
2020-07-23T00:00:00.000Z,2.78,35.28,17.5,12.93,21.05,6.43,282
2020-07-24T00:00:00.000Z,3.4,33.22,17.23,7.07,21.38,7.503,360
2020-07-25T00:00:00.000Z,18.14,90.97,29.29,24.6,45.97,13.622,78
2020-07-26T00:00:00.000Z,4.09,45.8,19.39,10.27,26.55,9.517,418
2020-07-27T00:00:00.000Z,17.17,149.68,53.17,43.24,124.25,43.43,261
2020-07-28T00:00:00.000Z,24.73,243.9,80.62,53.72,133.01,51.985,392
2020-07-29T00:00:00.000Z,23.98,87.53,46.61,36.99,53.62,13.812,308
2020-07-30T00:00:00.000Z,43.83,44.15,43.99,43.83,44.15,0.16,2
2020-07-31T00:00:00.000Z,17.3,75.93,37.72,27.98,50.58,13.41,382
2020-08-01T00:00:00.000Z,5.97,85.32,12.37,9.69,19.04,8.34,397
2020-08-02T00:00:00.000Z,2.9,31.85,6.82,5.45,9.98,6.256,385
2020-08-03T00:00:00.000Z,7.82,40.33,16.55,12.1,22.35,6.803,381
2020-08-04T00:00:00.000Z,8.32,34.4,12.93,10.45,17.6,5.142,438
2020-08-05T00:00:00.000Z,2.87,34.13,20.02,6.44,24.05,8.931,469
2020-08-06T00:00:00.000Z,5.07,22.7,10.95,8.27,12.98,2.941,363
2020-08-07T00:00:00.000Z,6.75,35.5,17.17,14.5,20.17,4.282,467
2020-08-08T00:00:00.000Z,5.03,37.42,10.38,7.84,13.52,6.77,429
2020-08-09T00:00:00.000Z,5.62,43.05,12.04,9.97,15.15,4.875,484
2020-08-10T00:00:00.000Z,2.5,19.82,8.63,4.84,12.07,4.057,491
2020-08-11T00:00:00.000Z,1.95,19.45,5.68,4.15,8.48,3.299,473
2020-08-12T00:00:00.000Z,2.2,33.97,13.65,10.07,16.32,6.965,466
2020-08-13T00:00:00.000Z,1.65,47.65,9.15,4.87,12.93,8.67,489
2020-08-14T00:00:00.000Z,5.3,38.4,16.01,11,20.58,6.777,434
2020-08-15T00:00:00.000Z,3.58,51.8,14.07,10.23,20.88,8.635,498
2020-08-16T00:00:00.000Z,2.6,50.6,14.9,7.22,20.25,10.27,498
2020-08-17T00:00:00.000Z,2.2,286.35,12.25,9.16,17.86,47.813,492
2020-08-18T00:00:00.000Z,3.15,20.7,7.85,6.32,10.25,3.124,486
2020-08-19T00:00:00.000Z,4.12,19.64,8.89,6.65,15.44,4.536,484
2020-08-20T00:00:00.000Z,7.1,55.53,24,14.09,35.89,12.538,432
2020-08-21T00:00:00.000Z,4.09,28.33,14.48,11.76,18.66,4.894,489
2020-08-22T00:00:00.000Z,9.68,41.22,24.02,20.85,30.61,6.981,453
2020-08-23T00:00:00.000Z,10.73,36.03,22.52,17.76,25.4,5.371,469
2020-08-24T00:00:00.000Z,1.98,41.97,14.55,5.55,24.52,9.961,409
2020-08-25T00:00:00.000Z,6.37,46.22,19.94,11.82,28.19,9.383,420
2020-08-26T00:00:00.000Z,9.27,77.78,30,15.38,39.95,14.844,440
2020-08-27T00:00:00.000Z,17.07,88.78,38.47,31.3,67.93,20.235,491
2020-08-28T00:00:00.000Z,12.73,38.88,23.07,20.23,25.12,4.408,444
2020-08-29T00:00:00.000Z,12.9,72.62,25.55,18.48,35.75,12.543,446
2020-08-30T00:00:00.000Z,18.57,67.03,34.81,28.17,41.9,10.002,458
2020-08-31T00:00:00.000Z,16.77,87.93,34.22,27.87,40.46,10.196,448
2020-09-01T00:00:00.000Z,20.3,134.37,37.28,31.66,69.95,31.867,384
2020-09-02T00:00:00.000Z,65.31,132.82,102.59,92.72,109.18,13.904,434
2020-09-03T00:00:00.000Z,63.67,162.43,84.05,70.05,107.37,22.438,442
2020-09-04T00:00:00.000Z,30.83,119.2,65.64,47.3,82.35,21.189,440
2020-09-05T00:00:00.000Z,12.73,63.03,27.02,20.45,33.53,9.912,447
2020-09-06T00:00:00.000Z,4.8,41.37,14.02,8.55,31.35,11.183,435
2020-09-07T00:00:00.000Z,5.07,22.83,12.39,11.05,14.36,2.898,412
2020-09-08T00:00:00.000Z,13.35,81.43,34.47,24.38,60.07,18.837,353
2020-09-09T00:00:00.000Z,9.44,33.83,16.77,13.18,23.75,6.13,375
2020-09-10T00:00:00.000Z,3.33,48.45,19.45,12.89,36.46,12.26,316
2020-09-11T00:00:00.000Z,8.55,45.8,30.1,24.7,35.58,9.003,303
2020-09-12T00:00:00.000Z,5.85,48.58,17.79,15.11,21.9,7.706,284
2020-09-13T00:00:00.000Z,4.59,45.78,13.07,10.7,20.58,7.332,351
2020-09-14T00:00:00.000Z,10.63,69.62,21.3,16.67,33.53,12.403,283
2020-09-15T00:00:00.000Z,10.07,36.35,20,16.54,25.68,5.55,241
2020-09-16T00:00:00.000Z,33.2,67.03,41.17,37.64,44.05,7.559,37
2020-09-17T00:00:00.000Z,10.85,62.58,18.23,15.77,22.34,8.67,149
2020-09-18T00:00:00.000Z,3.62,34.25,12.45,9.93,15.63,4.788,319
2020-09-19T00:00:00.000Z,10.98,206.57,20.9,17.8,25.29,25.97,293
2020-09-20T00:00:00.000Z,25.1,156.97,60.31,39.13,129.3,42.37,226
2020-09-21T00:00:00.000Z,17.73,121.6,37.85,27.04,50.51,29.941,217
2020-09-22T00:00:00.000Z,5.37,37.35,16.42,11.93,23.02,6.981,327
2020-09-23T00:00:00.000Z,2.72,62.25,21.92,8.82,30.37,14.914,420
2020-09-24T00:00:00.000Z,4.45,92.18,41.92,20.89,53.63,22.155,433
2020-09-25T00:00:00.000Z,10.8,143.25,48.43,29.13,73.45,29.274,328
2020-09-26T00:00:00.000Z,10.07,64.05,21.58,16.64,26.52,7.808,270
2020-09-27T00:00:00.000Z,13.77,38,21.3,18.01,27.49,5.73,220
2020-09-28T00:00:00.000Z,22.17,160.1,79.5,57.25,108.28,37.347,246
2020-09-29T00:00:00.000Z,32.72,149.57,56.79,41.43,71.69,25.943,248
2020-09-30T00:00:00.000Z,6.35,84.1,40.88,34.6,51.69,18.371,376
2020-10-01T00:00:00.000Z,5.4,112.07,20.8,16.89,31.14,19.291,293
2020-10-02T00:00:00.000Z,22.55,99.9,39.78,29.85,57.3,19.939,210
2020-10-03T00:00:00.000Z,9.77,65.55,29.51,24.08,35.94,10.355,216
2020-10-04T00:00:00.000Z,5.22,32.25,15.14,8.5,22.85,7.607,298
2020-10-05T00:00:00.000Z,9.57,102.43,36.1,19.48,63.25,24.518,297
2020-10-06T00:00:00.000Z,11.8,52.17,28.6,23.92,34.17,8.852,321
2020-10-07T00:00:00.000Z,14.55,29.8,19.48,17.27,23.33,3.755,319
2020-10-08T00:00:00.000Z,13.52,38.25,24.35,19.05,30.98,6.529,257
2020-10-09T00:00:00.000Z,13.32,32.1,20.83,18.04,23.55,4.146,337
2020-10-10T00:00:00.000Z,15.7,91.82,36.53,27.47,46.15,13.373,397
2020-10-11T00:00:00.000Z,27.6,133.05,39.9,36.21,51.92,22.278,417
2020-10-12T00:00:00.000Z,46.78,112.82,75.45,56.1,90.5,18.737,331
2020-10-13T00:00:00.000Z,40.11,95.95,57.38,50.16,64.59,11.595,393
2020-10-14T00:00:00.000Z,5.15,51.17,21.24,9.63,38.78,13.977,390
2020-10-15T00:00:00.000Z,5.97,45.63,12.37,9.07,17.5,6.816,391
2020-10-16T00:00:00.000Z,10.1,44.2,26.16,19.5,34.22,9.042,402
2020-10-17T00:00:00.000Z,8.69,36.97,16.23,13.48,20.3,5.201,404
2020-10-18T00:00:00.000Z,18.3,44.05,26.79,24,28.83,4.411,416
2020-10-19T00:00:00.000Z,16.39,47.6,29.35,25.4,33.63,6.751,410
2020-10-20T00:00:00.000Z,17.1,42.03,25,21.53,29.45,5.666,432
2020-10-21T00:00:00.000Z,8.88,43.2,24.58,15.05,34.42,9.626,409
2020-10-22T00:00:00.000Z,14.98,80.03,32.49,22.39,56.62,18.768,400
2020-10-23T00:00:00.000Z,18.88,198.27,57.44,36.36,150.15,57.954,388
2020-10-24T00:00:00.000Z,38.15,222.15,111.22,69.59,137.9,47.02,415
2020-10-25T00:00:00.000Z,40.38,117.8,80.5,68.93,93.88,16.565,451
2020-10-26T00:00:00.000Z,45.05,130.93,65.98,59.53,77.38,19.672,450
2020-10-27T00:00:00.000Z,30.85,87.45,59.09,47.95,71.11,14.046,424
2020-10-28T00:00:00.000Z,31.3,132.93,49.15,43.7,63.25,23.101,443
2020-10-29T00:00:00.000Z,15.4,60.38,43.03,31.39,46.92,10.604,445
2020-10-30T00:00:00.000Z,10.9,63.03,19.64,17.05,26.23,8.352,447
2020-10-31T00:00:00.000Z,10.85,79.55,42.5,33.21,49.54,10.848,465
2020-11-01T00:00:00.000Z,35.53,123.47,88.7,65.7,99.75,24.074,462
2020-11-02T00:00:00.000Z,8.35,99.43,33.42,15.67,68.63,26.802,441
2020-11-03T00:00:00.000Z,25.58,62.53,33.96,30.97,44.88,8.607,436
2020-11-04T00:00:00.000Z,52.67,182.35,76.4,62.44,135.07,39.466,341
2020-11-05T00:00:00.000Z,89.9,230,178.27,100.28,203.65,50.987,315
2020-11-06T00:00:00.000Z,88.1,337.3,229.65,174.09,251.33,49.606,316
2020-11-07T00:00:00.000Z,22.42,87.93,35.2,27.26,53.39,17.441,372
2020-11-08T00:00:00.000Z,30.7,140.94,55.93,42.82,84.29,28.539,336
2020-11-09T00:00:00.000Z,23.77,111.32,49.5,33.88,67.7,18.872,274
2020-11-10T00:00:00.000Z,30.35,159.57,55.5,45.78,82,30.442,329
2020-11-11T00:00:00.000Z,44.83,196.5,128.3,93.88,153.72,39.954,333
2020-11-12T00:00:00.000Z,41.45,166.32,99.59,77.29,109.41,24.189,276
2020-11-13T00:00:00.000Z,43.55,672.78,72.4,58.92,84.38,70.719,299
2020-11-14T00:00:00.000Z,26.92,91.3,45.6,39.79,58.03,13.981,320
2020-11-15T00:00:00.000Z,32.4,174.15,44.54,39.42,63.78,31.919,278
2020-11-16T00:00:00.000Z,15.88,57.42,30.25,21.33,36.29,10.115,270
2020-11-17T00:00:00.000Z,17.7,132.13,83.55,62.55,91.88,28.314,299
2020-11-18T00:00:00.000Z,31.73,96.57,45.75,39.88,61.78,16.363,350
2020-11-19T00:00:00.000Z,36.2,159.32,75.25,54.25,121.47,35.963,351
2020-11-20T00:00:00.000Z,30.05,95.88,45.97,35.45,65.4,17.939,350
2020-11-21T00:00:00.000Z,29.52,139.07,59.75,50.53,68.34,21.834,303
2020-11-22T00:00:00.000Z,32.42,79.93,60.88,50.5,64.17,10.289,292
2020-11-23T00:00:00.000Z,29.17,112.6,82.45,68.41,91.48,17.838,265
2020-11-24T00:00:00.000Z,66.7,221.32,120.38,92.58,134.12,28.776,280
2020-11-25T00:00:00.000Z,73.43,192.88,125.2,115.89,141.49,26.375,284
2020-11-26T00:00:00.000Z,59.53,183.07,97.56,75.03,124.74,28.79,276
2020-11-27T00:00:00.000Z,43.42,432.75,104.62,63.45,122.63,52.603,262
2020-11-28T00:00:00.000Z,16.55,120.95,61,39.65,70.23,20.776,277
2020-11-29T00:00:00.000Z,21.08,94.55,46.82,38.22,60.83,16.576,274
2020-11-30T00:00:00.000Z,39.58,149.22,74.95,51.98,85.77,20.279,240
2020-12-01T00:00:00.000Z,90.03,204.85,141.69,122.03,172.8,30.202,238
2020-12-02T00:00:00.000Z,84.07,262.55,144.38,116.07,181.96,47.938,269
2020-12-03T00:00:00.000Z,20.13,108.3,81.86,51.79,89.42,26.078,236
2020-12-04T00:00:00.000Z,25,114.05,37,31.21,55.83,17.94,261
2020-12-05T00:00:00.000Z,28.1,89.53,49.55,44.6,55.03,11.872,251
2020-12-06T00:00:00.000Z,65.06,150.6,87.69,79.41,107.21,20.678,328
2020-12-07T00:00:00.000Z,80.4,203.2,133.97,101.45,170.85,35.625,276
2020-12-08T00:00:00.000Z,65.47,352.85,147.69,90.25,244.5,78.735,275
2020-12-09T00:00:00.000Z,81.05,397.48,160.99,134.94,204.3,62.535,246
2020-12-10T00:00:00.000Z,69.56,358.23,170.88,133.51,243.13,74.559,256
2020-12-11T00:00:00.000Z,280.13,390.83,351.45,339.27,364.75,26.401,63
2020-12-12T00:00:00.000Z,151.88,243.2,197.94,182.15,220.32,24.25,168
2020-12-13T00:00:00.000Z,24.67,269.63,206.57,100.85,226.75,79.471,291
2020-12-14T00:00:00.000Z,10.8,193.32,27.28,15.27,131.69,57.407,270
2020-12-15T00:00:00.000Z,7.97,43.15,22.73,13.48,29.45,8.953,287
2020-12-16T00:00:00.000Z,13.6,149.44,34.67,22.25,49.46,32.861,301
2020-12-17T00:00:00.000Z,12.73,39.65,24.35,21.11,29.19,5.957,272
2020-12-18T00:00:00.000Z,11,91.22,33.28,23.53,39.78,13.539,141
2020-12-19T00:00:00.000Z,35.29,52.85,43.07,40.1,45.78,4.29,68
2020-12-20T00:00:00.000Z,41.4,97.4,61.74,50.84,66.7,10.763,300
2020-12-21T00:00:00.000Z,59.7,120.63,89.8,70.16,99.43,15.493,293
2020-12-22T00:00:00.000Z,88.8,206.32,131.32,108.17,162.16,30.534,281
2020-12-23T00:00:00.000Z,83.78,165.93,123.75,106.56,143.99,22.411,301
2020-12-24T00:00:00.000Z,62.7,446.38,198.95,87.25,277.38,112.458,279
2020-12-25T00:00:00.000Z,104.23,312.23,158.32,138.38,187.47,47.882,302
2020-12-26T00:00:00.000Z,90.68,163.16,115.89,107.25,137.53,19.822,288
2020-12-27T00:00:00.000Z,93.32,1829.13,231.25,164.25,366.23,352.015,295
2020-12-28T00:00:00.000Z,37.7,149.1,91.9,80.33,111.15,26.616,286
2020-12-29T00:00:00.000Z,27.93,87.83,44.53,39.15,65.4,15.155,284
2020-12-30T00:00:00.000Z,20.85,57.05,37.42,25.93,47.55,10.887,282
2020-12-31T00:00:00.000Z,36.6,169.73,71.81,50.15,97.28,30.215,307
2021-01-01T00:00:00.000Z,40.65,244.13,90.3,60.47,212.9,76.245,293
2021-01-02T00:00:00.000Z,106.63,226.18,131.75,122.9,157.13,26.36,267
2021-01-03T00:00:00.000Z,72.59,180.13,113.21,94.27,152.75,31.318,278
2021-01-04T00:00:00.000Z,95.97,209.32,113.63,107.5,136.1,19.204,266
2021-01-05T00:00:00.000Z,158.35,279.87,203.77,173.28,234.49,35.608,261
2021-01-06T00:00:00.000Z,140.9,248.27,195.46,161.86,216.87,30.106,264
2021-01-07T00:00:00.000Z,11.07,238.32,58.38,39.88,138.94,71.32,267
2021-01-08T00:00:00.000Z,7.47,58.63,25.13,15.77,35,11.474,282
2021-01-09T00:00:00.000Z,27.83,51.45,39.46,36.88,41.63,4.244,278
2021-01-10T00:00:00.000Z,34.83,83.53,61.86,41.2,72.5,16,278
2021-01-11T00:00:00.000Z,32,76.56,49.7,42.88,59.89,10.194,256
2021-01-12T00:00:00.000Z,41.55,164.13,71.31,53.41,111.66,33.041,265
2021-01-13T00:00:00.000Z,97.82,190.23,115.57,108.22,132.3,22.652,259
2021-01-14T00:00:00.000Z,78.56,131.13,117.6,107.4,121.75,12.383,259
2021-01-15T00:00:00.000Z,81.83,343.83,126.55,101.83,157.77,51.544,275
2021-01-16T00:00:00.000Z,84.22,290.63,100.93,94.03,245.13,75.252,262
2021-01-17T00:00:00.000Z,45.95,243.35,71.53,61.07,129.65,57.781,245
2021-01-18T00:00:00.000Z,40.86,157.75,82.68,47.74,115.59,35.226,229
2021-01-19T00:00:00.000Z,81.4,143.85,108.77,95.99,124.17,16.857,212
2021-01-20T00:00:00.000Z,111.93,199.93,145.72,128.3,175.7,24.541,262
2021-01-21T00:00:00.000Z,175.55,337.27,223.97,205.43,285.42,43.079,242
2021-01-22T00:00:00.000Z,158.93,265.35,205.75,192.35,221.73,24.855,251
2021-01-23T00:00:00.000Z,188.02,402,212.91,201.97,255.88,43.809,252
2021-01-24T00:00:00.000Z,101.35,272.52,189.75,154.97,214.94,43.942,269
2021-01-25T00:00:00.000Z,46.7,123.47,100.95,72.88,106.55,21.516,235
2021-01-26T00:00:00.000Z,47.92,128.19,72.13,61.83,96.66,19.681,268
2021-01-27T00:00:00.000Z,32.42,68.43,45.5,41.04,49.75,7.433,245
2021-01-28T00:00:00.000Z,24.25,78.55,51.23,39.86,55.95,12.256,279
2021-01-29T00:00:00.000Z,64.2,200.05,130.38,115.1,176.02,39.914,258
2021-01-30T00:00:00.000Z,91.5,168.93,116.51,105.38,129.19,16.443,266
2021-01-31T00:00:00.000Z,47.58,119.43,86.68,61.1,97.07,19.932,275
2021-02-01T00:00:00.000Z,40.45,97.68,62.45,51.39,72.16,14.373,225
2021-02-02T00:00:00.000Z,37.77,165.38,108.16,80.79,127.05,32.796,244
2021-02-03T00:00:00.000Z,47.42,90.8,72.47,60.14,80.53,11.774,200
2021-02-04T00:00:00.000Z,64.06,225.02,85.57,76.38,159.05,47.33,257
2021-02-05T00:00:00.000Z,64.84,207.68,119.35,102.07,146.77,34.495,231
2021-02-06T00:00:00.000Z,47.5,219.07,124.15,101.3,160.72,45.17,237
2021-02-07T00:00:00.000Z,66.81,302.14,140.12,103,191.11,62.014,232
2021-02-08T00:00:00.000Z,3.33,278.13,27.23,8.77,161.9,82.148,247
2021-02-09T00:00:00.000Z,6.93,65.38,31.38,16.14,46.7,17.424,211
2021-02-10T00:00:00.000Z,42.92,70.72,54.41,48.84,60.18,7.403,68
2021-02-11T00:00:00.000Z,32.85,143.43,50.05,40.54,75.84,23.907,231
2021-02-12T00:00:00.000Z,38.25,100.97,60.97,46.85,71.02,16.315,269
2021-02-13T00:00:00.000Z,49.58,178,73.34,61.7,80.88,14.821,259
2021-02-14T00:00:00.000Z,50.67,130.5,79.95,66.31,89.78,16.725,235
2021-02-15T00:00:00.000Z,30.92,160.07,112.22,46.42,129.18,41.271,235
2021-02-16T00:00:00.000Z,28.73,173.6,97.36,62.39,126.33,40.557,228
2021-02-17T00:00:00.000Z,26.88,86.95,57,39.64,61.69,13.86,200
2021-02-18T00:00:00.000Z,61.63,281.33,121.46,74.56,216.95,73.635,264
2021-02-19T00:00:00.000Z,98.43,218.98,131.93,121.66,176.13,31.866,197
2021-02-21T00:00:00.000Z,60.83,104.35,75.78,71.03,86.2,9.418,159
2021-02-22T00:00:00.000Z,42.1,204.02,80.68,59.15,107.8,40.175,214
2021-02-23T00:00:00.000Z,61.33,183.65,98.7,88.8,110.25,19.222,226
2021-02-24T00:00:00.000Z,40.13,140.77,53.3,49.83,95.07,26.777,231
2021-02-25T00:00:00.000Z,37.28,128,58.09,50.67,87.81,24.085,224
2021-02-26T00:00:00.000Z,43.65,248.07,91.41,71.37,114.67,35.586,212
2021-02-27T00:00:00.000Z,47.4,118.15,83.38,70.03,93.73,16.585,252
2021-02-28T00:00:00.000Z,61.58,245.75,98.09,82.69,128.6,41.085,236
2021-03-01T00:00:00.000Z,30.73,143.97,82.07,66.63,96.85,27.233,226
2021-03-02T00:00:00.000Z,23.73,225.57,73.66,30.35,117.35,60.18,248
2021-03-03T00:00:00.000Z,65.65,254.15,109.93,95.82,135.25,46.159,225
2021-03-04T00:00:00.000Z,46.63,246.6,88.74,73.09,134.25,50.111,228
2021-03-05T00:00:00.000Z,74.55,205.32,118.29,96.67,150.16,32.619,244
2021-03-06T00:00:00.000Z,76.15,220.43,114.97,95.13,152.35,37.358,235
2021-03-07T00:00:00.000Z,74.55,288.14,134.3,94.38,186.82,54.349,259
2021-03-08T00:00:00.000Z,78.45,313.67,148.63,118.93,198.23,63.195,242
2021-03-09T00:00:00.000Z,46.88,119.3,78.31,64.19,90.32,17.872,240
2021-03-10T00:00:00.000Z,89.15,130.69,117.53,114.67,123.68,8.975,41
2021-03-11T00:00:00.000Z,59.42,149.65,88.18,73.29,106.5,19.98,69
2021-03-12T00:00:00.000Z,71.93,196.23,136.02,122.67,156.36,31.869,241
2021-03-13T00:00:00.000Z,69.05,192.45,137.56,98.37,154.34,33.087,244
2021-03-14T00:00:00.000Z,53,133.4,89.3,74.06,114,21.316,235
2021-03-15T00:00:00.000Z,36.85,114.07,70.25,51.4,82.86,21.177,217
2021-03-16T00:00:00.000Z,33.35,281.92,65.51,50.27,86.64,54.297,216
2021-03-17T00:00:00.000Z,57.35,122.72,89.45,79.58,96.76,13.56,249
2021-03-18T00:00:00.000Z,41.22,251.05,87.78,72.47,102.15,34.4,231
2021-03-19T00:00:00.000Z,33.7,149.57,51.97,47.85,58.45,21.033,227
2021-03-20T00:00:00.000Z,39.04,93.22,60.2,50.33,66.75,10.419,242
2021-03-21T00:00:00.000Z,8.25,44.45,23.39,15.54,28.58,8.726,228
2021-03-22T00:00:00.000Z,26.38,171.95,52.1,42.97,119.07,41.56,231
2021-03-23T00:00:00.000Z,53.9,175.13,101.54,84.25,129.97,28.13,298
2021-03-24T00:00:00.000Z,51.38,308.48,217.61,74.81,257.13,85.994,224
2021-03-25T00:00:00.000Z,180.68,304.7,225.08,209.2,244.45,26.834,218
2021-03-26T00:00:00.000Z,69.06,295.38,139.44,112.35,166.02,37.59,232
2021-03-27T00:00:00.000Z,43.45,180.52,78.55,60.33,103.19,29.423,241
2021-03-28T00:00:00.000Z,31.58,204.95,71.15,57.83,123.22,53.646,162
2021-03-29T00:00:00.000Z,136.8,235.77,171.98,162.69,188.81,20.717,188
2021-03-30T00:00:00.000Z,80.45,203.27,145.07,106.84,177.09,36.218,213
2021-03-31T00:00:00.000Z,88.57,201.65,117.68,108,150.82,31.229,195
2021-04-01T00:00:00.000Z,69.75,257.2,105.07,89.26,112.65,30.056,177
2021-04-02T00:00:00.000Z,20.7,138.88,52.97,36.17,80.63,25.448,199
2021-04-03T00:00:00.000Z,20.07,137.97,67.97,31.35,103.82,35.253,205
2021-04-04T00:00:00.000Z,28.65,177.77,68.18,45.2,116.55,41.412,207
2021-04-05T00:00:00.000Z,31.63,274.35,80.66,44.52,226.33,91.727,164
2021-04-06T00:00:00.000Z,62.78,240.45,97.55,77,126.93,52.113,239
2021-04-07T00:00:00.000Z,49.17,114.85,70.59,60.63,83.78,17.354,163
2021-04-08T00:00:00.000Z,28.7,97.68,45.97,42.3,54.3,10.196,187
2021-04-09T00:00:00.000Z,26.52,84.32,65.72,33.33,73.9,19.914,45
2021-04-10T00:00:00.000Z,99.88,311.39,263.02,241.73,289.08,61.031,73
2021-04-11T00:00:00.000Z,29.17,305.88,57.65,41.39,141.99,86.83,129
2021-04-12T00:00:00.000Z,26.17,117.47,48.36,39.15,65,22.164,122
2021-04-13T00:00:00.000Z,27.67,67.7,35.72,32.22,45.43,9.556,77
2021-04-14T00:00:00.000Z,31.95,59.92,47.05,42.64,51.11,6.283,68
2021-04-15T00:00:00.000Z,19.07,111.5,47.88,38.69,53.82,13.447,121
2021-04-16T00:00:00.000Z,19.85,90.95,50.13,32.97,59.97,16.959,127
2021-04-17T00:00:00.000Z,13.38,102.8,31.42,25.83,49.48,20.639,145
2021-04-18T00:00:00.000Z,60.1,191.77,131.43,92.08,156.44,36.332,129
2021-04-19T00:00:00.000Z,31.38,166.23,54.67,37.92,74.3,38.939,127
2021-04-20T00:00:00.000Z,37.78,77.05,52.08,45.58,62.03,9.479,126
2021-04-21T00:00:00.000Z,19.73,255.38,45.92,37.82,57.53,44.528,125
2021-04-22T00:00:00.000Z,35.08,79.97,49.61,43.29,55.15,8.692,116
2021-04-23T00:00:00.000Z,40.67,86.38,59.24,54.2,65.84,8.729,114
2021-04-24T00:00:00.000Z,4.43,123.15,49.92,17.5,62.97,28.732,126
2021-04-25T00:00:00.000Z,4.68,61.5,22.12,18.69,27.16,10.919,160
2021-04-26T00:00:00.000Z,13.88,94.35,40.63,24.84,59.36,21.657,132
2021-04-27T00:00:00.000Z,28.4,121.13,54.32,41.72,58.88,23.188,126
2021-04-28T00:00:00.000Z,10.9,63.07,29.97,23.65,50.5,14.933,90
2021-04-29T00:00:00.000Z,19.55,59.63,35.44,30.2,43.04,10.405,116
2021-04-30T00:00:00.000Z,23.73,207.63,43.64,33.42,72.83,40.205,100
2021-05-01T00:00:00.000Z,23.3,77.56,41.29,34.2,58.02,14.972,128
2021-05-02T00:00:00.000Z,6.78,72.22,28.6,11.29,39.11,20.412,125
2021-05-03T00:00:00.000Z,1,55.45,13.27,6.03,19.67,13.598,118
2021-05-04T00:00:00.000Z,1.08,52.78,8.44,3.4,16.14,12.182,118
2021-05-05T00:00:00.000Z,1.08,85.82,16.7,11.92,31.17,20.344,117
2021-05-06T00:00:00.000Z,15.13,132.1,77.66,49.83,91.88,27.725,106
2021-05-07T00:00:00.000Z,19.82,135.25,43.11,35.75,54.8,30.11,108
2021-05-08T00:00:00.000Z,29.05,157.13,45.53,38.67,56.75,21.553,116
2021-05-09T00:00:00.000Z,1.8,103.15,34.75,28.2,46.53,26.139,134
2021-05-10T00:00:00.000Z,2.15,69.53,24.8,3.72,44.78,20.98,98
2021-05-11T00:00:00.000Z,7.57,45.3,15.67,13.74,17.39,6.752,68
2021-05-12T00:00:00.000Z,14.57,79.63,46.25,24.06,54.25,16.426,109
2021-05-13T00:00:00.000Z,1,253.43,22.3,3.64,38.11,38.558,141
2021-05-14T00:00:00.000Z,1,52.3,17.84,11.49,39.84,15.656,124
2021-05-15T00:00:00.000Z,1.2,94.38,16.05,4.4,34,19.011,140
2021-05-16T00:00:00.000Z,1.85,48.53,11.8,4.25,18.7,12.34,133
2021-05-17T00:00:00.000Z,0.8,38.15,3.31,1.92,10.77,6.812,106
2021-05-18T00:00:00.000Z,1,11.38,3.17,2.08,4.75,2.427,31
2021-05-19T00:00:00.000Z,1.8,17.85,6.78,5.43,8.57,3.098,90
2021-05-20T00:00:00.000Z,1.1,29.98,3.2,1.62,7.68,6.343,125
2021-05-21T00:00:00.000Z,1.55,107.35,11.48,3.28,18.35,13.041,115
2021-05-22T00:00:00.000Z,3.05,61.9,10.14,7.7,30.83,15.477,58
2021-05-24T00:00:00.000Z,1.08,21.02,2.6,1.92,3.35,2.425,101
2021-05-25T00:00:00.000Z,0.8,126.68,5.32,2.04,59.71,39.17,161
2021-05-26T00:00:00.000Z,24.27,160.8,42.28,33.53,58.93,36.853,160
2021-05-27T00:00:00.000Z,4,65.4,35.29,25.5,42.03,13.931,151
2021-05-28T00:00:00.000Z,3.5,58.2,9.69,6.15,20.14,15.633,155
2021-05-29T00:00:00.000Z,3.15,65.31,7.6,4.5,26.42,17.235,135
2021-05-30T00:00:00.000Z,2.75,114.72,10.09,6.75,25.69,31.949,164
2021-05-31T00:00:00.000Z,1.73,102.57,15.49,8.01,33.17,23.646,132
2021-06-01T00:00:00.000Z,1.25,123.8,7.97,4.78,15.32,26.904,172
2021-06-02T00:00:00.000Z,3.25,106.32,11.8,7.15,25.13,25.549,147
2021-06-03T00:00:00.000Z,1.98,184.57,11.23,8.88,35.24,35.417,145
2021-06-04T00:00:00.000Z,2.54,27.7,5.93,4.7,11.07,4.632,155
2021-06-05T00:00:00.000Z,3.63,148.63,36.22,28.85,47.63,24.782,155
2021-06-06T00:00:00.000Z,10,97.55,33.19,21.43,58.65,24.498,184
2021-06-07T00:00:00.000Z,1.35,35.83,9.4,5.91,15.91,7.181,305
2021-06-08T00:00:00.000Z,0.9,38.22,14.88,10.02,18.7,7.203,229
2021-06-09T00:00:00.000Z,16.3,73.65,36.72,27.4,55.33,15.754,251
2021-06-10T00:00:00.000Z,5.75,53.03,25.57,18.67,40.88,12.789,168
2021-06-11T00:00:00.000Z,2.2,82.45,10.68,6.07,15.88,12.036,174
2021-06-12T00:00:00.000Z,1.1,46.72,7.86,2.54,19.07,10.013,154
2021-06-13T00:00:00.000Z,0.47,16.2,3.95,1.89,6.26,3.089,152
2021-06-14T00:00:00.000Z,1.3,37.17,10.23,3.42,18.13,8.895,189
2021-06-15T00:00:00.000Z,0.5,31.38,5.83,2.42,10.52,6.157,194
2021-06-16T00:00:00.000Z,1.1,26.25,4.59,3.24,7.47,4.146,169
2021-06-17T00:00:00.000Z,0.93,35.65,3.74,2.9,7.4,4.209,234
2021-06-18T00:00:00.000Z,1.1,25.38,7.82,4.25,12.6,5.238,233
2021-06-19T00:00:00.000Z,1.2,39.6,7.87,4.42,12.53,6.411,260
2021-06-20T00:00:00.000Z,2,133.52,8.3,4.28,18.94,19.961,289
2021-06-21T00:00:00.000Z,2.13,30.42,6.7,5.2,11.57,6.575,267
2021-06-22T00:00:00.000Z,1.2,27.13,11.85,5.18,15.43,6.203,218
2021-06-23T00:00:00.000Z,0.82,25.95,6.43,2.33,10.64,5.052,280
2021-06-24T00:00:00.000Z,1.3,26.77,6.8,3.16,9.57,4.83,245
2021-06-25T00:00:00.000Z,0.6,58.6,4,1.92,16.98,12.121,291
2021-06-26T00:00:00.000Z,0.5,12.95,3.45,1.83,5.25,2.416,299
2021-06-27T00:00:00.000Z,1.23,30.77,3.38,2.29,8.68,5.858,297
2021-06-28T00:00:00.000Z,1.2,16.52,4.22,2.97,6.1,2.446,283
2021-06-29T00:00:00.000Z,1.65,57.3,6.24,3.92,12,12.738,308
2021-06-30T00:00:00.000Z,7.72,36.9,15.82,13.45,19.23,5.068,286
2021-07-01T00:00:00.000Z,12.68,23.17,17.29,15.65,18.92,2.806,24
2021-07-07T00:00:00.000Z,0.8,32.75,9.98,4.63,18.89,7.892,162
2021-07-08T00:00:00.000Z,0.6,20.6,4.25,2.63,6.14,2.745,260
2021-07-09T00:00:00.000Z,1.14,40.17,7.82,5.39,11.59,6.806,300
2021-07-10T00:00:00.000Z,1.92,192.2,7.04,3.42,17.64,19.433,298
2021-07-11T00:00:00.000Z,1.6,412.35,6.22,3.44,25.2,74.541,329
2021-07-12T00:00:00.000Z,1.8,27.88,8.6,4.47,12.3,5.204,243
2021-07-13T00:00:00.000Z,1.88,35.17,7.07,3.97,14.8,7.885,227
2021-07-14T00:00:00.000Z,1.48,49.92,5,3.08,15.15,10.153,247
2021-07-15T00:00:00.000Z,0.9,59.83,4.46,2.4,9.98,8.278,272
2021-07-16T00:00:00.000Z,1.52,47.78,9.05,2.75,13.1,9.483,252
2021-07-17T00:00:00.000Z,1.52,99.5,8.9,3.5,21.3,15.165,294
2021-07-18T00:00:00.000Z,1.88,35.58,9.02,6.6,11.13,4.405,262
2021-07-19T00:00:00.000Z,6.63,107.47,14.76,11,20.17,14.48,226
2021-07-20T00:00:00.000Z,3.85,44.88,12.77,9.02,22.14,9.701,252
2021-07-21T00:00:00.000Z,2.7,81.45,6.04,4.59,8.43,5.748,270
2021-07-22T00:00:00.000Z,2.2,66.97,11.5,7.65,20.98,13.735,231
2021-07-23T00:00:00.000Z,1.1,34.54,3.92,2.8,8.52,6.804,214
2021-07-24T00:00:00.000Z,2.2,34.63,6.35,4.65,10.25,5.958,255
2021-07-25T00:00:00.000Z,2.47,37.17,10.57,4.25,19.5,9.228,295
2021-07-26T00:00:00.000Z,2.02,44.03,6.09,3.87,9.82,6.498,300
2021-07-27T00:00:00.000Z,1.98,21.9,7.18,3.75,10.05,3.962,298
2021-07-28T00:00:00.000Z,1.6,30.2,8.94,6.13,12.55,5.295,282
2021-07-29T00:00:00.000Z,2.6,84.63,9.01,4.59,12.63,11.811,290
2021-07-30T00:00:00.000Z,2.33,124.75,10.3,5.8,20.45,23.015,229
2021-07-31T00:00:00.000Z,0.5,164.32,10.25,4.08,19.98,20.834,253
2021-08-01T00:00:00.000Z,0.3,68.28,4.55,2.5,7.32,11.084,255
2021-08-02T00:00:00.000Z,1.83,23.27,9.1,7.31,11.1,3.598,241
2021-08-03T00:00:00.000Z,5.55,107.3,17.75,8.28,25.53,16.533,253
2021-08-04T00:00:00.000Z,5.75,48.25,18.16,10.21,25.83,9.24,168
2021-08-05T00:00:00.000Z,4.7,86.35,12.27,9.81,16.02,12.036,257
2021-08-06T00:00:00.000Z,1.2,52.88,8.38,3.21,12.87,8.233,301
2021-08-07T00:00:00.000Z,1.2,336.3,10.18,5.17,26.29,26.524,304
2021-08-08T00:00:00.000Z,8.69,91.05,15.15,12.05,18.85,14.987,279
2021-08-09T00:00:00.000Z,1.38,80.55,23.86,14.38,33.58,14.933,226
2021-08-10T00:00:00.000Z,1.25,37.83,3.69,1.98,7.34,6.362,296
2021-08-11T00:00:00.000Z,0.8,26.65,3.67,2.27,6.18,4.214,228
2021-08-12T00:00:00.000Z,0.6,60.2,2.14,1.3,12.02,11.373,286
2021-08-13T00:00:00.000Z,1.33,33.4,7.05,5.15,11.3,6.014,511
2021-08-14T00:00:00.000Z,1.8,50.83,4.8,3.13,7.92,8.055,428
2021-08-15T00:00:00.000Z,1.6,43.92,8.38,3.29,14.9,8.122,449
2021-08-16T00:00:00.000Z,1.6,43.9,8.07,3.95,12.58,7.029,497
2021-08-17T00:00:00.000Z,1.42,38.42,6.1,3.03,9.75,6.37,523
2021-08-18T00:00:00.000Z,0.8,22.92,2.38,1.6,4.53,4.082,447
2021-08-19T00:00:00.000Z,0.9,31.15,5.25,2.83,9.06,4.95,525
2021-08-20T00:00:00.000Z,1.6,39.33,5.38,3.38,10.91,8.182,496
2021-08-21T00:00:00.000Z,1.6,35.29,5.82,3.53,12.87,7.137,532
2021-08-22T00:00:00.000Z,2.4,78.18,10.7,4.58,20.48,14.574,497
2021-08-23T00:00:00.000Z,2.83,48.15,11.6,6.5,16.51,8.285,537
2021-08-24T00:00:00.000Z,3,64.4,9.93,6.4,15.32,8.883,507
2021-08-25T00:00:00.000Z,2.25,29.33,5.86,3.47,9.28,5.6,508
2021-08-26T00:00:00.000Z,1.2,13.55,3.1,2.25,4.28,1.831,357
2021-08-27T00:00:00.000Z,0.7,31.33,4.5,2.2,7.77,4.453,385
2021-08-28T00:00:00.000Z,1.2,33.79,5.34,2.5,20.27,10.051,354
2021-08-29T00:00:00.000Z,1.52,343.92,6.4,3.35,15.3,30.589,376
2021-08-30T00:00:00.000Z,1.23,24.17,7.45,4.43,10.38,4.444,507
2021-08-31T00:00:00.000Z,1.1,43.63,6.7,3.75,11.18,6.649,518
2021-09-01T00:00:00.000Z,1.2,35.79,6.9,3.7,13.2,6.811,511
2021-09-02T00:00:00.000Z,0.9,29.17,8.02,5.03,14.13,6.403,511
2021-09-03T00:00:00.000Z,3.75,50.97,8.8,5.35,16.67,10.299,536
2021-09-04T00:00:00.000Z,1.2,36,4.7,2.83,9.19,6.743,498
2021-09-05T00:00:00.000Z,0.43,17,1.98,1.2,4.15,2.959,442
2021-09-06T00:00:00.000Z,0.7,43.6,4.88,2.45,11.46,10.067,437
2021-09-07T00:00:00.000Z,1.9,27.67,5.63,3.15,11.3,5.642,423
2021-09-08T00:00:00.000Z,0.25,26.67,3.2,1.7,7.13,4.91,518
2021-09-09T00:00:00.000Z,0.2,36.97,7.55,5.6,10.93,4.816,459
2021-09-10T00:00:00.000Z,1.77,43.58,8.07,3.97,14.9,7.736,495
2021-09-11T00:00:00.000Z,1.5,99.97,10.98,8.88,20.83,17.777,539
2021-09-12T00:00:00.000Z,7.03,138.3,21.65,12.48,37.96,22.511,533
2021-09-13T00:00:00.000Z,3.35,47.5,12.4,5.15,19.45,9.233,523
2021-09-14T00:00:00.000Z,1.1,30.45,5.18,3.66,10.5,5.905,529
2021-09-15T00:00:00.000Z,0.7,60.1,16.67,5.14,41.73,18.972,525
2021-09-16T00:00:00.000Z,6.8,35.7,15.54,11.93,22.65,6.753,528
2021-09-17T00:00:00.000Z,2.25,60.88,13.75,7.2,19.13,9.146,548
2021-09-18T00:00:00.000Z,2.42,80.4,17.92,12.3,23.65,14.385,543
2021-09-19T00:00:00.000Z,2.4,72.2,16.13,8.38,31.78,14.723,541
2021-09-20T00:00:00.000Z,4.47,105.55,25.85,14.36,41,20.196,529
2021-09-21T00:00:00.000Z,4.65,80.15,28.09,17.95,54.05,21.066,534
2021-09-22T00:00:00.000Z,2.8,166.6,14.85,6.93,22.67,23.313,523
2021-09-23T00:00:00.000Z,3.15,32.75,14.62,6.75,22.07,7.816,536
2021-09-24T00:00:00.000Z,1.85,73.45,13.65,4.03,25.77,17.57,527
2021-09-25T00:00:00.000Z,2.27,29.02,18.45,15.34,21.79,5.065,548
2021-09-26T00:00:00.000Z,9.63,36.58,14.76,12.4,19.07,4.385,550
2021-09-27T00:00:00.000Z,13,190.93,51.23,20,76.47,42.028,458
2021-09-28T00:00:00.000Z,10.6,182.5,26.58,22.23,47.9,45.09,527
2021-09-29T00:00:00.000Z,4.32,167,30.54,15.99,52.24,34.567,528
2021-09-30T00:00:00.000Z,3,73.72,9.19,4.67,18.43,12.745,525
2021-10-01T00:00:00.000Z,1.77,57.97,18,7.97,29.83,13.308,525
2021-10-02T00:00:00.000Z,3.03,93.82,22.08,11.48,44.95,21.203,546
2021-10-03T00:00:00.000Z,3.83,137.32,29.58,12.35,67.09,35.473,543
2021-10-04T00:00:00.000Z,3.1,60.83,25.52,18.51,33.65,11.31,537
2021-10-05T00:00:00.000Z,2.13,61.97,10.99,6.45,34.5,16.303,558
2021-10-06T00:00:00.000Z,2.95,144.3,54.21,21.78,76.5,34.534,544
2021-10-07T00:00:00.000Z,10.82,124.93,46.7,25.05,106.76,40.513,553
2021-10-08T00:00:00.000Z,10.13,101.7,32.28,24.35,48.83,20.596,543
2021-10-09T00:00:00.000Z,3.13,97.65,25.78,18.48,42.31,26.13,532
2021-10-10T00:00:00.000Z,1.5,41.9,13.9,8.19,23.1,9.054,539
2021-10-11T00:00:00.000Z,3.75,69.9,12.98,8.31,22.98,16.619,549
2021-10-12T00:00:00.000Z,5.6,47.85,20.65,14.8,29.17,9.244,553
2021-10-13T00:00:00.000Z,4.57,50.13,16.37,11.95,21.35,8.75,530
2021-10-14T00:00:00.000Z,2.63,21.65,8.48,6.2,11.95,4.077,540
2021-10-15T00:00:00.000Z,1.7,21.95,10.24,6.22,12.93,4.423,546
2021-10-16T00:00:00.000Z,1.8,26.15,9.23,4.95,16.73,6.39,553
2021-10-17T00:00:00.000Z,12.13,34.4,17.38,15.45,20,4.243,318
2021-10-18T00:00:00.000Z,9.43,83.43,16.43,13.23,23.67,22.063,518
2021-10-19T00:00:00.000Z,50.75,238.18,98.14,81.05,165.89,51.354,548
2021-10-20T00:00:00.000Z,46.47,373.4,116.64,65.43,187.52,72.565,534
2021-10-21T00:00:00.000Z,4.32,149,21,13.8,30.49,31.656,552
2021-10-22T00:00:00.000Z,6.72,40.04,17.63,14.24,23.17,7.169,556
2021-10-23T00:00:00.000Z,14.98,122.18,40.25,30.83,53.17,23.634,551
2021-10-24T00:00:00.000Z,27.02,159.4,71.01,44.35,112.07,39.793,542
2021-10-25T00:00:00.000Z,49.63,228.55,97.57,60.65,130,39.143,381
2021-10-27T00:00:00.000Z,63.55,485.92,254.2,114.15,306.92,107.504,315
2021-10-28T00:00:00.000Z,7.97,190.38,64.98,36.54,110.54,47.279,508
2021-10-29T00:00:00.000Z,5.53,46.47,22.97,17,37.42,11.518,546
2021-10-30T00:00:00.000Z,7.28,76.81,16.2,12.19,28.62,16.129,549
2021-10-31T00:00:00.000Z,20,118.65,67.65,34.92,89.25,27.39,547
2021-11-01T00:00:00.000Z,14.88,51.5,30.7,23.65,35.78,7.878,467
2021-11-02T00:00:00.000Z,26.2,107.8,51.1,35.24,66.48,21.162,485
2021-11-03T00:00:00.000Z,50.13,805.88,103.58,93.05,120.15,105.935,542
2021-11-04T00:00:00.000Z,24.77,151,81.16,48.77,95.45,30.114,556
2021-11-05T00:00:00.000Z,30.3,162.69,64.69,54.95,70.48,25.893,560
2021-11-06T00:00:00.000Z,35.03,99.13,54.33,47.65,65.68,13.371,551
2021-11-07T00:00:00.000Z,9.15,84.22,40.13,28.4,46.4,15.861,543
2021-11-08T00:00:00.000Z,7.43,73.05,23.73,13.78,37.03,14.777,445
2021-11-09T00:00:00.000Z,13.77,80.95,26.72,21.58,36.63,12.668,516
2021-11-10T00:00:00.000Z,17.85,169.43,54.7,29.7,114.14,48.155,489
2021-11-11T00:00:00.000Z,26.13,197.93,111,73.83,138.47,43.568,453
2021-11-12T00:00:00.000Z,30.95,149.47,53.95,46.77,67.79,20.063,453
2021-11-13T00:00:00.000Z,42,199.8,96.95,58.78,141.97,44.766,527
2021-11-14T00:00:00.000Z,47.35,254.05,136.19,70.98,181.98,60.542,513
2021-11-15T00:00:00.000Z,99.9,321.73,161.97,140.87,185.21,51.146,485
2021-11-16T00:00:00.000Z,155.07,459.38,268.44,229.7,355.02,80.339,494
2021-11-17T00:00:00.000Z,7.13,334.77,33.19,21.08,46.6,54.521,406
2021-11-18T00:00:00.000Z,36.2,274.35,113.05,53.22,179.62,68.013,509
2021-11-19T00:00:00.000Z,97,269.17,187,157.25,223.23,44.282,447
2021-11-20T00:00:00.000Z,56.8,309.14,92.6,73.2,203.19,72.632,517
2021-11-21T00:00:00.000Z,9.4,110.32,59.13,47.33,71.34,20.348,530
2021-11-22T00:00:00.000Z,5.53,64.84,18.98,12.18,29.27,11.215,539
2021-11-23T00:00:00.000Z,21.05,83.53,33.88,29.85,42.53,14.564,539
2021-11-24T00:00:00.000Z,23.05,93.35,55.15,42.63,66.63,14.652,554
2021-11-25T00:00:00.000Z,44.22,161.43,76.56,55.23,110.37,32.715,529
2021-11-26T00:00:00.000Z,48.63,203.23,103.1,75.93,158.02,40.781,541
2021-11-27T00:00:00.000Z,61.53,154.94,93.02,77.95,112.38,23.162,536
2021-11-28T00:00:00.000Z,57.88,336.58,131.88,80.31,209.23,78.597,534
2021-11-29T00:00:00.000Z,50.03,273.25,109.6,83.93,168.52,54.268,527
2021-11-30T00:00:00.000Z,35.29,109.63,65.18,56.34,81.42,18.484,537
2021-12-01T00:00:00.000Z,34.47,590.58,95.78,54.25,156.43,85.607,526
2021-12-02T00:00:00.000Z,35.85,292.95,111.95,70.72,182.66,68.476,529
2021-12-03T00:00:00.000Z,36.97,183.98,100.45,57.72,138.19,40.713,235
2021-12-04T00:00:00.000Z,43.35,325.63,166.12,103.85,201.32,71.225,514
2021-12-05T00:00:00.000Z,47.55,363.27,193.77,103.45,294.75,100.223,501
2021-12-06T00:00:00.000Z,38.58,378.65,157.6,86.43,195.95,83.669,543
2021-12-07T00:00:00.000Z,67.72,511.58,145.82,117.07,200.44,97.002,540
2021-12-08T00:00:00.000Z,94.7,377.5,228.55,149.62,293.38,78.424,516
2021-12-09T00:00:00.000Z,115.82,315.77,218.83,192.38,252.73,38.914,534
2021-12-10T00:00:00.000Z,134.25,300.05,208.96,177.93,247.88,43.304,530
2021-12-11T00:00:00.000Z,99.63,367.95,155.72,136.94,218.73,58.081,542
2021-12-12T00:00:00.000Z,15.77,279.95,133.6,38.5,189.14,82.234,516
2021-12-13T00:00:00.000Z,25.4,230.3,86.35,37.75,134.27,60.845,510
2021-12-14T00:00:00.000Z,94.97,308.25,143.9,115.75,199.48,52.885,524
2021-12-15T00:00:00.000Z,148.63,491.88,323.13,232.77,402.1,89.585,527
2021-12-16T00:00:00.000Z,188.63,436.65,338.58,275.88,366.63,56.067,510
2021-12-17T00:00:00.000Z,34.5,326.7,97.72,56.13,139.63,69.735,509
2021-12-18T00:00:00.000Z,42.17,171.55,77.75,56.84,97.13,27.709,513
2021-12-19T00:00:00.000Z,51.08,410.85,100.82,67.31,162.93,70.109,528
2021-12-20T00:00:00.000Z,49.08,177.43,90.78,71.03,108.27,29.554,517
2021-12-21T00:00:00.000Z,75.81,420.8,180.38,102.65,277.2,95.073,527
2021-12-22T00:00:00.000Z,91.75,362.5,168.7,139.94,226.35,63.734,527
2021-12-23T00:00:00.000Z,114.85,307.25,202.57,161.29,223.55,41.694,505
2021-12-24T00:00:00.000Z,149.13,461.08,336.33,242.5,420.6,99.345,531
2021-12-25T00:00:00.000Z,138.19,417.48,196.9,181.02,279.42,76.963,507
2021-12-26T00:00:00.000Z,10.98,215.4,146.88,41.17,174.73,67.929,534
2021-12-27T00:00:00.000Z,9.6,88.3,39.35,34.47,47.9,16.845,539
2021-12-28T00:00:00.000Z,42.95,177.35,75.68,58.45,120.03,38.968,542
2021-12-29T00:00:00.000Z,22.77,124.68,52.9,35.59,86.83,28.713,537
2021-12-30T00:00:00.000Z,43.42,112.53,82.25,59.33,90.05,16.762,539
2021-12-31T00:00:00.000Z,63.03,182.23,107.7,88.15,128.18,24.103,543
2022-01-01T00:00:00.000Z,31.2,312.05,124.42,65.7,176.54,70.661,552
2022-01-02T00:00:00.000Z,31.95,455.05,192.31,88.34,318.45,132.87,548
2022-01-03T00:00:00.000Z,130.38,456.27,281.13,258.17,356.52,74.352,545
2022-01-04T00:00:00.000Z,101.5,597.22,156.56,137.81,289.58,151.483,552
2022-01-05T00:00:00.000Z,78.97,240.83,143.97,130.34,164.17,34.959,556
2022-01-06T00:00:00.000Z,71.25,217.23,114.39,92.49,141.69,30.724,560
2022-01-07T00:00:00.000Z,68.45,213.65,151.76,120.85,173.35,36.868,550
2022-01-08T00:00:00.000Z,85.18,336,139.75,110.76,194.18,61.632,517
2022-01-09T00:00:00.000Z,40.04,131.44,61.83,51.75,84.05,20.303,507
2022-01-10T00:00:00.000Z,42.97,189.65,87.7,63.37,115.85,34.972,512
2022-01-11T00:00:00.000Z,37.54,205.6,77.88,51.17,115.2,43.528,538
2022-01-12T00:00:00.000Z,73.47,343.88,128.27,96.79,163.86,61.74,545
2022-01-13T00:00:00.000Z,67.03,214.75,98.1,82.28,146.1,39.985,535
2022-01-14T00:00:00.000Z,217.77,465.2,289.1,264.7,320.62,58.37,521
2022-01-15T00:00:00.000Z,257.23,467.92,315.72,287.8,346.63,46.655,538
2022-01-16T00:00:00.000Z,6.28,301.75,165.2,20.99,230.26,100.613,541
2022-01-17T00:00:00.000Z,6.4,65.72,32.28,22.63,45.72,13.394,546
2022-01-18T00:00:00.000Z,50.83,224.73,86.57,64.73,111.56,29.7,545
2022-01-19T00:00:00.000Z,49.33,223.32,80.68,66.38,121.13,40.34,535
2022-01-20T00:00:00.000Z,96.65,274.5,188.09,157.74,212.19,35.034,548
2022-01-21T00:00:00.000Z,70.4,276.35,159.57,117.56,239.67,66.084,521
2022-01-22T00:00:00.000Z,144.02,336.48,213.68,191.52,246.95,40.237,535
2022-01-23T00:00:00.000Z,71.2,342.58,223.73,122.75,287.74,82.9,532
2022-01-24T00:00:00.000Z,38.54,262.45,87.42,75.08,170.99,63.061,552
2022-01-25T00:00:00.000Z,63.35,250.57,146.07,132.54,169.65,31.739,545
2022-01-26T00:00:00.000Z,90.65,311.25,130.13,116.43,156.25,33.905,515
2022-01-27T00:00:00.000Z,51.92,185.6,104.45,81.15,121.89,27.697,553
2022-01-28T00:00:00.000Z,60.35,174.23,96,76.33,108.03,25.746,556
2022-01-29T00:00:00.000Z,8.8,201.93,21.1,14.17,52.45,59.307,553
2022-01-30T00:00:00.000Z,12.2,281.75,47.29,25.38,74.13,36.049,548
2022-01-31T00:00:00.000Z,9.73,73.06,23.59,15.6,33.38,15.02,546
2022-02-01T00:00:00.000Z,22.45,96.95,43.4,38.17,49.3,13.934,519
2022-02-02T00:00:00.000Z,12.68,190.98,22.5,19.17,38.29,26.017,523
2022-02-03T00:00:00.000Z,18.63,94.28,50.59,44.42,68.15,16.183,524
2022-02-04T00:00:00.000Z,38.53,122.35,64.3,51.28,74.75,16.239,526
2022-02-05T00:00:00.000Z,67.09,190.88,124.57,78.72,152.57,36.601,531
2022-02-06T00:00:00.000Z,81.95,215.52,134.43,101.7,149.88,31.479,519
2022-02-07T00:00:00.000Z,107.45,339.6,177.43,154.18,215.02,39.592,530
2022-02-08T00:00:00.000Z,16.45,114.03,61.75,26.14,73.2,27.405,517
2022-02-09T00:00:00.000Z,18.38,191.6,42.72,35.49,57.12,34.279,500
2022-02-10T00:00:00.000Z,50.45,180.13,136.72,114.25,150.94,31.173,498
2022-02-11T00:00:00.000Z,84.28,298.1,137.8,118.5,198.57,53.991,510
2022-02-12T00:00:00.000Z,18.17,95.6,47.03,31.22,76.16,23.22,532
2022-02-13T00:00:00.000Z,5.97,105.85,20.58,12.32,45.1,24.542,539
2022-02-14T00:00:00.000Z,36,141.05,74.81,47.46,116.56,33.176,557
2022-02-15T00:00:00.000Z,78.5,169.1,124.11,102.13,138.6,22.268,554
2022-02-16T00:00:00.000Z,89.97,280.39,199.25,168.42,221.39,48.97,557
2022-02-17T00:00:00.000Z,46.9,477.6,227.27,160.21,336.06,112.883,549
2022-02-18T00:00:00.000Z,3.25,264.89,94,45.95,145.29,68.309,544
2022-02-19T00:00:00.000Z,3.72,298.27,11.11,7.53,37,52.367,548
2022-02-20T00:00:00.000Z,7.95,171.88,20.52,17.25,30.85,30.204,549
2022-02-21T00:00:00.000Z,13.23,41.88,21.87,18.26,27.07,5.967,548
2022-02-22T00:00:00.000Z,17.02,72.97,30.1,26.9,36.35,10.088,555
2022-02-23T00:00:00.000Z,25.15,125.6,57.72,36.22,75.76,24.774,552
2022-02-24T00:00:00.000Z,33.9,221.48,91.48,59.3,114.4,42.804,558
2022-02-25T00:00:00.000Z,100.32,235.43,145.63,130.07,175.38,29.813,559
2022-02-26T00:00:00.000Z,169.82,442.17,233.55,206.05,383.5,87.441,558
2022-02-27T00:00:00.000Z,259.39,410.45,343.39,288.17,369.27,42.495,562
2022-02-28T00:00:00.000Z,158.02,372.52,220.81,200.13,253.82,55.235,556
2022-03-01T00:00:00.000Z,147.32,364.25,219.54,191.98,272.52,52.958,562
2022-03-02T00:00:00.000Z,76.9,446.88,299.44,214.13,343.4,101.212,554
2022-03-03T00:00:00.000Z,68.97,398.58,117.15,99.15,154.27,89.386,558
2022-03-04T00:00:00.000Z,89.72,163.52,120.72,109.25,134.43,16.42,555
2022-03-05T00:00:00.000Z,65.22,159.57,119.47,98.8,136.8,23.147,563
2022-03-06T00:00:00.000Z,23.4,133.97,75.28,59.72,101.82,27.566,545
2022-03-07T00:00:00.000Z,52.33,308.5,105.22,74.88,148.07,72.531,562
2022-03-08T00:00:00.000Z,24.35,283.35,72.14,48.99,94.38,66.176,556
2022-03-09T00:00:00.000Z,43.6,129.5,86.01,73.56,102,19.013,554
2022-03-10T00:00:00.000Z,42.08,147.9,63.45,55.95,76.72,17.78,554
2022-03-11T00:00:00.000Z,50.28,126.5,77.75,71.9,95.05,15.039,550
2022-03-12T00:00:00.000Z,35.97,112.72,62.7,50.11,75.47,16.955,545
2022-03-13T00:00:00.000Z,46.17,139.77,70.95,62.03,96.88,22.626,549
2022-03-14T00:00:00.000Z,50.22,267.33,83.56,66.86,102.1,45.119,552
2022-03-15T00:00:00.000Z,74.59,282.13,191.1,110.48,226.52,60.459,556
2022-03-16T00:00:00.000Z,57.6,253.6,105.1,81.02,142.3,35.47,556
2022-03-17T00:00:00.000Z,69.13,471.23,105.5,88.01,147.3,64.206,553
2022-03-18T00:00:00.000Z,58.1,213.13,130,104.89,160.88,36.391,541
2022-03-19T00:00:00.000Z,70.22,340.9,102.79,92.99,118.02,48.228,556
2022-03-20T00:00:00.000Z,56.15,752.28,98.8,75.83,119.82,38.369,549
2022-03-21T00:00:00.000Z,69.18,305.6,127.78,103.68,189.65,54.422,535
2022-03-22T00:00:00.000Z,6.18,302.95,117.53,85.7,166.75,66.38,559
2022-03-23T00:00:00.000Z,4.4,146.94,26.85,14.72,43.35,35.06,548
2022-03-24T00:00:00.000Z,86.55,244.55,137.43,110.05,168.25,36.648,544
2022-03-25T00:00:00.000Z,85.5,409.9,211.23,133.68,283.42,81.325,555
2022-03-26T00:00:00.000Z,62.47,485.48,226.32,111.85,282.77,97.168,526
2022-03-27T00:00:00.000Z,23.27,158.19,44.96,33.46,59.34,22.933,548
2022-03-28T00:00:00.000Z,36.83,175.15,105.53,52.58,140.27,43.798,558
2022-03-29T00:00:00.000Z,74.88,782.72,154.91,124.47,203.13,69.353,550
2022-03-30T00:00:00.000Z,39.88,323.85,107.8,85.71,257.83,88.12,552
2022-03-31T00:00:00.000Z,5.47,573.78,166.77,12.77,306.08,144.462,560
2022-04-01T00:00:00.000Z,7.28,56.38,18.68,15.06,24.3,7.894,548
2022-04-02T00:00:00.000Z,6.63,529.88,42.58,24.5,58.85,62.074,519
2022-04-03T00:00:00.000Z,23.13,160.02,51.75,37.67,65.34,29.703,561
2022-04-04T00:00:00.000Z,34.4,153.75,67.73,55.45,85.15,24.617,558
2022-04-05T00:00:00.000Z,59.38,325.02,98.65,76.93,141.85,40.809,559
2022-04-06T00:00:00.000Z,93.55,381.17,184.75,141.69,315.74,84.948,556
2022-04-07T00:00:00.000Z,36.9,347.5,116.42,71.4,152.55,72.789,554
2022-04-08T00:00:00.000Z,85.68,281.39,151.15,135.9,165.28,42.269,553
2022-04-09T00:00:00.000Z,44.22,282.8,98.65,67.38,124.2,42.307,523
2022-04-10T00:00:00.000Z,45.05,128.27,93.68,69.52,106.49,22.321,561
2022-04-11T00:00:00.000Z,65.75,177.63,93.2,78.97,111.03,22.498,559
2022-04-12T00:00:00.000Z,44.63,176.18,81.59,60.28,137.43,39.352,563
2022-04-13T00:00:00.000Z,74.45,305.2,147.72,132.44,180.82,39.126,557
2022-04-14T00:00:00.000Z,52.63,171.32,84.9,71.38,115.88,31.556,547
2022-04-15T00:00:00.000Z,66.43,170.68,100.25,83.67,121.29,22.93,537
2022-04-16T00:00:00.000Z,13.5,343.75,38.75,23.08,72.81,38.628,528
2022-04-17T00:00:00.000Z,1.7,50.3,20.67,11.14,29.62,11.186,525
2022-04-18T00:00:00.000Z,5.6,191.07,29.71,23.16,34.36,26.368,524
2022-04-19T00:00:00.000Z,28,107.65,46.7,38.59,61.21,16.521,289
2022-04-20T00:00:00.000Z,64.81,190.82,158.18,121.94,168.8,36.61,272
2022-04-21T00:00:00.000Z,91.03,208.3,140.21,127.33,154.66,20.65,280
2022-04-22T00:00:00.000Z,58.2,191.07,86.68,77.25,132.57,35.567,278
2022-04-23T00:00:00.000Z,39.03,143.85,76.88,60.15,100.4,26.966,278
2022-04-24T00:00:00.000Z,48.78,156.22,91.53,68.33,116.84,29.087,280
2022-04-25T00:00:00.000Z,38.79,181.65,66.97,56.65,124.29,41.444,273
2022-04-26T00:00:00.000Z,26.63,168.7,56.12,40.61,106.86,36.253,276
2022-04-27T00:00:00.000Z,28.15,91.47,50.03,42.9,60.33,12.564,272
2022-04-28T00:00:00.000Z,31,190.05,68.44,59.38,77.59,20.973,274
2022-04-29T00:00:00.000Z,50.5,125.4,80.39,73.63,88.78,11.482,274
2022-04-30T00:00:00.000Z,4,132.52,26.23,21,36.82,26.015,277
2022-05-01T00:00:00.000Z,2.8,24.92,9.15,5.88,12.61,5.012,273
2022-05-02T00:00:00.000Z,14.25,46.4,23.99,18.57,29.08,6.44,270
2022-05-03T00:00:00.000Z,16.43,164.77,51.65,31.25,63.72,22.345,274
2022-05-04T00:00:00.000Z,29.23,210.25,87.78,58.14,129.97,42.504,280
2022-05-05T00:00:00.000Z,49.35,186.02,81.04,72.18,95.13,22.986,274
2022-05-06T00:00:00.000Z,31.35,197.2,85.4,52.38,104.1,35.449,275
2022-05-07T00:00:00.000Z,6.63,116.75,48.11,28.42,65.75,24.761,278
2022-05-08T00:00:00.000Z,7.7,67.3,39.83,32,47.85,12.221,267
2022-05-09T00:00:00.000Z,29.48,329.85,55.78,45,64.5,33.879,275
2022-05-10T00:00:00.000Z,27.6,80.53,50.25,41.72,56.44,11.166,273
2022-05-11T00:00:00.000Z,11.9,147.19,43.92,21.17,88.8,35.661,263
2022-05-12T00:00:00.000Z,12.65,134.83,48,36.53,83.44,32.311,256
2022-05-13T00:00:00.000Z,10,117.28,30.86,18.05,64.45,25.016,270
2022-05-14T00:00:00.000Z,12.65,714.1,112.85,80.61,166.35,69.415,277
2022-05-15T00:00:00.000Z,4.82,122.03,14.48,10.13,22.11,28.702,272
2022-05-16T00:00:00.000Z,3.9,69.84,28.38,14.16,42.15,15.912,273
2022-05-17T00:00:00.000Z,16.73,86.07,45.69,34.53,57.15,15.381,274
2022-05-18T00:00:00.000Z,22.55,73.38,42.88,34.83,55.25,11.633,271
2022-05-19T00:00:00.000Z,35.6,84.28,53.44,46,59.53,8.953,274
2022-05-20T00:00:00.000Z,37.78,107.55,58.6,48.63,71.4,14.655,269
2022-05-21T00:00:00.000Z,63.2,123.35,89.4,78.54,102.9,14.386,105
2022-05-22T00:00:00.000Z,6.55,40.04,15.49,11.45,19.89,6.402,206
2022-05-23T00:00:00.000Z,1.35,80.53,12.92,7.64,18.57,10.915,268
2022-05-24T00:00:00.000Z,7.9,160.47,101.97,48.55,120.5,43.2,275
2022-05-25T00:00:00.000Z,62.97,287.6,135.84,97.65,156.18,41.417,270
2022-05-26T00:00:00.000Z,11.43,137.19,41.35,19.77,106.75,43.386,272
2022-05-27T00:00:00.000Z,8.63,88.75,29.8,21.2,49.15,17.92,274
2022-05-28T00:00:00.000Z,12.82,66.72,25.29,21.8,30.47,11.328,276
2022-05-29T00:00:00.000Z,7.38,172.65,26.42,15.34,32.44,27.824,268
2022-05-30T00:00:00.000Z,6.5,72.45,20.02,10.52,27.75,15.054,259
2022-05-31T00:00:00.000Z,8.5,116.9,56.88,44.17,72.89,23.017,269
2022-06-01T00:00:00.000Z,9.38,120.13,24,18.73,34.34,24.522,272
2022-06-02T00:00:00.000Z,8.19,88.8,27.98,23.08,33.78,15.641,219
2022-06-03T00:00:00.000Z,12.1,70.4,39.29,21.19,48.94,15.333,229
2022-06-04T00:00:00.000Z,13.43,62.9,32.5,25.02,39.47,9.799,259
2022-06-05T00:00:00.000Z,8.88,68.68,28.85,18.48,44.61,15.207,269
2022-06-06T00:00:00.000Z,2.7,113.38,20.85,10.51,34.13,19.641,253
2022-06-07T00:00:00.000Z,12.07,100.67,23.97,17.6,38.49,22.118,192
2022-06-08T00:00:00.000Z,3.97,118.63,21.4,16.64,31.58,29.056,267
2022-06-09T00:00:00.000Z,18.32,1564.68,35.9,30.62,118.93,156.861,273
2022-06-10T00:00:00.000Z,10.48,96.4,30.35,20.77,39.08,14.306,271
2022-06-11T00:00:00.000Z,18.73,126.82,35.17,27.8,70.95,32.746,267
2022-06-12T00:00:00.000Z,17.7,108.2,52.08,34.72,68.06,23.354,271
2022-06-13T00:00:00.000Z,6.18,62.25,26.6,19.89,32.83,10.692,267
2022-06-14T00:00:00.000Z,7.93,35.29,17.2,12.93,21.9,5.926,258
2022-06-15T00:00:00.000Z,8.43,89.72,24.55,16.1,34.78,16.226,271
2022-06-16T00:00:00.000Z,6,145.18,23.47,16.05,29.35,21.293,270
2022-06-17T00:00:00.000Z,9.8,154.32,24.11,18.63,42.7,28.435,242
2022-06-18T00:00:00.000Z,7.35,97.57,20.62,15.23,32.5,22.648,274
2022-06-19T00:00:00.000Z,2.8,237.55,19.38,10.18,38.04,62.188,259
2022-06-20T00:00:00.000Z,4.03,212.68,25.09,11.51,42.31,40.197,260
2022-06-21T00:00:00.000Z,2.77,215.2,14.85,8.1,35.47,48.848,264
2022-06-22T00:00:00.000Z,1.4,44.28,12.05,8.35,19.05,9.15,258
2022-06-23T00:00:00.000Z,3.47,106.72,24.7,14.07,43.24,23.507,253
2022-06-24T00:00:00.000Z,3.45,65.72,20.3,13.02,29.98,13.895,279
2022-06-25T00:00:00.000Z,10.52,30.88,21.2,18.55,23.1,3.715,277
2022-06-26T00:00:00.000Z,3.15,34.33,20.3,15.5,25.52,7.698,279
2022-06-27T00:00:00.000Z,1.9,46.47,6.6,3.69,16.44,10.204,277
2022-06-28T00:00:00.000Z,2.47,61.28,5.88,4.44,13.99,12.613,272
2022-06-29T00:00:00.000Z,3.7,97.57,28.15,12.13,45.53,24.78,278
2022-06-30T00:00:00.000Z,8.69,145.25,40.6,31.33,89.72,31.842,277
2022-07-01T00:00:00.000Z,17.42,53.88,27.48,24.65,34.19,7.305,277
2022-07-02T00:00:00.000Z,8.02,41.72,18.35,13.05,24.15,6.822,279
2022-07-03T00:00:00.000Z,8.35,71.05,28.88,21.77,37.82,10.917,276
2022-07-04T00:00:00.000Z,13.25,78.93,39,28.07,48.08,13.715,261
2022-07-05T00:00:00.000Z,4.2,51.85,22.49,13.95,26.5,9.197,278
2022-07-06T00:00:00.000Z,7.63,113.68,57.18,16.45,79.78,32.689,278
2022-07-07T00:00:00.000Z,7.38,28.98,14.36,10.98,17.5,4.591,184
2022-07-08T00:00:00.000Z,18.07,71.95,42.37,31.71,51.83,12.326,280
2022-07-09T00:00:00.000Z,18.17,76.93,33.86,27.83,44.83,14.002,271
2022-07-10T00:00:00.000Z,26.13,88.47,42.08,35.53,57.03,14.118,270
2022-07-11T00:00:00.000Z,7.35,71.88,21.8,16.5,31.02,14.164,275
2022-07-12T00:00:00.000Z,4.55,61.35,21.77,14.18,30.23,12.894,278
2022-07-13T00:00:00.000Z,7.57,84.22,25.73,15.78,32.99,15.146,252
2022-07-14T00:00:00.000Z,2.63,77.06,13.68,10.43,21.1,13.231,275
2022-07-15T00:00:00.000Z,7.75,57.03,26.63,19.38,34.38,8.953,275
2022-07-16T00:00:00.000Z,8.52,38.47,19.32,16.38,23.12,5.911,276
2022-07-17T00:00:00.000Z,11.18,44.15,27.2,20.35,33.01,7.848,277
2022-07-18T00:00:00.000Z,2.27,52.05,24.4,13.25,34.45,12.211,278
2022-07-19T00:00:00.000Z,1.9,65.3,20.25,17.55,24.73,12.783,281
2022-07-20T00:00:00.000Z,9,71.78,19.95,15.38,26.95,14.527,279
2022-07-21T00:00:00.000Z,5.6,44.08,18.89,13.05,25.48,8.22,267
2022-07-22T00:00:00.000Z,5.68,112,20.25,12.63,29.38,20.552,279
2022-07-23T00:00:00.000Z,2.9,104.38,20.32,12.25,36.5,24.597,279
2022-07-24T00:00:00.000Z,2.4,61.78,16.37,6.95,24.15,12.144,278
2022-07-25T00:00:00.000Z,8.05,40.78,23.65,17.02,27.38,7.485,279
2022-07-26T00:00:00.000Z,11.98,64.18,24.09,20.6,29.5,7.658,278
2022-07-27T00:00:00.000Z,18.38,56.3,29.67,24.85,34.92,8.786,275
2022-07-28T00:00:00.000Z,26.73,83.3,44.93,35.7,57.57,13.96,274
2022-07-29T00:00:00.000Z,18.1,81.68,48.78,42.92,54.73,10.99,270
2022-07-30T00:00:00.000Z,9.27,75.97,36.63,22.28,49.98,17.761,269
2022-07-31T00:00:00.000Z,11.82,101.65,33.52,27.67,41.89,12.957,272
2022-08-01T00:00:00.000Z,11.6,55.33,25.7,22,34.29,9.407,248
2022-08-02T00:00:00.000Z,18.25,44.53,26.9,21.49,30.99,6.084,261
2022-08-03T00:00:00.000Z,15.48,73.95,32.09,23.8,38.79,12.428,270
2022-08-04T00:00:00.000Z,4.34,78.31,24.33,15.13,36.5,16.004,262
2022-08-05T00:00:00.000Z,2.85,110.75,21.42,12.73,29.2,22.167,274
2022-08-06T00:00:00.000Z,2.85,27.73,10.98,8.36,14.55,5.939,273
2022-08-07T00:00:00.000Z,3.65,45.17,10.9,7.57,34.2,13.492,266
2022-08-08T00:00:00.000Z,12.48,49.55,20.39,17.17,28.38,8.262,263
2022-08-09T00:00:00.000Z,17.45,92.2,42.76,25.8,52.82,17.601,272
2022-08-10T00:00:00.000Z,3.22,49,17,10.45,31.3,12.529,262
2022-08-11T00:00:00.000Z,1.63,38.9,11.09,8.43,16,8.226,254
2022-08-12T00:00:00.000Z,3.25,107.03,20.7,16.77,58.79,25.263,273
2022-08-13T00:00:00.000Z,34.67,111.47,58.11,49.55,64.34,14.91,278
2022-08-14T00:00:00.000Z,2.93,107.93,27.95,12.32,52.25,27.84,274
2022-08-15T00:00:00.000Z,15.07,76.3,28.67,24.55,34.07,9.05,267
2022-08-16T00:00:00.000Z,16.73,65.45,32.47,29.17,35.6,7.497,279
2022-08-17T00:00:00.000Z,16.05,106.77,33.42,28.3,40.47,12.425,263
2022-08-18T00:00:00.000Z,8.19,123.2,41.69,14.17,86.08,36.415,264
2022-08-19T00:00:00.000Z,4.63,108.5,23.58,13.77,47.47,27.366,279
2022-08-20T00:00:00.000Z,3.25,55.72,18.5,11.02,26.03,11.985,272
2022-08-21T00:00:00.000Z,3.22,172.52,10.07,6.67,23.35,23.917,244
2022-08-30T00:00:00.000Z,9.67,72.97,30.33,23.92,40.15,12.503,187
2022-08-31T00:00:00.000Z,18.64,128.52,42.9,29.08,59.22,23.383,267
2022-09-01T00:00:00.000Z,20.55,130.1,34.33,27.55,45.78,15.436,270
2022-09-02T00:00:00.000Z,33.03,112.25,54.9,42.17,75.8,20.78,267
2022-09-03T00:00:00.000Z,40.53,421.63,60.54,55.88,66.03,30.927,262
2022-09-04T00:00:00.000Z,17.5,48.83,27.9,24.73,35.2,6.727,227
2022-09-05T00:00:00.000Z,15.55,83.78,37.13,25.83,49.78,16.583,244
2022-09-06T00:00:00.000Z,19.85,140.63,40.03,30.3,71.09,26.267,267
2022-09-07T00:00:00.000Z,16.8,146.69,72.36,25,84.5,32.665,270
2022-09-08T00:00:00.000Z,9.57,43.35,20.38,16.34,30.19,8.926,260
2022-09-09T00:00:00.000Z,16.14,73.45,43.63,33.22,49.8,13.681,275
2022-09-10T00:00:00.000Z,23.13,81.81,49.38,42.83,58.72,11.84,267
2022-09-11T00:00:00.000Z,8.85,92.13,38.97,15.68,57.72,21.593,270
2022-09-12T00:00:00.000Z,37.78,107.03,66.55,51.92,75.4,14.634,247
2022-09-13T00:00:00.000Z,51.33,226.57,77.84,62.91,129.43,40.679,265
2022-09-14T00:00:00.000Z,47,212.05,73.31,63.08,144.9,43.6,264
2022-09-15T00:00:00.000Z,34.92,120.4,63.43,52.92,76.03,18.137,267
2022-09-16T00:00:00.000Z,5.45,140.44,37.26,29.06,48.06,30.074,268
2022-09-17T00:00:00.000Z,9.48,96.78,42.4,27.67,65.81,21.913,270
2022-09-18T00:00:00.000Z,15.5,163,37.79,26.14,88.62,39.394,268
2022-09-19T00:00:00.000Z,29.3,170.25,66.97,52.1,98,35.477,263
2022-09-20T00:00:00.000Z,20,123.7,67.97,53.44,82.63,22.1,257
2022-09-21T00:00:00.000Z,42.38,423.55,80.01,58.85,104.2,52.671,264
2022-09-22T00:00:00.000Z,16.75,98.3,31.65,22.4,51.72,17.405,263
2022-09-23T00:00:00.000Z,29.33,90.45,51.72,44.54,58.53,12.977,269
2022-09-24T00:00:00.000Z,44.2,105.88,64.7,59.67,75.22,12.39,273
2022-09-25T00:00:00.000Z,38.47,112.1,61.3,48.91,72.9,16.01,272
2022-09-26T00:00:00.000Z,48.85,209.95,140.6,74.08,172.98,50.892,265
2022-09-27T00:00:00.000Z,65.05,211.13,111.33,81.05,134.75,35.572,262
2022-09-28T00:00:00.000Z,71.93,168.05,94.03,89.5,112.07,18.528,262
2022-09-29T00:00:00.000Z,26.63,88.8,49.84,37.5,59.4,14.545,266
2022-09-30T00:00:00.000Z,7.93,60.33,37.33,23.3,43.35,13.608,269
2022-10-01T00:00:00.000Z,3.9,60.8,11.05,9.07,20.35,12.186,267
2022-10-02T00:00:00.000Z,3.6,122.45,19.75,9.41,37.47,27.106,232
2022-10-03T00:00:00.000Z,14.35,120.22,37.5,26.61,74.45,29.722,217
2022-10-04T00:00:00.000Z,23.75,83.6,49.53,35.31,66.06,16.254,236
2022-10-05T00:00:00.000Z,45.03,153.77,63.8,54.38,85.02,26.343,249
2022-10-06T00:00:00.000Z,14.63,166.05,54.24,27.23,66.97,33.415,270
2022-10-07T00:00:00.000Z,20.32,132.6,57.78,37.47,86.74,30.042,269
2022-10-08T00:00:00.000Z,40.45,174.45,74.11,57.4,91.07,24.617,274
2022-10-09T00:00:00.000Z,8.98,98.88,22.75,15.5,69.84,29.638,278
2022-10-10T00:00:00.000Z,9.85,121.13,37.47,20.75,70.75,31.064,271
2022-10-11T00:00:00.000Z,18.88,286.67,58.34,32.45,138.94,68.442,272
2022-10-12T00:00:00.000Z,25.67,220.18,57.85,33.63,87.09,40.975,269
2022-10-13T00:00:00.000Z,27.13,134.88,62.22,40.02,92.4,28.903,273
2022-10-14T00:00:00.000Z,18.98,173.05,81.87,34.28,106.14,38.012,269
2022-10-15T00:00:00.000Z,24.63,256.45,77.73,36.45,125.28,52.819,270
2022-10-16T00:00:00.000Z,28.67,149.44,50.65,40.01,102.63,31.455,229
2022-10-17T00:00:00.000Z,34.88,143.43,63.65,44.25,81.34,26.638,271
2022-10-18T00:00:00.000Z,43.1,170.57,57.2,50.15,100.75,39.644,195
2022-10-21T00:00:00.000Z,11.85,65.68,24.25,18.6,40.35,14.27,270
2022-10-22T00:00:00.000Z,16.7,125.65,42.17,24.54,73.72,30.02,276
2022-10-23T00:00:00.000Z,29.05,244,54.43,40.82,185.04,75.664,272
2022-10-24T00:00:00.000Z,40.83,236.7,97.04,70.12,136.07,43.171,264
2022-10-25T00:00:00.000Z,65.38,202.38,125.05,114.22,136.88,26.204,269
2022-10-26T00:00:00.000Z,45.58,229.3,177.99,99.72,195.07,56.494,270
2022-10-27T00:00:00.000Z,19.32,97.78,45.08,36.17,52.6,13.876,263
2022-10-28T00:00:00.000Z,20.27,162.38,57.06,36.54,114.28,43.867,270
2022-10-29T00:00:00.000Z,94.07,252.25,158.77,106.67,198.24,48.267,273
2022-10-30T00:00:00.000Z,31.3,183.55,79.84,64.95,107.33,33.733,265
2022-10-31T00:00:00.000Z,12.6,67.72,27.59,21.92,34,10.327,270
2022-11-01T00:00:00.000Z,11.35,145.22,57.09,21.92,97.95,39.755,266
2022-11-02T00:00:00.000Z,20.88,316.6,55.65,37.71,186.74,79.049,272
2022-11-03T00:00:00.000Z,41.4,324.7,134.01,76.3,173.43,64.671,274
2022-11-04T00:00:00.000Z,36.9,284.85,89.94,59.95,115.93,51.766,270
2022-11-05T00:00:00.000Z,44.88,221.65,88.46,64.81,111.93,40.99,270
2022-11-06T00:00:00.000Z,78.56,211.6,120.19,99.33,149.24,30.33,268
2022-11-07T00:00:00.000Z,76.65,269.05,142.47,97.47,180.8,46.747,274
2022-11-08T00:00:00.000Z,88.72,309.67,141.4,122.35,176.57,51.961,272
2022-11-09T00:00:00.000Z,41.22,355.27,114.25,66.59,131.77,73.618,262
2022-11-10T00:00:00.000Z,44.65,430.45,191.85,119.92,218.83,77.44,253
2022-11-11T00:00:00.000Z,40.38,143.07,82.2,58.58,99.23,23.367,253
2022-11-12T00:00:00.000Z,44.08,132.3,64.28,56.6,71.55,14.001,251
2022-11-13T00:00:00.000Z,56,191.05,81.9,73.43,107.65,34.131,259
2022-11-14T00:00:00.000Z,56.78,292.33,103.8,75.28,118.7,36.033,255
2022-11-15T00:00:00.000Z,33.53,141.88,63.95,48.93,85.9,27.437,261
2022-11-16T00:00:00.000Z,25.75,109.4,54.97,44.98,68.34,20.596,264
2022-11-17T00:00:00.000Z,12.43,78.93,34.97,21.33,55.4,19.058,270
2022-11-18T00:00:00.000Z,27.25,73.3,40.28,35.67,50.58,9.471,271
2022-11-19T00:00:00.000Z,28.83,89.68,48.06,38.45,54.38,12.957,258
2022-11-20T00:00:00.000Z,29.03,227.35,69.06,52.28,98.88,37.321,275
2022-11-21T00:00:00.000Z,51.1,287.5,126.1,69.79,168.8,55.731,272
2022-11-22T00:00:00.000Z,59.85,220.63,124.82,77.02,179.2,50.509,269
2022-11-23T00:00:00.000Z,37.72,133.68,81.73,67.52,98.04,21.943,268
2022-11-24T00:00:00.000Z,20.05,76.73,30.58,26.05,43.65,14.202,266
2022-11-25T00:00:00.000Z,32.47,110.38,68.47,47.45,82.38,20.36,266
2022-11-26T00:00:00.000Z,44.25,146.02,87.05,66.62,109.34,25.073,269
2022-11-27T00:00:00.000Z,17.38,107.78,30.64,25.02,39.6,16.018,268
2022-11-28T00:00:00.000Z,24.95,60.8,40.08,36.03,44.21,6.351,272
2022-11-29T00:00:00.000Z,23.92,106.5,43.92,35.61,60.11,16.897,261
2022-11-30T00:00:00.000Z,2.9,58.97,25.31,11.73,32.33,13.075,272
2022-12-01T00:00:00.000Z,2.87,42.05,15.08,11.77,19.45,6.283,250
2022-12-02T00:00:00.000Z,9.35,108.97,29.69,18.82,37.97,17.983,270
2022-12-03T00:00:00.000Z,23.85,130.38,65.31,40.78,100.75,30.851,275
2022-12-04T00:00:00.000Z,7.25,52.13,22.13,16.44,34.21,11.465,273
2022-12-05T00:00:00.000Z,8.27,112.5,36.9,14.45,57.08,29.741,267
2022-12-06T00:00:00.000Z,40.72,246.07,143.12,57.35,192.88,66.553,272
2022-12-07T00:00:00.000Z,100.9,166.73,122,113.98,136.65,14.873,265
2022-12-08T00:00:00.000Z,60.22,180.4,104.1,75.09,117.3,26.078,271
2022-12-09T00:00:00.000Z,70.63,168.18,120.47,97.88,143.35,25.447,275
2022-12-10T00:00:00.000Z,64.65,145.77,107,80.65,125.9,23.498,271
2022-12-11T00:00:00.000Z,84.38,194.6,121.9,102.43,152.44,28.278,271
2022-12-12T00:00:00.000Z,71.3,263.73,110.74,93.8,190.46,57.82,264
2022-12-13T00:00:00.000Z,66,301.77,129.44,92.82,183.52,54.47,266
2022-12-14T00:00:00.000Z,59.78,339.45,121.7,75.5,217.77,77.956,270
2022-12-15T00:00:00.000Z,91.22,382.73,182,113.47,238.09,75.745,269
2022-12-16T00:00:00.000Z,74.28,341.6,200.48,114.42,256.02,77.31,264
2022-12-17T00:00:00.000Z,35.13,258.88,61.91,52.28,81,25.858,266
2022-12-18T00:00:00.000Z,34.22,234.88,97.23,46.71,149.24,58.34,265
2022-12-19T00:00:00.000Z,81.84,291.88,133.72,102.93,182,50.054,271
2022-12-20T00:00:00.000Z,83.28,255.93,148.4,120.78,181.57,36.844,270
2022-12-21T00:00:00.000Z,73.63,361.85,135.74,96.98,228.55,77.135,264
2022-12-22T00:00:00.000Z,64.2,313.08,128.05,108.68,154.05,52.083,270
2022-12-23T00:00:00.000Z,37.35,226.63,84.49,60.33,109.13,48.096,206
2022-12-24T00:00:00.000Z,61.4,268.8,125.31,102.15,154.1,45.337,246
2022-12-25T00:00:00.000Z,52.97,292.98,107.3,71.84,143.46,62.006,252
2022-12-26T00:00:00.000Z,94.35,330.58,147.63,106.55,176.55,61.095,216
2022-12-27T00:00:00.000Z,36.95,122.83,77.93,59.52,96.81,21.763,252
2022-12-28T00:00:00.000Z,8.85,184.95,37.38,16.02,95.78,52.233,242
2022-12-29T00:00:00.000Z,41.3,62.42,51.71,48.85,54.88,4.3,262
2022-12-30T00:00:00.000Z,44.35,193.25,70.39,54.65,92.35,33.333,234
2022-12-31T00:00:00.000Z,63.4,134.9,88.3,80.94,102.35,15.514,261
2023-01-01T00:00:00.000Z,62.88,137.4,98.25,80.29,109.93,19.032,257
2023-01-02T00:00:00.000Z,56.28,119.63,85.34,65.72,98.2,18.036,262
2023-01-03T00:00:00.000Z,49.72,160.94,69.56,60.53,130.97,37.722,223
2023-01-04T00:00:00.000Z,112.78,261.07,144.47,126.63,193.35,38.619,243
2023-01-05T00:00:00.000Z,74.88,182.93,109.38,93.7,127.97,23.902,255
2023-01-06T00:00:00.000Z,60.28,145.13,75.47,70.7,89.2,14.489,254
2023-01-07T00:00:00.000Z,61.33,446.15,106.8,76.4,258.92,113.348,259
2023-01-08T00:00:00.000Z,118.82,327,182.35,164.88,200.04,38.093,261
2023-01-09T00:00:00.000Z,178.77,394.8,281.76,255.34,304.7,50.248,260
2023-01-10T00:00:00.000Z,102.9,391.73,162.44,140.97,232.99,79.317,264
2023-01-11T00:00:00.000Z,61.13,238.43,113.38,91.85,138.69,43.475,255
2023-01-12T00:00:00.000Z,61.22,166.8,96.52,75.15,115.5,25.22,270
2023-01-13T00:00:00.000Z,63.2,231.02,87.93,77.42,118.31,38.505,253
2023-01-14T00:00:00.000Z,82.88,313.8,165.8,128.38,200.2,56.065,273
2023-01-15T00:00:00.000Z,20.27,184.45,40.53,29.35,98.08,50.094,245
2023-01-16T00:00:00.000Z,23.52,82.7,61.47,42.2,68.03,15.148,262
2023-01-17T00:00:00.000Z,56.05,119.82,87.22,78.52,93.98,12.081,269
2023-01-18T00:00:00.000Z,49.55,255.13,67,59.85,190.4,66.479,231
2023-01-19T00:00:00.000Z,84.97,296.6,147.34,114.39,190.15,47.963,276
2023-01-20T00:00:00.000Z,155.18,332.77,255.8,190.27,289.2,50.222,271
2023-01-21T00:00:00.000Z,129.1,442.73,253.35,173.7,339.1,92.206,263
2023-01-22T00:00:00.000Z,128.75,429.08,207.07,157.88,308.6,87.351,274
2023-01-23T00:00:00.000Z,32.38,673.9,116.24,85.22,135.32,104.354,242
2023-01-24T00:00:00.000Z,33.29,115.3,44.95,40.78,60.05,19.57,271
2023-01-25T00:00:00.000Z,42.97,123.93,79.98,67.77,95.05,20.094,256
2023-01-26T00:00:00.000Z,19.5,252.03,80.9,61.8,118.68,57.747,271
2023-01-27T00:00:00.000Z,18.13,177.3,74.48,52.86,110.87,38.758,228
2023-01-28T00:00:00.000Z,46.47,1056.8,73.67,61.14,101.13,93.171,252
2023-01-29T00:00:00.000Z,55.47,130.47,94.78,76.81,107.03,17.733,253
2023-01-30T00:00:00.000Z,70.43,250.73,179.54,101.2,206.68,55.647,254
2023-01-31T00:00:00.000Z,66.34,366.45,111.38,102.2,124.25,27.128,239
2023-02-01T00:00:00.000Z,73.8,1264.95,134.65,105.69,191.68,121.654,253
2023-02-02T00:00:00.000Z,93.28,486.25,174.85,154.19,234.19,100.264,256
2023-02-03T00:00:00.000Z,22.45,1409.1,79.31,47.9,109.3,170.071,195
2023-02-04T00:00:00.000Z,33.04,268.33,77.15,59.33,91.85,51.909,194
2023-02-05T00:00:00.000Z,31.63,164.52,90.28,64.4,108.75,27.682,243
2023-02-06T00:00:00.000Z,50.8,378.88,111.82,69.95,185.77,75.748,230
2023-02-07T00:00:00.000Z,53.75,216.35,104.37,77.11,151.22,40.781,240
2023-02-08T00:00:00.000Z,37.25,113.85,65.41,50.22,83.18,19.22,226
2023-02-09T00:00:00.000Z,38.88,565.72,61.46,54.47,86.68,44.104,230
2023-02-10T00:00:00.000Z,49.5,121.65,68.73,60.04,102.14,21.993,248
2023-02-11T00:00:00.000Z,58.15,370.63,107.57,79.22,126.28,37.815,242
2023-02-12T00:00:00.000Z,68.34,205.05,141.1,115.9,157.71,30.476,264
2023-02-13T00:00:00.000Z,31.9,186.73,107.8,88.65,142.1,38.382,218
2023-02-14T00:00:00.000Z,33.97,117.75,68.34,61.06,78.79,14.769,244
2023-02-15T00:00:00.000Z,60.45,134.57,85,69.47,94.18,18.019,227
2023-02-16T00:00:00.000Z,94.07,192.13,135.4,124.98,149.94,20.818,237
2023-02-17T00:00:00.000Z,102.85,332.33,197.59,117.55,289.38,84.151,216
2023-02-18T00:00:00.000Z,97.45,221.73,142.59,126.47,162.15,30.054,268
2023-02-19T00:00:00.000Z,39.63,266.14,88.18,61.67,179.02,70.712,241
2023-02-20T00:00:00.000Z,66.2,451.7,133.01,100.46,141.54,37.066,264
2023-02-21T00:00:00.000Z,72.65,232.15,146.61,107.59,188.65,44.916,264
2023-02-22T00:00:00.000Z,24.77,368.4,96.61,57.3,247.88,103.551,218
2023-02-23T00:00:00.000Z,71.15,391.02,111.61,82.4,132.94,45.46,214
2023-02-24T00:00:00.000Z,37.22,1500.85,84.78,48.25,189.2,196.642,265
2023-02-25T00:00:00.000Z,24.58,322.85,72.38,41.53,84,32.119,231
2023-02-26T00:00:00.000Z,59.15,279.14,94.7,75.25,112.35,37.765,267
2023-02-27T00:00:00.000Z,98.57,187.85,147.84,138.88,162.72,18.557,270
2023-02-28T00:00:00.000Z,104.85,1253.09,169.35,148.6,227.13,167.517,239
2023-03-01T00:00:00.000Z,126.1,309.25,210.1,179.7,237.85,39.826,265
2023-03-02T00:00:00.000Z,187.4,332.27,235.25,209.32,253.2,34.96,271
2023-03-03T00:00:00.000Z,116.78,303,151.12,139,210.5,47.45,260
2023-03-04T00:00:00.000Z,80.38,163.07,116.68,107.14,129.16,17.937,268
2023-03-05T00:00:00.000Z,108.4,248.32,185.25,175.88,200.77,28.992,269
2023-03-06T00:00:00.000Z,66.13,408.55,133.38,77.2,204.51,70.757,269
2023-03-07T00:00:00.000Z,77.18,463,108.1,101.15,118.05,58.425,265
2023-03-08T00:00:00.000Z,64.06,269.33,128.35,113.04,157.44,32.701,265
2023-03-09T00:00:00.000Z,154.63,400.13,236.45,183.43,287.33,71.327,238
2023-03-10T00:00:00.000Z,72,327.08,158.03,120.01,189.94,75.797,272
2023-03-11T00:00:00.000Z,71.17,181.33,129.16,115.38,137.8,22.466,268
2023-03-12T00:00:00.000Z,28.08,528,145.88,43.55,184.25,83.037,266
2023-03-13T00:00:00.000Z,47.45,176.13,94.83,80.2,113.07,26.516,266
2023-03-14T00:00:00.000Z,79.63,297.52,139.66,110.29,155.5,35.249,192
2023-03-15T00:00:00.000Z,71.34,267.08,138.37,93.25,193.09,53.933,268
2023-03-16T00:00:00.000Z,44.08,119.15,68.03,60.7,82.13,16.56,267
2023-03-17T00:00:00.000Z,61.88,245.43,90.1,79.18,97.54,19.353,264
2023-03-18T00:00:00.000Z,60.58,150.63,96.22,80.63,106.1,17.375,230
2023-03-19T00:00:00.000Z,34.2,121.68,59.02,50.22,74.88,16.419,266
2023-03-20T00:00:00.000Z,70.75,148.68,104.53,98.63,113.46,14.041,265
2023-03-21T00:00:00.000Z,101.25,275.38,164.75,151.51,200.29,43.292,269
2023-03-22T00:00:00.000Z,94.03,279.33,139.91,115.24,207.52,56.912,264
2023-03-23T00:00:00.000Z,95.4,239.85,140.02,118.5,192.33,41.544,269
2023-03-24T00:00:00.000Z,85.63,272.83,152.13,105.86,167.69,40.271,264
2023-03-25T00:00:00.000Z,26.08,229.27,111.6,75.86,125.23,44.614,261
2023-03-26T00:00:00.000Z,14.25,99.03,57.1,27.67,71.2,23.128,239
2023-03-27T00:00:00.000Z,14.65,164.45,33.7,26.18,42.08,14.164,249
2023-03-28T00:00:00.000Z,23.25,331.73,56.33,40.34,79.83,49.088,260
2023-03-29T00:00:00.000Z,23.77,453.92,62.3,53.42,78.53,65.537,231
2023-03-30T00:00:00.000Z,36.5,149.13,119.07,77.3,131.57,34.254,263
2023-03-31T00:00:00.000Z,25.33,1218.53,117.18,44.79,197,189.871,268
2023-04-01T00:00:00.000Z,3.65,307.02,28.48,14.98,42.39,49.983,237
2023-04-02T00:00:00.000Z,13.6,174.95,52.42,31.05,114.5,48.147,263
2023-04-03T00:00:00.000Z,33.72,245.7,84.55,71.8,126.8,36.773,267
2023-04-04T00:00:00.000Z,64.56,247.05,113.43,95.75,164.85,41.523,278
2023-04-05T00:00:00.000Z,88.03,795.08,136.93,107.6,176,84.675,275
2023-04-06T00:00:00.000Z,38.6,245.8,128,95.28,154.02,52.292,278
2023-04-07T00:00:00.000Z,39.35,287.1,110.64,77.83,130.1,40.73,268
2023-04-08T00:00:00.000Z,53.22,142.52,71.61,67.2,79.27,12.692,276
2023-04-09T00:00:00.000Z,76.7,195.48,141.18,117.2,162.07,28.249,276
2023-04-10T00:00:00.000Z,80.03,386,175.55,111.53,230.23,68.044,243
2023-04-11T00:00:00.000Z,51.22,357.6,133.93,83.53,169.02,64.12,271
2023-04-12T00:00:00.000Z,32.03,236.07,66.28,54.73,84.29,24.191,273
2023-04-13T00:00:00.000Z,51.35,105.22,77.47,67.88,88.45,13.355,274
2023-04-14T00:00:00.000Z,54.53,506.03,126.81,95.52,163.61,83.731,272
2023-04-15T00:00:00.000Z,89.45,197.77,138.36,114.89,154.74,27.085,276
2023-04-16T00:00:00.000Z,69.22,267.83,130.77,110.22,163.93,34.859,274
2023-04-17T00:00:00.000Z,88.72,202.65,126.43,110.5,151.94,31.139,273
2023-04-18T00:00:00.000Z,82.2,1999.9,122.82,112.35,137.63,115.078,276
2023-04-19T00:00:00.000Z,77.15,323.33,141.8,114.1,200.46,52.965,232
2023-04-20T00:00:00.000Z,103.23,363.05,146.82,121.11,181.79,40.73,277
2023-04-21T00:00:00.000Z,108.75,263.89,171.39,144.38,223.93,43.134,250
2023-04-22T00:00:00.000Z,67.81,144.82,99.12,89.87,110.64,14.791,248
2023-04-23T00:00:00.000Z,70.45,257.64,91.64,80.62,111.44,25.469,188
2023-04-24T00:00:00.000Z,39.67,108.35,69.62,57.33,80.9,15.445,274
2023-04-25T00:00:00.000Z,9.68,89.68,26.7,18.85,41.93,16.586,272
2023-04-26T00:00:00.000Z,21.48,140.88,54.64,32.85,114.95,41.551,270
2023-04-27T00:00:00.000Z,40.04,110.4,74.75,47.08,91.15,22.897,279
2023-04-28T00:00:00.000Z,40.38,95.72,57.47,50.7,63.63,11.885,205
2023-04-29T00:00:00.000Z,10.1,68.13,25.82,17.85,32.88,10.408,278
2023-04-30T00:00:00.000Z,21.1,83.2,36.92,31.97,59.28,14.946,213
2023-05-01T00:00:00.000Z,36.78,94.2,63.58,55.45,71.72,11.213,270
2023-05-02T00:00:00.000Z,27.55,108.8,47.95,39.97,59.35,18.555,275
2023-05-03T00:00:00.000Z,30.08,73.3,43.4,38.9,48.03,8.617,201
2023-05-04T00:00:00.000Z,58.28,230.85,71.78,68.34,76.84,27.597,277
2023-05-05T00:00:00.000Z,55.45,113.27,77.2,67.25,94.68,15.332,210
2023-05-06T00:00:00.000Z,27.2,201.52,42.79,34.92,78.33,29.119,278
2023-05-07T00:00:00.000Z,23.02,52.67,30.38,26.74,34.99,5.239,221
2023-05-08T00:00:00.000Z,11.1,26.58,15.56,13.2,18.77,3.794,266
2023-05-09T00:00:00.000Z,9.68,30.77,21.05,12.7,24.2,5.703,267
2023-05-10T00:00:00.000Z,16.42,63.65,30.71,25.8,39.74,11.123,272
2023-05-11T00:00:00.000Z,8.63,62.63,24.82,16.42,33.83,12.743,276
2023-05-12T00:00:00.000Z,9.25,53.33,19.91,15.06,26.72,9.03,280
2023-05-13T00:00:00.000Z,10.98,36.08,25.69,20.67,30.17,6.057,274
2023-05-14T00:00:00.000Z,20.85,95.75,37.15,28.09,52.21,15.076,277
2023-05-15T00:00:00.000Z,23.25,72.03,46.17,38.45,53.99,11.37,273
2023-05-16T00:00:00.000Z,31.73,109,71.05,58.53,79.53,17.402,223
2023-05-17T00:00:00.000Z,30.67,183.93,76.73,43.33,91.72,35.432,270
2023-05-18T00:00:00.000Z,17.1,139.57,57.62,26.53,73.97,30.918,272
2023-05-19T00:00:00.000Z,17.82,388.98,30.42,24.06,49.77,28.892,273
2023-05-20T00:00:00.000Z,16.77,114.53,43.45,29.2,83.15,29.018,279
2023-05-21T00:00:00.000Z,7.8,64.3,32.6,19.28,42.21,14.036,272
2023-05-22T00:00:00.000Z,7.4,60.13,27.97,18.17,34.95,11.783,264
2023-05-23T00:00:00.000Z,7.63,125,25.8,11.07,42.42,19.653,279
2023-05-24T00:00:00.000Z,3.42,81.22,24.05,9.25,40.79,18.527,278
2023-05-25T00:00:00.000Z,3.35,48.42,33.11,15.39,40.9,13.443,260
2023-05-26T00:00:00.000Z,9.9,86.88,30.75,14.93,48.28,18.968,215
2023-05-27T00:00:00.000Z,2.17,54.55,22.02,9.6,32.79,13.66,230
2023-05-28T00:00:00.000Z,1.6,24.02,5.45,3.2,12.98,5.955,236
2023-05-29T00:00:00.000Z,2.8,39.65,9.66,6.7,14.95,6.788,246
2023-05-30T00:00:00.000Z,4.78,74.84,13.79,8.18,19.94,12.821,276
2023-05-31T00:00:00.000Z,5.95,98.53,14.9,9.85,25.26,17.874,181
2023-06-01T00:00:00.000Z,6.75,65.2,35.9,26.85,47.95,15.85,277
2023-06-02T00:00:00.000Z,1.75,183.57,16.07,8.49,46.46,31.118,273
2023-06-03T00:00:00.000Z,2.6,44.83,13.4,10.95,16.57,5.367,231
2023-06-04T00:00:00.000Z,5.5,50.35,12.85,7.82,27.43,11.124,279
2023-06-05T00:00:00.000Z,4.8,45.95,10.7,7.3,20.1,8.758,271
2023-06-06T00:00:00.000Z,3.15,129.97,14.3,7.28,23.33,25.233,193
2023-06-07T00:00:00.000Z,4.3,60.7,16.48,8.94,27.38,11.904,264
2023-06-08T00:00:00.000Z,2.6,89.17,42.91,14.7,63.78,26.652,190
2023-06-09T00:00:00.000Z,2.1,309.64,18.23,9.5,24.41,21.592,276
2023-06-10T00:00:00.000Z,9.4,104.05,37.1,24.73,57,23.349,271
2023-06-11T00:00:00.000Z,7.68,279.92,24.15,10.57,35.07,24.049,277
2023-06-12T00:00:00.000Z,2.8,98.43,18.63,8.5,53.8,26.062,278
2023-06-13T00:00:00.000Z,2.4,52.78,9.19,4.97,12.64,8.957,276
2023-06-14T00:00:00.000Z,1.1,44.15,5.57,2.97,25.17,12.15,275
2023-06-15T00:00:00.000Z,1.67,125.22,13.05,3.47,33.22,19.214,275
2023-06-16T00:00:00.000Z,2.58,28.15,8.93,4.34,12.38,5.346,273
2023-06-17T00:00:00.000Z,1.55,34.97,12.31,4.25,22.71,9.882,272
2023-06-18T00:00:00.000Z,1.7,332.1,6.6,3.8,12.93,23.893,278
2023-06-19T00:00:00.000Z,2.58,53.2,4.79,3.63,7.5,7.597,188
2023-06-20T00:00:00.000Z,2.22,194.05,7.45,4.98,9.84,22.287,272
2023-06-21T00:00:00.000Z,1.7,20.85,4.8,2.95,6.39,3.218,276
2023-06-22T00:00:00.000Z,1.17,36.9,14.47,4.9,20.67,9.689,278
2023-06-23T00:00:00.000Z,0.7,31.85,2.66,1.66,13.48,9.925,276
2023-06-24T00:00:00.000Z,1.4,84.07,15.73,4.09,34.17,19.211,279
2023-06-25T00:00:00.000Z,3.05,26.2,4.38,3.7,5.4,2.962,281
2023-06-26T00:00:00.000Z,1.4,10.9,3.19,2.22,4.7,1.78,252
2023-06-27T00:00:00.000Z,1.5,27.98,13.95,9.8,17.88,6.901,271
2023-06-28T00:00:00.000Z,8.93,39.88,22.45,17.53,27.97,6.83,277
2023-06-29T00:00:00.000Z,3.45,80.3,8.38,5.5,32.97,16.236,278
2023-06-30T00:00:00.000Z,2.22,30.15,4.88,3.75,10.5,5.789,280
2023-07-01T00:00:00.000Z,2.02,126.75,5.97,3.9,10.73,23.436,198
2023-07-02T00:00:00.000Z,1.52,30.4,6.33,2.78,12.82,5.644,278
2023-07-03T00:00:00.000Z,1.67,36.7,11.39,6.88,18.05,7.317,278
2023-07-04T00:00:00.000Z,7.7,34.95,16.55,13.85,21.53,6.041,217
2023-07-05T00:00:00.000Z,9.48,30.85,16.7,13.98,21.15,4.632,274
2023-07-06T00:00:00.000Z,4,31.75,12.37,7.15,20.6,7.992,146
2023-07-07T00:00:00.000Z,1.65,67.03,4.61,2.9,15.23,11.945,274
2023-07-08T00:00:00.000Z,1.1,41.22,3.97,2.08,7.03,6.378,183
2023-07-09T00:00:00.000Z,0.95,21.52,3.45,1.55,5.82,3.97,191
2023-07-10T00:00:00.000Z,1.88,23.4,5.72,3.1,8.69,4.837,188
2023-07-11T00:00:00.000Z,1.85,19.55,4.05,2.95,6.92,3.336,272
2023-07-12T00:00:00.000Z,0.8,29.9,3.15,2.19,5.01,4.421,276
2023-07-13T00:00:00.000Z,0.82,19.92,4.98,4.2,6.2,2.588,270
2023-07-14T00:00:00.000Z,2.4,35.35,6.9,4.4,10.89,7.358,273
2023-07-15T00:00:00.000Z,2.2,31.83,6.4,4.94,8.64,3.97,277
2023-07-16T00:00:00.000Z,3.22,215.75,16.05,10.34,32.27,20.598,280
2023-07-17T00:00:00.000Z,13.55,61.88,32.22,21.65,40.75,11.817,199
2023-07-18T00:00:00.000Z,12.73,34.45,19.89,17.59,23.4,4.03,281
2023-07-19T00:00:00.000Z,3.42,25.38,16.52,8.13,20.88,6.667,231
2023-07-20T00:00:00.000Z,5.6,65.3,36.15,18.37,42.07,14.759,273
2023-07-21T00:00:00.000Z,14.45,63.2,38.08,27.83,47.15,11.663,272
2023-07-22T00:00:00.000Z,1.35,53.28,5.7,2.88,11.43,8.077,266
2023-07-23T00:00:00.000Z,0.7,42.53,3.42,2.02,7.15,4.408,267
2023-07-24T00:00:00.000Z,1.42,23.45,4.23,2.75,7.68,4.586,268
2023-07-25T00:00:00.000Z,1.4,26.3,3.7,2.8,8.82,5.338,270
2023-07-26T00:00:00.000Z,2.2,36.97,6.7,3.59,12.58,8.223,265
2023-07-27T00:00:00.000Z,2.29,18.23,7.93,5.68,11.48,3.539,271
2023-07-28T00:00:00.000Z,3.08,28.92,10.7,5.8,14.18,5.033,263
2023-07-29T00:00:00.000Z,2.83,44.45,13.2,8.52,20.98,8.555,276
2023-07-30T00:00:00.000Z,2.17,17.85,6.85,5.43,8.85,3.034,274
2023-07-31T00:00:00.000Z,1.88,19.95,4.65,3.46,5.71,2.276,272
2023-08-01T00:00:00.000Z,2.7,20.8,9.23,5.39,13.13,4.431,276
2023-08-02T00:00:00.000Z,5.68,71.95,19.42,12.18,52.33,21.289,271
2023-08-03T00:00:00.000Z,4.2,21.38,10.27,8.05,13.95,3.861,266
2023-08-04T00:00:00.000Z,8.23,39.27,15.25,12.4,17.07,4.153,274
2023-08-05T00:00:00.000Z,1.08,17.17,4.65,1.85,7.5,3.52,274
2023-08-06T00:00:00.000Z,0.93,15.15,3.83,2.33,5.18,2.235,278
2023-08-07T00:00:00.000Z,2.08,22.98,5.93,4.75,8,3.545,279
2023-08-08T00:00:00.000Z,3.65,37.42,12.5,6.95,22.3,8.589,276
2023-08-09T00:00:00.000Z,4.22,28.45,9.25,6.8,17.43,6.7,277
2023-08-10T00:00:00.000Z,3.78,91.03,15.75,11.54,19.29,11.461,277
2023-08-11T00:00:00.000Z,12.48,71.47,20.65,16.82,39.95,14.684,279
2023-08-12T00:00:00.000Z,13.48,116.7,40.86,22.38,73.03,30.769,278
2023-08-13T00:00:00.000Z,2.2,92.63,14.66,8.16,47.56,26.509,276
2023-08-14T00:00:00.000Z,1.27,29.17,14.47,6.2,17.92,6.663,278
2023-08-15T00:00:00.000Z,0.93,70.13,16.29,6.78,47.08,21.112,278
2023-08-16T00:00:00.000Z,3.78,57.17,8.55,5.35,21.45,16.238,275
2023-08-17T00:00:00.000Z,4.09,55.58,27.23,14.38,44.78,15.552,278
2023-08-18T00:00:00.000Z,3.55,53.05,9.16,7.38,11.75,9.826,280
2023-08-19T00:00:00.000Z,3.83,109.4,25,7.72,59.15,29.749,275
2023-08-20T00:00:00.000Z,3.2,85.7,18.85,7.17,29.35,21.1,277
2023-08-21T00:00:00.000Z,17.82,85.2,35.13,27.95,41.22,12.395,278
2023-08-22T00:00:00.000Z,3.55,61.33,16.73,8.68,42.45,18.712,279
2023-08-23T00:00:00.000Z,2.7,51.58,16.3,6.3,33.2,13.714,278
2023-08-24T00:00:00.000Z,2.25,47.42,22.27,9.57,28.1,10.553,279
2023-08-25T00:00:00.000Z,2.29,23.9,9.8,4.3,13.25,5.228,279
2023-08-26T00:00:00.000Z,1,101.7,23.97,3.37,36.95,16.125,280
2023-08-27T00:00:00.000Z,0.6,34.29,6.4,1.92,12.25,7.618,278
2023-08-28T00:00:00.000Z,0.9,30.52,8.59,2.33,15.15,7.756,278
2023-08-29T00:00:00.000Z,3.22,38.2,16.32,6.93,23.7,8.941,278
2023-08-30T00:00:00.000Z,8.05,48.1,15.59,12.5,20.83,9.085,278
2023-08-31T00:00:00.000Z,3.9,30.87,11.13,8.73,13.18,4.766,281
2023-09-01T00:00:00.000Z,5.6,96.47,28.95,10.98,53.6,25.096,280
2023-09-02T00:00:00.000Z,17.45,77.22,38.2,31.17,46.85,12.97,276
2023-09-03T00:00:00.000Z,6.57,48.67,27.95,20,33.45,9.782,277
2023-09-04T00:00:00.000Z,6.8,41.88,23.33,12.6,29.58,9.328,278
2023-09-05T00:00:00.000Z,15.88,182.6,32.07,24.35,66.79,33.266,272
2023-09-06T00:00:00.000Z,7.9,157.97,48.9,36.4,61.82,28.941,277
2023-09-07T00:00:00.000Z,4.09,84.22,21.25,14.38,33.97,16.074,279
2023-09-08T00:00:00.000Z,3.6,47.75,12.1,6.42,31.72,13.2,273
2023-09-09T00:00:00.000Z,2.58,138.69,20.27,7.03,66.3,37.137,279
2023-09-10T00:00:00.000Z,7.88,149.27,37.89,15.35,64.25,34.862,278
2023-09-11T00:00:00.000Z,4.82,77.93,38.35,18.54,49.64,19.38,277
2023-09-12T00:00:00.000Z,6.82,128.94,97.88,41.5,107.93,36.942,278
2023-09-13T00:00:00.000Z,7.47,21.25,13.37,11.67,15.22,2.518,280
2023-09-14T00:00:00.000Z,8.44,40.04,18.7,11.52,24.3,6.989,231
2023-09-15T00:00:00.000Z,20.5,58.95,37.63,32.97,41.49,6.917,209
2023-09-16T00:00:00.000Z,23.05,107.53,49.07,37.58,59.73,17.486,220
2023-09-17T00:00:00.000Z,3.95,107.25,43.8,20.98,75.95,28.207,219
2023-09-18T00:00:00.000Z,10.3,109.35,29.1,24.37,50.1,21.672,209
2023-09-19T00:00:00.000Z,14.35,47.95,24.2,19.14,32.99,7.926,228
2023-09-20T00:00:00.000Z,2.02,54.63,19.25,13.11,24.83,9.821,264
2023-09-21T00:00:00.000Z,2.2,32.6,10.79,4.8,14.73,7.881,278
2023-09-22T00:00:00.000Z,4.38,47.58,7.25,5.75,11.75,7.256,279
2023-09-23T00:00:00.000Z,3.28,39.43,14.98,6.32,24.86,9.873,277
2023-09-24T00:00:00.000Z,4.47,59.65,13.48,7.22,36.7,17.119,279
2023-09-25T00:00:00.000Z,5.45,47,10.02,8.86,11.78,7.779,281
2023-09-26T00:00:00.000Z,6.88,45.95,27,22.75,32.97,7.873,274
2023-09-27T00:00:00.000Z,7.15,35.08,18.3,15.6,21.92,5.302,270
2023-09-28T00:00:00.000Z,8.1,58.9,33.13,15.35,44.94,14.992,277
2023-09-29T00:00:00.000Z,31.95,95.22,62.49,54.65,76.95,14.388,280
2023-09-30T00:00:00.000Z,49.03,174.25,90.57,77.27,101.09,22.17,276
2023-10-01T00:00:00.000Z,3.47,94.38,28,8.94,43,24.461,270
2023-10-02T00:00:00.000Z,1.6,37.15,8.91,6.43,19.89,9.452,272
2023-10-03T00:00:00.000Z,5.75,30.88,12.18,10.23,13.9,3.934,271
2023-10-04T00:00:00.000Z,6.28,30.02,14,11.19,16.09,3.929,276
2023-10-05T00:00:00.000Z,5.5,42.35,14.74,9.68,20.35,7.168,276
2023-10-06T00:00:00.000Z,6.13,19.95,10.91,9.26,13.2,2.84,276
2023-10-07T00:00:00.000Z,5.72,23.45,13.93,12.13,16.8,3.317,274
2023-10-08T00:00:00.000Z,6.65,48.35,15.7,10.74,19.79,7.644,273
2023-10-09T00:00:00.000Z,8.35,70.97,21.25,14.63,26.35,12.27,270
2023-10-10T00:00:00.000Z,10.77,74.55,22.88,17.89,30.92,13.138,269
2023-10-11T00:00:00.000Z,13.02,84.75,26.15,20.42,39.13,15.736,271
2023-10-12T00:00:00.000Z,17.98,76.2,34.45,29.55,39.83,12.687,271
2023-10-13T00:00:00.000Z,32.4,131.57,80.05,42.6,93.3,27.134,271
2023-10-14T00:00:00.000Z,14,140.15,35.38,22.13,82.72,34.546,275
2023-10-15T00:00:00.000Z,11,61.67,39.97,21.93,47.21,14.072,277
2023-10-16T00:00:00.000Z,25.88,244.2,59.31,37.79,133.13,61.453,274
2023-10-17T00:00:00.000Z,42.75,252.13,100.73,57.22,202.32,69.757,274
2023-10-18T00:00:00.000Z,27.35,217.95,126,45.44,161,59.356,276
2023-10-19T00:00:00.000Z,9.88,179.43,35.4,27.5,66.03,40.529,275
2023-10-20T00:00:00.000Z,17.13,79.55,32.47,25,40.65,13.973,166
2023-10-31T00:00:00.000Z,80.5,182.35,106.91,94,143.77,32.299,102
2023-11-01T00:00:00.000Z,42.92,165.13,82.5,69.45,101.88,28.169,275
2023-11-02T00:00:00.000Z,52.13,96.7,69.63,63.83,81.33,10.713,273
2023-11-03T00:00:00.000Z,28.65,60.6,37.08,33.75,47.58,8.886,279
2023-11-04T00:00:00.000Z,15.82,206.93,30.06,21.57,41.68,23.118,280
2023-11-05T00:00:00.000Z,16.7,77.18,37.53,28.02,54.79,16.346,281
2023-11-06T00:00:00.000Z,2.67,59.95,20.05,9,32,13.865,279
2023-11-07T00:00:00.000Z,9.25,78.22,33.42,27.13,55.25,17.177,279
2023-11-08T00:00:00.000Z,7.78,117.88,70.97,43.78,81.09,26.225,280
2023-11-09T00:00:00.000Z,9.02,74,45.61,38.85,59.45,15.17,266
2023-11-10T00:00:00.000Z,3.13,70.3,31.02,8.73,44.28,18.576,279
2023-11-11T00:00:00.000Z,2.8,105.13,46.07,29.48,62.44,23.363,280
2023-11-12T00:00:00.000Z,6.95,54.5,20.23,14.25,33.92,12.282,174
2023-11-13T00:00:00.000Z,2.83,23.85,8.4,6.13,12.1,4.438,281
2023-11-14T00:00:00.000Z,10.77,43.4,23.32,19.57,27.41,6.742,276
2023-11-15T00:00:00.000Z,8.85,152.57,46.92,32.67,115.7,45.328,279
2023-11-16T00:00:00.000Z,7.5,45.13,16.52,13.7,19.3,6.805,279
2023-11-17T00:00:00.000Z,12.68,406.45,41.65,26.85,85.5,52.619,274
2023-11-18T00:00:00.000Z,28.13,240.68,90.71,44.17,165.27,65.444,278
2023-11-19T00:00:00.000Z,24.4,238.48,107.8,52.97,167.95,62.972,278
2023-11-20T00:00:00.000Z,51.35,249.3,153.7,106.64,177.15,48.816,277
2023-11-21T00:00:00.000Z,51.25,222.13,138.77,111.18,162.32,38.445,279
2023-11-22T00:00:00.000Z,145.88,358.05,214.88,177.24,252.34,47.822,281
2023-11-23T00:00:00.000Z,25,292.17,97.64,82.17,131.63,61.418,280
2023-11-24T00:00:00.000Z,100.07,267.63,153.65,125.95,165.92,41.009,277
2023-11-25T00:00:00.000Z,141.07,238,196.64,165.65,218.85,29.324,22