date,min,max,median,q1,q3,stdev,count
2020-04-04T00:00:00.000Z,5.78,43.46,10.39,8.64,15.34,9.88,320
2020-04-05T00:00:00.000Z,3.65,19.05,6.88,4.96,15.54,5.161,487
2020-04-06T00:00:00.000Z,13.29,28.38,19.55,18.01,22.88,3.196,487
2020-04-07T00:00:00.000Z,26.8,105.24,57.44,33.29,79.22,25.228,411
2020-04-08T00:00:00.000Z,70.73,125.14,91.82,78.15,105.7,15.572,450
2020-04-09T00:00:00.000Z,64.26,136.52,88.38,72.13,101.98,19.053,432
2020-04-10T00:00:00.000Z,40.17,78.97,58.01,51.6,65.89,10.32,476
2020-04-11T00:00:00.000Z,8.69,83.44,43.19,18.51,61.59,22.805,144
2020-04-12T00:00:00.000Z,6.8,26.34,12.74,8.94,19.28,5.398,520
2020-04-13T00:00:00.000Z,13.07,42.6,22.57,17.6,31.64,8.627,524
2020-04-14T00:00:00.000Z,25.22,91.25,39.2,30.38,53.95,18.216,497
2020-04-15T00:00:00.000Z,40.49,93.95,61.71,54.58,71.75,12.598,445
2020-04-16T00:00:00.000Z,29.96,100.71,45.05,39.64,83.01,22.907,459
2020-04-17T00:00:00.000Z,23.72,51.11,33.9,28.89,40.18,6.228,502
2020-04-18T00:00:00.000Z,29.62,90.53,48.77,43.6,53.71,12.218,522
2020-04-19T00:00:00.000Z,15.92,158.37,43.16,19.42,75.06,37.925,507
2020-04-20T00:00:00.000Z,14.96,48.94,27.22,23.44,37,9.429,444
2020-04-21T00:00:00.000Z,20.92,76.91,35.75,27.99,58.68,16.776,351
2020-04-22T00:00:00.000Z,7.9,34.88,17.03,10.8,20.82,6.31,402
2020-04-23T00:00:00.000Z,5.14,18.05,7.19,6.34,8.74,2.866,435
2020-04-24T00:00:00.000Z,8.52,25.8,18.86,13.93,23.03,4.875,463
2020-04-25T00:00:00.000Z,17.92,30.86,21.1,20.02,22.36,1.88,406
2020-04-26T00:00:00.000Z,13,110.95,18.46,15.42,33.49,25.254,456
2020-04-27T00:00:00.000Z,10.3,49.53,20.67,14.77,30.58,11.377,465
2020-04-28T00:00:00.000Z,29.12,100.97,75.58,43.91,83.94,21.907,370
2020-04-29T00:00:00.000Z,28.5,97.54,44.49,38.97,83.14,23.721,475
2020-04-30T00:00:00.000Z,28.3,71.51,41.61,38.54,52.98,9.91,498
2020-05-01T00:00:00.000Z,14.67,77.92,35.72,23.92,58.64,18.079,508
2020-05-02T00:00:00.000Z,10.92,77.4,20.22,14.54,42.95,18.228,506
2020-05-03T00:00:00.000Z,15.95,55.58,35.83,20.95,47.24,12.918,515
2020-05-04T00:00:00.000Z,16.98,40.06,27.96,22.46,30.62,5.501,491
2020-05-05T00:00:00.000Z,8.3,60.04,25.29,11.73,34.4,15.67,464
2020-05-06T00:00:00.000Z,7.43,41,17.07,13.49,26.34,8.479,538
2020-05-07T00:00:00.000Z,9.6,60.45,22.71,18.78,40.6,13.615,359
2020-05-08T00:00:00.000Z,6.34,37.47,17.3,11.71,22.63,8.475,324
2020-05-09T00:00:00.000Z,14.77,72.12,41.72,23.25,53.03,16.502,287
2020-05-10T00:00:00.000Z,14.14,32.14,21.67,17.67,25.89,4.997,230
2020-05-11T00:00:00.000Z,10.35,41.38,18.98,14.62,32.19,10.192,330
2020-05-12T00:00:00.000Z,8.32,24.92,17.07,13.82,19.02,4.148,440
2020-05-13T00:00:00.000Z,3.72,38.11,11.94,5.35,16.3,7.099,411
2020-05-14T00:00:00.000Z,4.3,15.14,9.06,5.64,11.07,3.265,434
2020-05-15T00:00:00.000Z,8.05,36.14,11.82,9.52,16.86,6.816,474
2020-05-16T00:00:00.000Z,8.19,45.9,21.55,9.86,31.5,11.716,312
2020-05-17T00:00:00.000Z,6.28,60.79,13.04,9.98,27.78,12.253,451
2020-05-18T00:00:00.000Z,14.42,54.76,18.76,16.95,25.86,8.255,388
2020-05-19T00:00:00.000Z,18.01,87.35,34.61,23.52,67.48,22.223,467
2020-05-20T00:00:00.000Z,6.82,31.68,19.12,17.12,25.54,6.558,503
2020-05-21T00:00:00.000Z,7.26,39.9,19.69,11.78,28.16,9.118,465
2020-05-22T00:00:00.000Z,5.89,34.67,15.61,12.96,20.53,5.641,504
2020-05-23T00:00:00.000Z,16.23,54.8,32.46,19.51,41.78,11.407,362
2020-05-24T00:00:00.000Z,9.69,64.7,18.1,14.71,44.24,17.457,421
2020-05-25T00:00:00.000Z,7.18,36.13,23.06,12.64,29.37,8.281,500
2020-05-26T00:00:00.000Z,6.6,22.17,10.77,8.36,12.6,3.064,473
2020-05-27T00:00:00.000Z,10.13,46.92,24.37,12.51,29.41,10.802,492
2020-05-28T00:00:00.000Z,22.83,52.75,35.25,30.95,39.72,6.596,491
2020-05-29T00:00:00.000Z,7.97,40.63,26.29,19.37,33.97,9.197,506
2020-05-30T00:00:00.000Z,5.78,58.3,14.98,9.8,23.53,10.84,529
2020-05-31T00:00:00.000Z,6.15,88.05,15.73,10.79,41.51,20.946,460
2020-06-01T00:00:00.000Z,3.95,37.53,13.88,8.52,18.39,7.389,440
2020-06-02T00:00:00.000Z,5.97,94.78,15.72,11.1,24.45,22.072,498
2020-06-03T00:00:00.000Z,7.55,67.15,16.35,11.69,21.3,13.183,421
2020-06-04T00:00:00.000Z,7.97,63.92,15.38,11.27,24.92,13.001,494
2020-06-05T00:00:00.000Z,11.27,87.45,18.73,16.39,27.96,17.394,416
2020-06-06T00:00:00.000Z,6.43,122.53,17.95,10.98,40.67,24.65,454
2020-06-07T00:00:00.000Z,3.1,113.53,11.52,5.7,39.08,32.68,506
2020-06-08T00:00:00.000Z,1.83,67.78,11.89,2.62,36.4,21.598,500
2020-06-09T00:00:00.000Z,3.45,66.05,13.28,9.72,33.2,19.88,448
2020-06-10T00:00:00.000Z,2.2,14.87,5.12,3.47,7.43,3.312,486
2020-06-11T00:00:00.000Z,5.97,37.54,15.98,11.77,26.42,9.042,504
2020-06-12T00:00:00.000Z,3.42,36.5,8.07,6.28,10.35,5.91,491
2020-06-13T00:00:00.000Z,6.28,34.4,10,8.39,16.17,6.151,481
2020-06-14T00:00:00.000Z,3.1,28.92,9.44,6.57,18.05,6.629,309
2020-06-15T00:00:00.000Z,5.72,48.03,11.07,9.23,23.5,10.607,491
2020-06-16T00:00:00.000Z,2.47,13.7,7.67,6.1,9.25,2.571,528
2020-06-17T00:00:00.000Z,2.6,22.37,6.95,5.22,9.73,4.299,515
2020-06-18T00:00:00.000Z,3.53,13.98,7.92,5.07,9.44,2.533,474
2020-06-19T00:00:00.000Z,4.05,19,7.34,5.18,9.75,3.059,440
2020-06-20T00:00:00.000Z,5.7,21.35,10.57,9.06,12.15,2.884,533
2020-06-21T00:00:00.000Z,5.37,22.6,11.48,9.19,14.15,3.976,527
2020-06-22T00:00:00.000Z,1.77,21.17,7.35,3.9,13.84,5.31,493
2020-06-23T00:00:00.000Z,2.83,23.42,8.98,6.35,11.26,3.623,509
2020-06-24T00:00:00.000Z,3.37,27.92,9.82,5.2,16.3,6.169,508
2020-06-25T00:00:00.000Z,9.55,63.05,21.49,13.31,35.25,14.941,500
2020-06-26T00:00:00.000Z,1.8,11.7,8.39,5.25,9.44,2.769,502
2020-06-27T00:00:00.000Z,5.25,16.27,8.75,6.62,11.02,2.599,462
2020-06-28T00:00:00.000Z,7.1,18.5,11.25,8.94,12.98,2.659,401
2020-06-29T00:00:00.000Z,6.8,18.64,13.44,11.7,15.15,2.403,420
2020-06-30T00:00:00.000Z,6.4,151.57,18.1,14.92,21.41,17.969,413
2020-07-01T00:00:00.000Z,5.32,19.62,10.32,8.69,12.97,2.868,420
2020-07-02T00:00:00.000Z,6.78,23.08,13.05,11.46,15.14,2.994,412
2020-07-03T00:00:00.000Z,2.52,12.77,8.98,6.25,9.94,2.425,435
2020-07-04T00:00:00.000Z,2.83,148.38,7.85,6.43,8.93,15.597,451
2020-07-05T00:00:00.000Z,4.72,16.62,8.75,7.5,11.18,2.505,445
2020-07-06T00:00:00.000Z,5.15,13.5,7.97,6.97,8.68,1.411,260
2020-07-07T00:00:00.000Z,7.4,23.05,12.8,11.05,13.93,2.315,406
2020-07-08T00:00:00.000Z,3.1,27.23,11.5,6.4,12.75,4.308,407
2020-07-09T00:00:00.000Z,2.75,24.58,9.61,3.72,12.34,5.156,440
2020-07-10T00:00:00.000Z,2.08,31.1,6.81,5.87,9.85,5.516,410
2020-07-11T00:00:00.000Z,3,33.88,12.32,9.36,16.02,6.504,315
2020-07-12T00:00:00.000Z,4.5,32.65,14.32,11.88,20.88,6.881,395
2020-07-13T00:00:00.000Z,4.3,15.27,9.18,6.02,11.41,2.874,389
2020-07-14T00:00:00.000Z,6.68,29.33,13.7,11.69,15.18,3.746,409
2020-07-15T00:00:00.000Z,4.12,17.87,10.95,6.84,12.57,3.329,316
2020-07-16T00:00:00.000Z,5.05,19.35,9.09,7.7,11.35,3.315,298
2020-07-17T00:00:00.000Z,5.2,13.2,9.3,7.22,10.6,1.959,451
2020-07-18T00:00:00.000Z,4.55,24.73,10.45,7.28,12.13,3.463,394
2020-07-19T00:00:00.000Z,5.25,28.6,10.88,7.64,13.72,3.852,161
2020-07-20T00:00:00.000Z,2.42,20.32,11.77,6.37,12.55,4.333,178
2020-07-21T00:00:00.000Z,4.55,100.93,9.35,8.13,11.02,11.404,251
2020-07-22T00:00:00.000Z,2.6,12.05,7.3,5.32,8.88,2.32,259
2020-07-23T00:00:00.000Z,2.5,17.5,8.69,6.97,10.7,3.264,282
2020-07-24T00:00:00.000Z,2.97,22.55,9.82,4.55,11.45,4.36,360
2020-07-25T00:00:00.000Z,8.18,27.1,13.62,11,19.52,5.374,78
2020-07-26T00:00:00.000Z,3.33,22.45,11.34,5.7,14.48,5.284,418
2020-07-27T00:00:00.000Z,12.77,91.9,31.98,25.7,79.38,27.381,261
2020-07-28T00:00:00.000Z,18.77,147.02,52.75,33.77,83.67,31.65,392
2020-07-29T00:00:00.000Z,19.87,55.65,30.45,26.29,34.92,7.808,308
2020-07-30T00:00:00.000Z,28.6,29.48,29.04,28.6,29.48,0.44,2
2020-07-31T00:00:00.000Z,13,49.3,29.59,19.02,37.03,9.692,382
2020-08-01T00:00:00.000Z,4.68,18.12,7.07,5.99,10.47,2.926,397
2020-08-02T00:00:00.000Z,2.02,21.17,3.8,3.01,6.24,4.64,385
2020-08-03T00:00:00.000Z,6.3,21.12,9.55,7.99,12.58,3.422,380
2020-08-04T00:00:00.000Z,7.47,22.7,9.85,8.73,13.65,3.753,438
2020-08-05T00:00:00.000Z,2.25,26.83,17.27,4.3,20.16,7.755,469
2020-08-06T00:00:00.000Z,4.18,11.65,6.15,5.45,7.28,1.516,363
2020-08-07T00:00:00.000Z,4.34,18.5,10.85,8.88,12.35,2.412,467
2020-08-08T00:00:00.000Z,4.28,22.37,6.12,5.09,8.31,4.205,429
2020-08-09T00:00:00.000Z,4.57,23.42,9.69,7.84,11.38,2.72,484
2020-08-10T00:00:00.000Z,2.29,13.05,7.05,3.1,8.88,2.918,491
2020-08-11T00:00:00.000Z,1.67,7.95,3.33,2.58,4.46,1.42,473
2020-08-12T00:00:00.000Z,1.65,20.83,8.18,7.18,9.3,4.142,466
2020-08-13T00:00:00.000Z,1.4,26.7,4.5,2.85,6.6,4.752,489
2020-08-14T00:00:00.000Z,4.25,19.05,9.18,6.22,14.4,4.501,435
2020-08-15T00:00:00.000Z,1.9,19.52,8.01,5.9,12.18,4.158,498
2020-08-16T00:00:00.000Z,2.2,27.6,8.57,4.12,12.2,6.365,498
2020-08-17T00:00:00.000Z,1.7,168.37,6.95,5.82,9.74,25.856,492
2020-08-18T00:00:00.000Z,2.8,11.02,5,4.15,5.97,1.812,486
2020-08-19T00:00:00.000Z,3.58,14.93,5.9,4.73,12.76,3.862,484
2020-08-20T00:00:00.000Z,4.9,38.54,16.77,8.19,24.81,10.11,432
2020-08-21T00:00:00.000Z,3.3,16.95,11.3,9.98,13.65,3.473,490
2020-08-22T00:00:00.000Z,7.18,25,18.77,16.34,21,4.642,453
2020-08-23T00:00:00.000Z,9.4,23.35,15.32,12.82,16.8,3.071,469
2020-08-24T00:00:00.000Z,1.75,26.52,12.02,2.69,18.35,7.707,409
2020-08-25T00:00:00.000Z,4.4,23.45,11.91,6.03,16.61,5.33,420
2020-08-26T00:00:00.000Z,6.72,47.53,16.77,9.07,20.89,8.077,440
2020-08-27T00:00:00.000Z,14.02,61.3,26.12,21.83,47.85,13.468,491
2020-08-28T00:00:00.000Z,10.6,23.48,14.62,13.23,16.05,2.506,444
2020-08-29T00:00:00.000Z,10.68,36.58,14.54,12.45,20.39,6.181,446
2020-08-30T00:00:00.000Z,12.98,50.63,24.09,18.55,31.9,8.615,458
2020-08-31T00:00:00.000Z,13.93,41.97,24.23,19.11,30.39,6.787,448
2020-09-01T00:00:00.000Z,15.3,97.15,29.6,23.39,53.01,24.266,384
2020-09-02T00:00:00.000Z,55.85,94.28,80.65,72.5,84.45,9.29,434
2020-09-03T00:00:00.000Z,52.4,118.43,67.04,59.65,83.8,15.883,442
2020-09-04T00:00:00.000Z,26.25,76.9,50.7,38.56,59.09,12.806,440
2020-09-05T00:00:00.000Z,11.25,34.78,21.3,15.65,23.85,5.746,447
2020-09-06T00:00:00.000Z,3.87,27.5,11.7,5.72,23.9,8.391,435
2020-09-07T00:00:00.000Z,3.47,14.55,10.31,9.5,11.3,2.118,412
2020-09-08T00:00:00.000Z,11.7,52.83,26.37,19.12,43.6,12.514,353
2020-09-09T00:00:00.000Z,6.15,23.48,11.45,9.1,17.6,4.848,375
2020-09-10T00:00:00.000Z,2.72,30.9,14.83,7.95,24.57,8.135,316
2020-09-11T00:00:00.000Z,6.07,31.08,20.48,17.25,25.05,6.316,303
2020-09-12T00:00:00.000Z,4.2,23.17,11.51,10.6,15.56,3.951,284
2020-09-13T00:00:00.000Z,3.2,21.92,8.3,7.22,11.4,4.196,351
2020-09-14T00:00:00.000Z,6.9,24.77,12.93,9.63,15.23,3.978,283
2020-09-15T00:00:00.000Z,6.47,19.64,12.73,10.58,15.96,3.252,241
2020-09-16T00:00:00.000Z,23.15,33.4,25.48,24.33,27.71,2.871,37
2020-09-17T00:00:00.000Z,6.68,32.79,12.35,11.05,13.79,4.022,149
2020-09-18T00:00:00.000Z,3.33,14.07,6.43,5.57,7.3,1.604,319
2020-09-19T00:00:00.000Z,7.15,113.9,12.93,11.25,15.35,14.35,293
2020-09-20T00:00:00.000Z,15.7,83.65,42.3,25.37,75.15,22.933,226
2020-09-21T00:00:00.000Z,11.3,72.06,23.38,16.6,30.98,18.46,217
2020-09-22T00:00:00.000Z,4.18,22.9,8.52,7.28,11.27,4.429,327
2020-09-23T00:00:00.000Z,2.29,40.11,13.18,5.3,19.91,10.579,420
2020-09-24T00:00:00.000Z,2.9,55.9,26.92,15.76,34.78,13.944,433
2020-09-25T00:00:00.000Z,7,93.37,35.14,23.52,49.7,19.79,328
2020-09-26T00:00:00.000Z,6.43,22.95,13.52,9.77,17.32,4.059,270
2020-09-27T00:00:00.000Z,9.52,23.25,13.43,11.32,16.45,3.185,220
2020-09-28T00:00:00.000Z,13.27,93.65,56.44,37.42,68.28,23.226,246
2020-09-29T00:00:00.000Z,19.7,92.07,32.89,24.06,51.44,18.023,248
2020-09-30T00:00:00.000Z,4.3,44.7,28.35,22.08,30.98,10.662,376
2020-10-01T00:00:00.000Z,4.22,62,14.7,11.9,19.5,11.109,293
2020-10-02T00:00:00.000Z,19.42,55.22,29.75,23.33,41.58,10.107,210
2020-10-03T00:00:00.000Z,6.95,44.5,17.5,13.97,21.43,7.37,216
2020-10-04T00:00:00.000Z,4.32,18.14,10.15,5.7,15.13,4.514,298
2020-10-05T00:00:00.000Z,7.57,78.09,21.42,12.77,41.18,16.172,297
2020-10-06T00:00:00.000Z,10.25,35.78,18.82,16.97,21.32,4.682,321
2020-10-07T00:00:00.000Z,10.77,19.67,12.55,11.98,16.77,2.686,319
2020-10-08T00:00:00.000Z,10.45,21.58,15.48,12.37,18.45,3.105,257
2020-10-09T00:00:00.000Z,10.93,19.8,13.85,12.39,15.53,2.283,337
2020-10-10T00:00:00.000Z,12.23,48.83,22.13,16.92,25.73,6.132,397
2020-10-11T00:00:00.000Z,19.64,67.53,26.3,24.65,31.3,10.195,417
2020-10-12T00:00:00.000Z,31.6,67.45,49.05,40.9,57.33,8.982,331
2020-10-13T00:00:00.000Z,32.65,61.7,41.45,36.67,46.81,6.85,393
2020-10-14T00:00:00.000Z,4,35.33,13.25,5.6,25.05,10.295,390
2020-10-15T00:00:00.000Z,3.78,11.05,6.3,5.45,7.2,1.424,391
2020-10-16T00:00:00.000Z,6.55,30.5,16.12,10.73,25.48,7.843,402
2020-10-17T00:00:00.000Z,6.15,20.73,10.97,8.56,12.23,2.868,404
2020-10-18T00:00:00.000Z,15.77,22.98,19.25,18.12,20.39,1.58,416
2020-10-19T00:00:00.000Z,12.05,25.75,20.3,17.14,21.98,3.618,410
2020-10-20T00:00:00.000Z,13.6,24.17,16.66,15.25,18.39,2.546,432
2020-10-21T00:00:00.000Z,7.28,25.15,15.18,9.35,21.63,5.767,409
2020-10-22T00:00:00.000Z,10.25,43.42,18.62,12.26,31.2,11.157,400
2020-10-23T00:00:00.000Z,10.6,95.68,35.4,17.04,75.33,29.174,388
2020-10-24T00:00:00.000Z,16.75,101.18,49.08,30.67,63,22.358,415
2020-10-25T00:00:00.000Z,24.6,54.67,39.35,34.7,48.08,8.196,451
2020-10-26T00:00:00.000Z,32.22,103.55,46.4,36.65,55.88,19.215,450
2020-10-27T00:00:00.000Z,23.38,56.83,37.13,32.49,45.94,8.355,424
2020-10-28T00:00:00.000Z,24.27,88.6,34.35,31.38,44.22,15.034,443
2020-10-29T00:00:00.000Z,12.02,38.83,31.52,19.64,35.44,8.255,445
2020-10-30T00:00:00.000Z,9.68,23.15,13.98,12.68,16.3,2.733,447
2020-10-31T00:00:00.000Z,9.25,41.95,30.58,21.25,35.82,8.283,465
2020-11-01T00:00:00.000Z,29.2,82.22,60.99,48.42,65.15,15.016,462
2020-11-02T00:00:00.000Z,6.75,65.31,20.58,10.76,49.62,19.113,441
2020-11-03T00:00:00.000Z,17.2,38.25,21.77,19.7,25.04,5.563,436
2020-11-04T00:00:00.000Z,37.17,112.03,43.92,40.58,90.68,26.021,341
2020-11-05T00:00:00.000Z,63.17,144,118.3,70.3,130.1,29.429,315
2020-11-06T00:00:00.000Z,59.75,195.1,144.74,116.07,153.57,26.286,316
2020-11-07T00:00:00.000Z,16.39,60.25,24.17,18.59,34.39,11.207,372
2020-11-08T00:00:00.000Z,20.98,77.3,35.65,28.42,50.88,14.411,336
2020-11-09T00:00:00.000Z,15.93,51.88,30.58,18.8,38.08,9.65,274
2020-11-10T00:00:00.000Z,17.42,79.06,30.65,24.63,46.82,15.002,329
2020-11-11T00:00:00.000Z,24.58,101.5,62.63,46.39,80.36,21.727,333
2020-11-12T00:00:00.000Z,23.58,82.15,60.63,45.11,64.64,14.848,276
2020-11-13T00:00:00.000Z,20.88,82.93,39.78,31.1,48.55,12.006,299
2020-11-14T00:00:00.000Z,21.55,45.13,27.99,24.65,36.39,7.103,320
2020-11-15T00:00:00.000Z,24.6,54.15,28.85,27.85,33.28,6.049,278
2020-11-16T00:00:00.000Z,14.1,25.63,21.7,17,23.5,3.336,270
2020-11-17T00:00:00.000Z,15.02,70.7,49.58,36.6,53.4,15.208,299
2020-11-18T00:00:00.000Z,21.73,53.6,28.18,25.48,37.92,8.758,350
2020-11-19T00:00:00.000Z,24.33,93.32,42.9,33.17,59.97,15.519,351
2020-11-20T00:00:00.000Z,22.23,51.2,27.92,24.92,35.5,7.602,350
2020-11-21T00:00:00.000Z,19.89,69.53,35.72,28.3,38.79,11.711,303
2020-11-22T00:00:00.000Z,17.13,42.65,35.35,30.3,37.7,6.353,292
2020-11-23T00:00:00.000Z,19.6,64.34,47.55,35.38,53.61,10.872,265
2020-11-24T00:00:00.000Z,39.47,114.6,68.19,53.36,72.73,14.281,280
2020-11-25T00:00:00.000Z,46.35,101.47,73.11,68.04,82.67,12.888,284
2020-11-26T00:00:00.000Z,33.75,99.47,51.9,45.28,71.47,16.293,276
2020-11-27T00:00:00.000Z,30.45,122.72,60.33,38.78,72.45,17.941,262
2020-11-28T00:00:00.000Z,12.82,41.4,32.28,24.48,34.74,7.272,277
2020-11-29T00:00:00.000Z,13.73,49.05,24.74,20.3,33,9.064,274
2020-11-30T00:00:00.000Z,24.17,61.75,32.78,27.83,45.6,9.967,240
2020-12-01T00:00:00.000Z,50.13,110.22,74.25,66.47,94.04,17.768,237
2020-12-02T00:00:00.000Z,49.28,139.55,81.56,68.23,105.2,24.017,269
2020-12-03T00:00:00.000Z,14.5,60.72,45.98,29.65,53.07,14.208,236
2020-12-04T00:00:00.000Z,16.02,54.92,23.17,20.45,30.04,8.032,261
2020-12-05T00:00:00.000Z,20.39,48.7,29.88,26.08,34.47,6.725,251
2020-12-06T00:00:00.000Z,40.35,92.18,52.35,48.56,69.06,13.671,328
2020-12-07T00:00:00.000Z,49.7,116.82,80.09,64.14,101.76,19.795,276
2020-12-08T00:00:00.000Z,42.28,193.88,84.35,49.83,137.4,44.557,275
2020-12-09T00:00:00.000Z,52.67,216.48,94.52,79.06,112.53,32.671,246
2020-12-10T00:00:00.000Z,47.58,210.6,111.53,85.66,143.97,40.979,256
2020-12-11T00:00:00.000Z,180.98,245,224.45,209.2,234.3,15.215,63
2020-12-12T00:00:00.000Z,89.18,135.4,111.63,102.42,124.8,12.654,168
2020-12-13T00:00:00.000Z,16.35,137.19,111.15,55.8,119.47,40.501,291
2020-12-14T00:00:00.000Z,9.5,104.18,15.92,11.25,77.68,31.642,270
2020-12-15T00:00:00.000Z,6.47,25.63,14.6,8.07,16.67,5.086,287
2020-12-16T00:00:00.000Z,9.48,108.65,19.98,15.29,24.03,23.837,301
2020-12-17T00:00:00.000Z,9.94,20.92,16.2,14.35,18.27,2.562,272
2020-12-18T00:00:00.000Z,7.88,28.05,21.23,10.16,23.77,6.473,141
2020-12-19T00:00:00.000Z,24.02,31.8,26.5,25.49,28.82,2.068,68
2020-12-20T00:00:00.000Z,25.9,41.53,35.95,29.4,37.97,4.493,300
2020-12-21T00:00:00.000Z,35.97,70.25,55.2,39.25,59.63,10.307,293
2020-12-22T00:00:00.000Z,56.38,122.1,76.05,65.45,102.49,20.356,281
2020-12-23T00:00:00.000Z,58.72,108.53,84.87,72.56,97.73,13.953,301
2020-12-24T00:00:00.000Z,45.37,210.1,114.5,59.25,164.95,57.03,279
2020-12-25T00:00:00.000Z,68.27,183.55,102.57,86.05,119.03,27.606,302
2020-12-26T00:00:00.000Z,62.05,98.82,74.06,69.86,87.36,10.666,288
2020-12-27T00:00:00.000Z,62.5,871.47,131.18,94.9,203.02,182.912,295
2020-12-28T00:00:00.000Z,28.38,78.13,58.33,45.53,65.8,13.507,286
2020-12-29T00:00:00.000Z,19.77,51.2,30.22,27.32,42.47,8.112,284
2020-12-30T00:00:00.000Z,14.5,35.72,24.55,17.14,31.25,6.952,282
2020-12-31T00:00:00.000Z,24.33,93.9,42.22,29.55,52.9,15.19,307
2021-01-01T00:00:00.000Z,26.85,136.38,43.33,36.15,115.94,41.858,293
2021-01-02T00:00:00.000Z,70.67,132.97,83.83,78.4,99.03,14.589,267
2021-01-03T00:00:00.000Z,52.57,114.03,75.16,63.87,97.18,18.575,278
2021-01-04T00:00:00.000Z,68.88,128.82,77.94,74.65,93.37,11.588,266
2021-01-05T00:00:00.000Z,108.97,173,137.35,116.38,155.8,20.592,261
2021-01-06T00:00:00.000Z,96.75,151.27,128.78,108.28,137.41,16.329,264
2021-01-07T00:00:00.000Z,6.57,147.22,43.03,26.93,98.65,46.699,267
2021-01-08T00:00:00.000Z,5,32.78,11.23,8,21.37,7.178,282
2021-01-09T00:00:00.000Z,18.97,27.45,23.99,23.02,24.65,1.691,278
2021-01-10T00:00:00.000Z,20.9,49.47,36.5,22.48,41.75,10.276,278
2021-01-11T00:00:00.000Z,20.45,37.28,28.27,24.6,33.28,4.713,256
2021-01-12T00:00:00.000Z,26,79.81,37.7,31.2,65.16,18.111,265
2021-01-13T00:00:00.000Z,58.85,97.78,70.84,67.3,75.63,9.527,259
2021-01-14T00:00:00.000Z,57.07,84.53,77.45,73.72,79.8,6.132,259
2021-01-15T00:00:00.000Z,58.43,172.02,85.47,71.22,103.72,26.551,275
2021-01-16T00:00:00.000Z,60.8,169.13,69.54,65.87,147.57,40.789,262
2021-01-17T00:00:00.000Z,32.5,147.44,50.75,44.19,87.08,34.306,245
2021-01-18T00:00:00.000Z,29.53,98.22,50,31.67,73.06,21.987,229
2021-01-19T00:00:00.000Z,54.92,97.33,70.34,62.72,85.91,12.598,212
2021-01-20T00:00:00.000Z,77.65,126.38,97.99,86.68,114.63,14.155,262
2021-01-21T00:00:00.000Z,117.68,187.3,138.91,129.35,166.23,20.458,242
2021-01-22T00:00:00.000Z,100.93,154.65,126.85,120.45,134.72,12.168,251
2021-01-23T00:00:00.000Z,120.6,198.2,131.81,128.04,152.01,18.132,252
2021-01-24T00:00:00.000Z,68.3,154.47,114.9,97.84,131.22,22.689,269
2021-01-25T00:00:00.000Z,34.35,76.43,65.95,50.13,69.25,12.651,235
2021-01-26T00:00:00.000Z,34.92,77.88,47.85,42.22,63.53,11.637,268
2021-01-27T00:00:00.000Z,24.15,40.67,31.3,28.39,33.61,4.089,245
2021-01-28T00:00:00.000Z,16.82,48.75,33.6,24.65,36.65,7.711,279
2021-01-29T00:00:00.000Z,42.17,110.5,83.22,76.78,101.9,19.786,258
2021-01-30T00:00:00.000Z,60.42,95.97,74.4,67.59,82.1,8.025,266
2021-01-31T00:00:00.000Z,34.4,72.95,57.47,40.13,63.38,11.961,275
2021-02-01T00:00:00.000Z,30.33,60.6,41.13,35.35,46.67,7.916,225
2021-02-02T00:00:00.000Z,27.6,85.4,63.96,50.68,72.91,16.323,244
2021-02-03T00:00:00.000Z,34.47,56.67,46.9,39.81,51.65,6.354,200
2021-02-04T00:00:00.000Z,44.7,111.45,54.17,48.69,87.48,21.54,257
2021-02-05T00:00:00.000Z,41.5,105,62.45,57.22,79.65,15.946,231
2021-02-06T00:00:00.000Z,31.05,114.82,68.2,55.38,91.61,23.199,237
2021-02-07T00:00:00.000Z,44.6,154.88,80.72,55.87,111.68,32.956,232
2021-02-08T00:00:00.000Z,3.03,147.18,16.07,5.9,94.8,46.326,247
2021-02-09T00:00:00.000Z,4.84,49.15,22.42,11.1,28.67,12.333,211
2021-02-10T00:00:00.000Z,33.13,50.17,42.06,37.65,46.15,4.693,68
2021-02-11T00:00:00.000Z,27.63,93.1,36.17,30.92,55.35,14.921,231
2021-02-12T00:00:00.000Z,26.83,67.34,42.75,34.4,47.77,10.793,269
2021-02-13T00:00:00.000Z,34.7,74.97,47.88,42.47,52.58,6.604,259
2021-02-14T00:00:00.000Z,37.33,83.03,54.67,45.83,60.1,9.628,235
2021-02-15T00:00:00.000Z,25.8,96.5,72.38,34.9,82.65,23.462,235
2021-02-16T00:00:00.000Z,24.15,99.45,64.69,44.9,83.08,24.186,228
2021-02-17T00:00:00.000Z,16.52,49.72,34.59,22.81,36.61,8.039,200
2021-02-18T00:00:00.000Z,37.97,176.75,77.31,47.84,139.16,46.835,264
2021-02-19T00:00:00.000Z,62.47,137.97,85.03,74.27,108.53,18.989,197
2021-02-21T00:00:00.000Z,36.42,60.3,43.35,41.15,49.45,5.769,159
2021-02-22T00:00:00.000Z,28.38,107.3,47.88,35.1,71.56,22.937,214
2021-02-23T00:00:00.000Z,36,104,61.74,46.78,66.22,12.818,226
2021-02-24T00:00:00.000Z,26.02,80.97,34.57,32.6,61,16.802,231
2021-02-25T00:00:00.000Z,22.48,77.95,36.79,30.29,58.49,16.132,224
2021-02-26T00:00:00.000Z,25.17,89.3,52.63,43.07,64.88,15.41,212
2021-02-27T00:00:00.000Z,31.6,79.18,56.49,40.59,62.5,12.761,252
2021-02-28T00:00:00.000Z,46.88,93.4,65.68,57.65,72.68,10.723,236
2021-03-01T00:00:00.000Z,19.39,76.8,52.98,40.95,65.88,16.12,226
2021-03-02T00:00:00.000Z,14.9,94.13,41.44,19.05,62.53,25.99,248
2021-03-03T00:00:00.000Z,45.42,113.8,71.4,64.72,84.34,14.384,225
2021-03-04T00:00:00.000Z,33.9,135.97,53.29,49.43,76.04,26.048,228
2021-03-05T00:00:00.000Z,48.35,97.63,69.2,59.35,79.05,11.655,244
2021-03-06T00:00:00.000Z,46.03,111.63,77.38,54.27,85.7,17.739,235
2021-03-07T00:00:00.000Z,53.1,131.18,71.4,60.58,93.82,23.032,259
2021-03-08T00:00:00.000Z,46,126.47,80.13,64.2,98.4,23.278,242
2021-03-09T00:00:00.000Z,30.58,73.3,45.54,34.65,56.3,13.134,240
2021-03-10T00:00:00.000Z,54.2,77.72,73.78,68.7,75.08,5.997,41
2021-03-11T00:00:00.000Z,38.92,72.68,47.05,42.43,63.15,10.721,69
2021-03-12T00:00:00.000Z,41.78,103.18,71,66.08,80.69,14.796,241
2021-03-13T00:00:00.000Z,41.7,104.88,80.56,60.97,91.27,18.478,244
2021-03-14T00:00:00.000Z,36.79,76.43,55.7,47.88,68.63,11.018,235
2021-03-15T00:00:00.000Z,28.42,64.59,38.95,32.07,47.9,11.132,217
2021-03-16T00:00:00.000Z,26.48,192.55,40.49,35.63,51.07,35.493,216
2021-03-17T00:00:00.000Z,37.97,68.28,56.08,49.19,59.53,7.384,249
2021-03-18T00:00:00.000Z,29.42,98.63,54.8,43.35,62.78,14.027,230
2021-03-19T00:00:00.000Z,22,71.68,32.42,31.08,35.88,11.449,227
2021-03-20T00:00:00.000Z,29.95,66.53,41.24,33.6,44.22,6.941,242
2021-03-21T00:00:00.000Z,5.93,30.55,13.57,9.03,16.07,5.751,228
2021-03-22T00:00:00.000Z,15.43,53.05,22.75,18.7,31.9,9.229,231
2021-03-23T00:00:00.000Z,20.95,84.72,38.61,29.92,49.2,14.692,298
2021-03-24T00:00:00.000Z,31.38,157,117.22,45.14,128.59,42.371,224
2021-03-25T00:00:00.000Z,82.07,139.93,112.32,102.32,118.15,13.054,218
2021-03-26T00:00:00.000Z,46.47,114.53,72.75,57.58,86,15.173,231
2021-03-27T00:00:00.000Z,33.65,79.15,50.72,42.54,63.27,12.66,241
2021-03-28T00:00:00.000Z,25.3,85.63,40.67,37.15,62.63,18.462,162
2021-03-29T00:00:00.000Z,71.15,110.65,91.32,85.24,97.21,8.351,188
2021-03-30T00:00:00.000Z,45.95,115.6,80.95,58.05,91.07,20.719,213
2021-03-31T00:00:00.000Z,49.92,126.65,67.95,63.2,85.55,20.991,195
2021-04-01T00:00:00.000Z,48.7,124.9,63.97,60.09,73.8,13.85,177
2021-04-02T00:00:00.000Z,18.5,101.9,42.72,29.7,53.85,14.595,199
2021-04-03T00:00:00.000Z,18,75.95,45.3,25.25,64.04,18.842,205
2021-04-04T00:00:00.000Z,23.73,100.8,46.88,34.35,70.47,21.653,207
2021-04-05T00:00:00.000Z,25.45,142.18,47.65,29.49,120.52,44.204,164
2021-04-06T00:00:00.000Z,41.7,115.1,59.35,49.95,74.56,21.661,239
2021-04-07T00:00:00.000Z,35.29,67.18,46.08,40.4,53.47,9.224,163
2021-04-08T00:00:00.000Z,22.5,60.08,32.2,29.98,36.7,5.682,187
2021-04-09T00:00:00.000Z,20.88,46.97,40.2,22.24,43.64,10.404,45
2021-04-10T00:00:00.000Z,56.53,127.07,113.53,109.65,122.24,20.902,73
2021-04-11T00:00:00.000Z,14.88,128.22,26.8,23.4,77.36,38.026,129
2021-04-12T00:00:00.000Z,15.7,64.13,25.16,21.95,35.1,12.287,122
2021-04-13T00:00:00.000Z,17.88,30.63,21.75,20.42,23.99,3.174,77
2021-04-14T00:00:00.000Z,15.52,28.9,22.22,20.78,25.2,3.413,68
2021-04-15T00:00:00.000Z,13.6,50.85,27.48,22.75,30.67,6.242,121
2021-04-16T00:00:00.000Z,12.98,52.05,28.23,21.77,34.4,9.188,127
2021-04-17T00:00:00.000Z,9.69,59.55,18.07,15.55,33.57,12.375,145
2021-04-18T00:00:00.000Z,40.95,95.63,67.5,51.3,82.29,16.567,129
2021-04-19T00:00:00.000Z,19.89,80.53,35.63,23.55,48.05,18.559,127
2021-04-20T00:00:00.000Z,21.47,45.88,33.1,24.77,39.38,7.47,126
2021-04-21T00:00:00.000Z,12.02,123.22,19.82,16.14,27.65,22.706,125
2021-04-22T00:00:00.000Z,14.75,32.04,21.81,18.35,24.6,3.703,116
2021-04-23T00:00:00.000Z,24.15,43.03,29.98,28,31.65,2.992,114
2021-04-24T00:00:00.000Z,4.03,62.22,25.53,11.77,38.75,16.055,126
2021-04-25T00:00:00.000Z,4.18,43.28,16.82,14.56,17.94,7.073,160
2021-04-26T00:00:00.000Z,8.4,51.55,26.53,18.5,35.57,11.195,132
2021-04-27T00:00:00.000Z,19.38,83.2,40.35,27.02,44.1,16.499,126
2021-04-28T00:00:00.000Z,7.72,39.88,16.39,13.7,34.29,10.668,90
2021-04-29T00:00:00.000Z,14.65,35.79,24.82,18.62,27.49,5.606,116
2021-04-30T00:00:00.000Z,19.32,88.43,29.88,25.22,53.32,22.532,100
2021-05-01T00:00:00.000Z,19.38,54.97,31.54,27.3,43.47,10.044,128
2021-05-02T00:00:00.000Z,6.18,45.5,23.02,9.64,28.75,12.616,125
2021-05-03T00:00:00.000Z,1,27.48,11.4,3.75,14.93,7.572,118
2021-05-04T00:00:00.000Z,1.05,31.48,6.13,2.9,12.05,8.897,118
2021-05-05T00:00:00.000Z,1.05,49.4,11,7.25,22.14,12.756,117
2021-05-06T00:00:00.000Z,10.43,85.32,49.24,31.42,60.7,18.054,106
2021-05-07T00:00:00.000Z,13.63,86.25,24.38,20.32,36.32,20.238,108
2021-05-08T00:00:00.000Z,13.98,61.1,35.99,18.35,39.71,12.209,116
2021-05-09T00:00:00.000Z,1.7,63.75,21.99,17.7,28.7,17.052,134
2021-05-10T00:00:00.000Z,1.95,44.92,17.48,2.47,29.48,14.306,98
2021-05-11T00:00:00.000Z,5.07,29.33,11.61,10.48,12.84,4.426,68
2021-05-12T00:00:00.000Z,12.18,52.35,30.45,19.44,33.22,8.925,109
2021-05-13T00:00:00.000Z,1,133.97,15.07,2.45,24.06,22.942,141
2021-05-14T00:00:00.000Z,1,40.6,10.98,7.32,24.49,11.695,124
2021-05-15T00:00:00.000Z,1.1,57.45,10.48,3.93,22.13,13.115,140
2021-05-16T00:00:00.000Z,1.7,39.78,8.13,3.64,11.3,10.276,133
2021-05-17T00:00:00.000Z,0.8,23.58,1.91,1.55,8.05,4.556,106
2021-05-18T00:00:00.000Z,0.9,4.97,2.54,1.42,3.97,1.312,31
2021-05-19T00:00:00.000Z,1.7,10.18,4.8,4.13,6.05,1.688,90
2021-05-20T00:00:00.000Z,1.08,15.8,2.42,1.38,5.48,3.95,125
2021-05-21T00:00:00.000Z,1.27,29.8,9.18,2.42,12.55,5.833,115
2021-05-22T00:00:00.000Z,2.29,36.33,6.22,5.55,20.39,8.702,58
2021-05-24T00:00:00.000Z,0.82,3.88,2.2,1.47,2.41,0.686,101
2021-05-25T00:00:00.000Z,0.73,74.13,4.28,1.54,42.86,23.871,161
2021-05-26T00:00:00.000Z,13.4,88.57,24.04,19.48,31.84,20.014,160
2021-05-27T00:00:00.000Z,3.17,37.6,18.75,14.93,22.48,7.554,151
2021-05-28T00:00:00.000Z,2.22,33.08,6.2,4.7,13.3,8.859,155
2021-05-29T00:00:00.000Z,2.75,34.45,5.07,3.38,18.85,10.525,135
2021-05-30T00:00:00.000Z,2.1,67.34,6.59,3.93,16.52,19.05,164
2021-05-31T00:00:00.000Z,1.52,60.45,10.26,4.63,19.22,14.181,132
2021-06-01T00:00:00.000Z,1.14,75.93,4.47,2.81,7.95,16.295,172
2021-06-02T00:00:00.000Z,2.25,64.97,6.85,4.57,14.55,15.668,147
2021-06-03T00:00:00.000Z,1.77,116.97,6.57,5.7,22.49,22.799,145
2021-06-04T00:00:00.000Z,1.8,10.95,3.28,2.8,5.93,1.902,155
2021-06-05T00:00:00.000Z,2.6,97.8,22.35,17.32,27.1,14.636,155
2021-06-06T00:00:00.000Z,6.85,71.53,22.84,14.87,40.15,17.721,184
2021-06-07T00:00:00.000Z,1.1,20.8,6.57,4.34,10.33,4.638,305
2021-06-08T00:00:00.000Z,0.9,29.7,12.5,6.95,14.59,5.922,229
2021-06-09T00:00:00.000Z,14.1,49.25,29.8,24.33,40.58,10.063,251
2021-06-10T00:00:00.000Z,4.65,36.08,17.02,12.51,30.3,9.424,168
2021-06-11T00:00:00.000Z,2,43.47,7.59,4.63,14.15,8.288,174
2021-06-12T00:00:00.000Z,0.9,26.52,4.3,2.08,12.6,6.66,154
2021-06-13T00:00:00.000Z,0.47,3.97,1.92,1.26,2.54,0.868,152
2021-06-14T00:00:00.000Z,1.14,19.14,6.25,1.97,9.88,4.663,189
2021-06-15T00:00:00.000Z,0.5,16.7,2.52,1.42,4.84,3.073,194
2021-06-16T00:00:00.000Z,0.98,11.38,2.8,1.84,3.84,1.802,169
2021-06-17T00:00:00.000Z,0.9,7.5,2.22,1.9,4.2,1.539,234
2021-06-18T00:00:00.000Z,0.9,12.18,4,2.38,6.62,2.523,233
2021-06-19T00:00:00.000Z,1,13.65,3.98,2.12,5.77,2.491,260
2021-06-20T00:00:00.000Z,1.5,63.78,4.34,2.24,9.21,9.044,289
2021-06-21T00:00:00.000Z,1.9,17.77,4.25,3.17,5.53,3.897,267
2021-06-22T00:00:00.000Z,0.98,17.75,8.27,3.4,10.55,4.125,218
2021-06-23T00:00:00.000Z,0.8,15.9,4.04,1.77,6.72,2.986,280
2021-06-24T00:00:00.000Z,1.2,17.75,4.22,2.22,6.54,2.859,245
2021-06-25T00:00:00.000Z,0.6,28.38,2.29,1.17,11.82,7.064,291
2021-06-26T00:00:00.000Z,0.5,4.72,2.02,1.2,2.6,0.931,299
2021-06-27T00:00:00.000Z,1.12,12.18,1.88,1.6,4.29,2.634,297
2021-06-28T00:00:00.000Z,1.1,7.53,2.1,1.7,2.88,0.889,283
2021-06-29T00:00:00.000Z,1.48,24.88,3.13,2.29,4.76,5.801,308
2021-06-30T00:00:00.000Z,4.45,11.8,7.57,6.25,9.07,1.633,286
2021-07-01T00:00:00.000Z,8,10.05,8.86,8.38,9.19,0.515,24
2021-07-07T00:00:00.000Z,0.7,17.52,6.54,3.2,12.5,4.984,162
2021-07-08T00:00:00.000Z,0.6,8.73,2.5,1.13,3.59,1.657,260
2021-07-09T00:00:00.000Z,0.9,15.85,3.58,2.9,4.88,3.697,300
2021-07-10T00:00:00.000Z,1.5,19.92,4.59,2.27,9.5,3.98,298
2021-07-11T00:00:00.000Z,1.5,214.45,4.2,2.71,15.58,43.446,329
2021-07-12T00:00:00.000Z,1.7,12.95,5.75,3.15,7.95,2.922,243
2021-07-13T00:00:00.000Z,1.77,18.88,5.09,3.03,10.38,4.627,227
2021-07-14T00:00:00.000Z,1.38,25.92,3.78,2.1,9.94,6.177,247
2021-07-15T00:00:00.000Z,0.9,20.48,2.63,1.8,3.94,3.248,272
2021-07-16T00:00:00.000Z,1.42,22.2,6.14,1.9,8.84,4.706,252
2021-07-17T00:00:00.000Z,1.42,39.92,5.17,2.29,14.95,7.63,294
2021-07-18T00:00:00.000Z,1.7,11.45,6.05,4.59,7.3,2.179,262
2021-07-19T00:00:00.000Z,4.38,44.92,10.4,7.03,13.35,7.012,226
2021-07-20T00:00:00.000Z,2.9,31.65,9.25,6.76,15.61,7.03,252
2021-07-21T00:00:00.000Z,1.88,7.6,3.7,3.03,4.63,1.267,270
2021-07-22T00:00:00.000Z,1.8,42.03,7.03,4.8,14.2,9.299,231
2021-07-23T00:00:00.000Z,1.1,22.3,2.6,2.2,5.57,4.602,214
2021-07-24T00:00:00.000Z,2,20.8,4.7,3.4,7.53,3.652,255
2021-07-25T00:00:00.000Z,2.27,22.08,8.77,3.4,14.23,6.049,295
2021-07-26T00:00:00.000Z,1.9,32.27,4.18,2.79,7.6,4.499,300
2021-07-27T00:00:00.000Z,1.7,12,4.84,2.65,6.75,2.206,298
2021-07-28T00:00:00.000Z,1.5,19.02,5.8,3.33,8.38,3.512,282
2021-07-29T00:00:00.000Z,2.27,48.28,6.3,3.4,8.38,7.587,290
2021-07-30T00:00:00.000Z,1.5,69.5,5.82,3.46,14.41,13.614,229
2021-07-31T00:00:00.000Z,0.43,60.15,7.25,2.83,13.56,9.225,253
2021-08-01T00:00:00.000Z,0.3,21.38,3,1.98,4.18,3.421,255
2021-08-02T00:00:00.000Z,1.7,13.27,6.43,5.25,7.14,2.044,241
2021-08-03T00:00:00.000Z,4.4,39.53,13.4,6.55,17.45,7.665,253
2021-08-04T00:00:00.000Z,4.95,32.22,13.57,7.19,17.94,5.977,168
2021-08-05T00:00:00.000Z,4.18,51.15,9.1,7.22,10.69,6.928,257
2021-08-06T00:00:00.000Z,1.1,26.38,4.59,1.99,6.9,4.286,301
2021-08-07T00:00:00.000Z,1.1,36.1,6.37,2.94,14.07,6.892,304
2021-08-08T00:00:00.000Z,6.05,57.9,10.73,8.48,13.05,9.353,279
2021-08-09T00:00:00.000Z,1.27,54.88,17.8,10.93,22.5,9.928,226
2021-08-10T00:00:00.000Z,1.08,17.5,2.13,1.6,5.7,3.279,296
2021-08-11T00:00:00.000Z,0.8,16.48,2.52,1.5,3.92,2.621,228
2021-08-12T00:00:00.000Z,0.6,45.58,1.4,1,10.52,9.491,286
2021-08-13T00:00:00.000Z,1.23,15.55,4.57,3.83,6.55,2.71,511
2021-08-14T00:00:00.000Z,1.52,18.92,3.16,2.22,4.13,3.504,428
2021-08-15T00:00:00.000Z,1.5,28.25,5.3,2.4,10.71,5.196,449
2021-08-16T00:00:00.000Z,1.5,18.57,5.53,3,7.7,3.666,497
2021-08-17T00:00:00.000Z,1.33,23.2,4.43,2.2,6.63,3.72,523
2021-08-18T00:00:00.000Z,0.8,13.02,1.6,1.17,2.58,2.51,447
2021-08-19T00:00:00.000Z,0.9,13.23,3.53,2.22,5.55,2.698,525
2021-08-20T00:00:00.000Z,1.35,21.52,3.65,2.63,6.4,4.407,496
2021-08-21T00:00:00.000Z,1.5,18.27,4.42,2.76,8.15,4.101,532
2021-08-22T00:00:00.000Z,2.2,45.63,7.8,3.24,12.96,8.638,497
2021-08-23T00:00:00.000Z,2.5,29.42,7.97,5.12,11.42,5.283,537
2021-08-24T00:00:00.000Z,2.6,36.7,7.05,4.88,10.9,5.373,507
2021-08-25T00:00:00.000Z,1.92,13.57,4.3,2.7,6.26,2.799,509
2021-08-26T00:00:00.000Z,1.1,9.1,2.27,1.85,2.88,1.051,357
2021-08-27T00:00:00.000Z,0.7,21.25,3.4,1.9,5.14,3.003,385
2021-08-28T00:00:00.000Z,1.1,27.7,2.92,1.9,17.05,8.784,354
2021-08-29T00:00:00.000Z,1.42,24.63,3.75,2.5,8.16,4.467,376
2021-08-30T00:00:00.000Z,1.12,13.68,5.43,3.2,7.3,2.542,507
2021-08-31T00:00:00.000Z,1.1,23.38,4.88,2.72,7.88,4.058,518
2021-09-01T00:00:00.000Z,1.1,17.39,4.88,2.97,9.98,4.331,511
2021-09-02T00:00:00.000Z,0.9,20.1,6.15,3.03,11.15,4.669,511
2021-09-03T00:00:00.000Z,3.35,35.65,7.2,4.4,12.59,7.148,536
2021-09-04T00:00:00.000Z,1.1,19.55,3.6,2.27,6,3.489,498
2021-09-05T00:00:00.000Z,0.43,7.3,1.38,1,2.83,1.821,442
2021-09-06T00:00:00.000Z,0.7,28.63,3.5,2,7.89,6.562,437
2021-09-07T00:00:00.000Z,1.8,12.8,4.09,2.4,7.07,3.022,423
2021-09-08T00:00:00.000Z,0.25,13.07,2.33,1.48,4.65,2.968,518
2021-09-09T00:00:00.000Z,0.2,14.88,5.6,4.34,7.32,2.903,459
2021-09-10T00:00:00.000Z,1.67,22.63,5.5,3,9.55,4.484,495
2021-09-11T00:00:00.000Z,1.4,61.72,8.27,6.55,14.05,11.318,539
2021-09-12T00:00:00.000Z,6,68.25,16.3,10.3,26.88,12.678,533
2021-09-13T00:00:00.000Z,3.05,29.75,9.48,4.07,14.5,5.998,523
2021-09-14T00:00:00.000Z,1.08,17.2,3.8,2.5,6.43,3.184,529
2021-09-15T00:00:00.000Z,0.7,44,12.4,3.1,31.39,14.699,525
2021-09-16T00:00:00.000Z,4.72,19.73,9.59,7.17,13.81,3.74,528
2021-09-17T00:00:00.000Z,1.77,20.9,8.25,4.44,10.3,3.622,548
2021-09-18T00:00:00.000Z,2.22,47.25,11.18,7.53,15.38,8.736,543
2021-09-19T00:00:00.000Z,2.2,46,11.9,6.87,22.08,9.63,541
2021-09-20T00:00:00.000Z,3.9,59.6,19.2,11.54,26.53,12.15,529
2021-09-21T00:00:00.000Z,4.03,49.65,20.23,13.82,36.78,13.324,534
2021-09-22T00:00:00.000Z,2.38,122.85,10.23,5,17.27,16.571,523
2021-09-23T00:00:00.000Z,2.67,18.52,10.02,4.62,15.56,5.155,536
2021-09-24T00:00:00.000Z,1.2,43.97,8.82,2.7,16.23,10.926,527
2021-09-25T00:00:00.000Z,1.3,19.25,13.7,11.48,14.9,3.801,548
2021-09-26T00:00:00.000Z,8.19,19.2,10.7,9.4,14.43,3.117,550
2021-09-27T00:00:00.000Z,9.48,115.63,36.13,16.07,48.2,23.28,458
2021-09-28T00:00:00.000Z,8.6,106.6,17.13,15.38,27.4,26.171,527
2021-09-29T00:00:00.000Z,3.53,96.68,22.62,11.45,34.35,20.621,528
2021-09-30T00:00:00.000Z,2.75,38.5,6.88,3.8,12.76,7.478,525
2021-10-01T00:00:00.000Z,1.67,31.4,13.13,6.17,19.98,8.289,525
2021-10-02T00:00:00.000Z,2.78,55,15.11,8.75,30.83,13.138,546
2021-10-03T00:00:00.000Z,3.15,80.25,21.92,10.07,46.25,21.221,543
2021-10-04T00:00:00.000Z,2.8,42.55,18.67,13.7,22.48,7.623,537
2021-10-05T00:00:00.000Z,2,31.77,8.27,5.35,21.23,9.917,558
2021-10-06T00:00:00.000Z,2.65,88.95,40.03,16.44,51.82,22.734,544
2021-10-07T00:00:00.000Z,9,78.53,30.98,19.48,71.2,25.483,553
2021-10-08T00:00:00.000Z,9.13,64.63,20.7,18.07,33.58,13.18,543
2021-10-09T00:00:00.000Z,2.72,59.38,16.39,11.38,26.67,16.432,532
2021-10-10T00:00:00.000Z,1.4,21.75,9.15,4.84,15.18,5.631,539
2021-10-11T00:00:00.000Z,2.2,36.75,7.68,5.24,12.67,8.939,549
2021-10-12T00:00:00.000Z,5.03,25.02,13.15,10.75,16.05,4.065,553
2021-10-13T00:00:00.000Z,3.92,25.85,9.68,6.7,11.85,4.264,530
2021-10-14T00:00:00.000Z,2.27,11.2,4.7,3.7,6.53,1.916,540
2021-10-15T00:00:00.000Z,1.42,11.32,6.25,4.07,8,2.322,546
2021-10-16T00:00:00.000Z,1.65,14.57,4.9,2.8,10.07,3.9,553
2021-10-17T00:00:00.000Z,8.57,15.85,11.29,10.8,12.07,1.358,318
2021-10-18T00:00:00.000Z,7.4,49.58,10.61,8.63,15.35,12.932,518
2021-10-19T00:00:00.000Z,34.97,117.68,60.74,49.4,93.8,24.412,548
2021-10-20T00:00:00.000Z,28.3,158.69,63.7,37.17,90.13,30.171,534
2021-10-21T00:00:00.000Z,2.25,74.63,9.53,6.07,14.06,16.627,552
2021-10-22T00:00:00.000Z,4.84,20.92,11.54,6.93,13.06,3.765,556
2021-10-23T00:00:00.000Z,12.6,65.59,24.75,20.5,36.25,12.904,551
2021-10-24T00:00:00.000Z,19.3,90.8,38.44,27.88,64.55,22.14,542
2021-10-25T00:00:00.000Z,35.6,129.44,57.33,41.38,76.22,19.994,381
2021-10-27T00:00:00.000Z,45.45,291.08,146.69,74.65,184.43,63.273,315
2021-10-28T00:00:00.000Z,7.18,114.8,48.54,28.9,77.61,28.747,508
2021-10-29T00:00:00.000Z,3.85,28.17,16.38,11.77,24.75,7.326,546
2021-10-30T00:00:00.000Z,5.72,27.45,9.07,7.06,14.25,5.545,549
2021-10-31T00:00:00.000Z,14.32,59.38,31.85,21.63,50.63,14.781,547
2021-11-01T00:00:00.000Z,10.9,27.5,18.88,15.13,20.73,3.613,467
2021-11-02T00:00:00.000Z,18.85,48.83,29.27,22.01,37.67,9.01,485
2021-11-03T00:00:00.000Z,27.58,407.67,57.7,53.38,68.84,50.299,542
2021-11-04T00:00:00.000Z,15.1,70.97,45.9,24.89,52.14,15.481,556
2021-11-05T00:00:00.000Z,20.35,78.55,35.85,30.42,38.89,11.854,560
2021-11-06T00:00:00.000Z,21.8,53.3,31.1,28.4,35.4,6.475,551
2021-11-07T00:00:00.000Z,7.2,48.33,28,20,30.85,9.214,543
2021-11-08T00:00:00.000Z,6.32,32.42,11.25,7.65,15.17,6.003,445
2021-11-09T00:00:00.000Z,8.77,35.35,12.97,10.97,17.05,5.61,516
2021-11-10T00:00:00.000Z,10.45,85.7,26.05,13.64,54.88,23.887,489
2021-11-11T00:00:00.000Z,15.65,100.88,58.6,39.25,71.56,22.73,453
2021-11-12T00:00:00.000Z,16.89,70.55,27.92,25.49,33.29,9.804,453
2021-11-13T00:00:00.000Z,24.8,97.4,56.47,33.08,78.15,22.548,527
2021-11-14T00:00:00.000Z,32.22,147,68.65,40.92,104.96,34.849,513
2021-11-15T00:00:00.000Z,68.2,196.98,102.95,91.41,117.64,28.976,485
2021-11-16T00:00:00.000Z,109.05,261.02,178.7,149.77,237.3,46.676,494
2021-11-17T00:00:00.000Z,5.38,217.18,17.23,10.95,27.95,35.18,406
2021-11-18T00:00:00.000Z,21.4,147.75,66.95,30.91,101.9,38.561,509
2021-11-19T00:00:00.000Z,65.38,147.35,114.7,100.97,135.15,23.744,447
2021-11-20T00:00:00.000Z,41.47,170.02,58.08,49.45,126.72,40.316,517
2021-11-21T00:00:00.000Z,5.03,62.6,37.61,30.88,46.22,13.88,530
2021-11-22T00:00:00.000Z,3,29.48,7.72,5.25,10.7,4.933,539
2021-11-23T00:00:00.000Z,11.57,45.83,16.1,14.63,20.6,9.346,539
2021-11-24T00:00:00.000Z,13.75,43.13,29.94,18.35,36.03,8.713,554
2021-11-25T00:00:00.000Z,28.27,89.15,42,31.02,60.52,18.335,529
2021-11-26T00:00:00.000Z,29.27,115.07,60.55,44.25,90.87,24.145,541
2021-11-27T00:00:00.000Z,37.67,89.63,49.4,43.92,65.38,12.877,536
2021-11-28T00:00:00.000Z,36.92,184.85,77.59,47.25,121.78,42.346,534
2021-11-29T00:00:00.000Z,33.08,152.19,68.55,48.78,100.68,31.151,527
2021-11-30T00:00:00.000Z,23.85,63.08,36.85,32.85,45.39,9.118,537
2021-12-01T00:00:00.000Z,19.52,303.88,44.94,28.5,78.55,41.671,526
2021-12-02T00:00:00.000Z,19.55,139.1,56.03,32.65,98.06,35.911,529
2021-12-03T00:00:00.000Z,22.2,91.13,54.88,37.04,78,21.284,235
2021-12-04T00:00:00.000Z,23.85,171.82,94.27,57.95,111.1,38.768,514
2021-12-05T00:00:00.000Z,30.38,219.35,112.18,61.61,165.2,57.496,501
2021-12-06T00:00:00.000Z,25.08,189.68,86.38,50.78,105.75,42.659,543
2021-12-07T00:00:00.000Z,43.88,295.08,85.75,66.34,109.05,53.135,540
2021-12-08T00:00:00.000Z,62.03,234.23,138.94,98.28,163.34,47.903,517
2021-12-09T00:00:00.000Z,78.06,210.82,142.16,128.44,162.43,26.751,534
2021-12-10T00:00:00.000Z,92.68,210.7,132.56,118.35,159.4,29.717,530
2021-12-11T00:00:00.000Z,75.28,246.88,105.73,92.32,140.47,37.212,542
2021-12-12T00:00:00.000Z,10.82,162,90.18,19.23,118.74,52.894,516
2021-12-13T00:00:00.000Z,13.4,122.3,48.24,20.63,72.55,32.549,510
2021-12-14T00:00:00.000Z,60.88,186.68,96.9,72.47,132.19,33.412,524
2021-12-15T00:00:00.000Z,99.07,289.23,187.32,136.68,243.3,55.825,527
2021-12-16T00:00:00.000Z,105.72,251.15,180.38,153.27,207.98,35.852,510
2021-12-17T00:00:00.000Z,21.48,188.98,58.6,33.74,91.29,41.388,509
2021-12-18T00:00:00.000Z,26.88,85.28,42.45,31.48,49.09,12.822,513
2021-12-19T00:00:00.000Z,29.88,214,50.43,35.61,88.53,37.979,528
2021-12-20T00:00:00.000Z,33.03,86.03,52.6,42.53,61.33,13.097,517
2021-12-21T00:00:00.000Z,42.33,242.48,106.32,58.78,161.35,56.049,527
2021-12-22T00:00:00.000Z,60.05,202.85,95.65,76.88,137.6,36.614,527
2021-12-23T00:00:00.000Z,78.3,160.85,122.32,102.55,133.03,17.871,505
2021-12-24T00:00:00.000Z,92.05,269.7,183.2,138.69,230.6,56.753,531
2021-12-25T00:00:00.000Z,86.72,227.32,119.75,111.93,167.82,40.141,507
2021-12-26T00:00:00.000Z,6.53,126.75,89.9,24.05,105.8,41.558,534
2021-12-27T00:00:00.000Z,5.95,46.5,22.1,19.2,27.75,9.449,539
2021-12-28T00:00:00.000Z,28.7,101.15,47.32,37.38,72.65,22.297,542
2021-12-29T00:00:00.000Z,15.68,69.56,33.42,23.64,53.07,16.68,536
2021-12-30T00:00:00.000Z,27.05,63.25,50.28,37.08,56.17,10.202,539
2021-12-31T00:00:00.000Z,42.83,85.8,62.38,57.4,70.93,9.776,543
2022-01-01T00:00:00.000Z,20.98,151.63,75.45,40.79,93.15,34.802,551
2022-01-02T00:00:00.000Z,21.13,254.5,111.98,50.73,164.62,71.049,548
2022-01-03T00:00:00.000Z,80.75,271.7,153.75,138.24,205.82,45.693,545
2022-01-04T00:00:00.000Z,60,355.65,93.8,78.78,165,91.171,552
2022-01-05T00:00:00.000Z,48.58,135.47,78.91,73.09,98.91,19.345,556
2022-01-06T00:00:00.000Z,41.67,121.63,65.84,55.85,75.93,14.603,560
2022-01-07T00:00:00.000Z,44.6,116.63,92.29,76.45,101.13,19.918,550
2022-01-08T00:00:00.000Z,53.38,202.4,79.3,64.81,101.75,32.543,517
2022-01-09T00:00:00.000Z,27.02,71.88,36.75,30.13,53.1,12.104,506
2022-01-10T00:00:00.000Z,29.6,107.03,53.4,35.49,68.31,21.341,512
2022-01-11T00:00:00.000Z,26.45,109.4,41.09,30.1,68.81,24.045,538
2022-01-12T00:00:00.000Z,48.2,197.32,78.3,56.04,98.8,36.552,545
2022-01-13T00:00:00.000Z,46.08,117.6,65.38,55.22,92.57,20.139,535
2022-01-14T00:00:00.000Z,120.43,225.77,153.55,144.32,165.79,26.861,521
2022-01-15T00:00:00.000Z,143.3,223.65,170.46,155.72,192.73,20.73,538
2022-01-16T00:00:00.000Z,3.92,153.63,89.57,10.37,123.34,55.588,541
2022-01-17T00:00:00.000Z,4.13,33.83,18.48,12.77,27.23,7.546,546
2022-01-18T00:00:00.000Z,33.17,122.15,52.58,37.33,63.82,16.979,545
2022-01-19T00:00:00.000Z,31.45,123.07,48.78,40.13,70.3,21.558,535
2022-01-20T00:00:00.000Z,56.53,136.72,107.19,94.11,122.05,20.614,548
2022-01-21T00:00:00.000Z,50.88,155.52,98.18,74.62,139.83,35.069,521
2022-01-22T00:00:00.000Z,87.4,155.82,107.07,97.95,118.55,15.395,535
2022-01-23T00:00:00.000Z,45.5,143.47,98.81,65.43,119.05,28.589,532
2022-01-24T00:00:00.000Z,25.9,114,56.2,39.45,81.76,25.082,552
2022-01-25T00:00:00.000Z,38.1,102.85,73.84,66.77,86.39,12.902,545
2022-01-26T00:00:00.000Z,48.92,129.15,66.47,57.13,76.78,12.633,515
2022-01-27T00:00:00.000Z,33.54,78.13,52.22,42.08,59.3,9.997,553
2022-01-28T00:00:00.000Z,35.03,94.38,54.1,42.98,59.54,13.51,556
2022-01-29T00:00:00.000Z,5.8,106.82,11.05,7.9,31.98,31.421,553
2022-01-30T00:00:00.000Z,7.93,74,33.08,17.52,46.21,16.813,548
2022-01-31T00:00:00.000Z,7.65,40.54,13.73,9.52,19.8,8.498,546
2022-02-01T00:00:00.000Z,14.68,48.6,27.25,24,29.77,6.362,519
2022-02-02T00:00:00.000Z,9.23,91.78,12.25,10.73,20.02,12.422,523
2022-02-03T00:00:00.000Z,11.9,51.38,28.73,25.83,32.15,8.686,525
2022-02-04T00:00:00.000Z,25.65,69.8,40.69,33.95,46.45,9.202,526
2022-02-05T00:00:00.000Z,42.65,111.47,75.06,47.92,89.97,21.121,531
2022-02-06T00:00:00.000Z,56.83,105.97,79.4,66.72,84.9,11.845,519
2022-02-07T00:00:00.000Z,68.06,185.45,94.72,89.6,122.2,20.813,530
2022-02-08T00:00:00.000Z,11.23,72.38,42.25,17.84,52.64,18.645,517
2022-02-09T00:00:00.000Z,12.48,78.4,27.13,19.55,32.27,13.654,500
2022-02-10T00:00:00.000Z,31.7,95.47,77.83,68.75,84.95,16.027,498
2022-02-11T00:00:00.000Z,43.05,131.43,77.48,61.5,100.57,22.9,510
2022-02-12T00:00:00.000Z,9.73,55.95,34.03,22.19,43.79,12.859,532
2022-02-13T00:00:00.000Z,4.22,46.92,11.27,7.25,23.55,10.851,539
2022-02-14T00:00:00.000Z,23.58,74.4,42.92,29.24,69.89,19.179,557
2022-02-15T00:00:00.000Z,56.03,97.82,77.68,68.63,83.2,9.597,554
2022-02-16T00:00:00.000Z,57.83,118.63,90.78,81.36,102.92,16.338,557
2022-02-17T00:00:00.000Z,31.42,204.15,103.45,75.61,141.61,41.932,549
2022-02-18T00:00:00.000Z,2.5,115.25,53.71,31.43,69.75,28.598,544
2022-02-19T00:00:00.000Z,2.7,190.38,6.85,5.03,24.94,35.045,548
2022-02-20T00:00:00.000Z,6.4,89.7,11.6,10.06,15.07,14.585,549
2022-02-21T00:00:00.000Z,10.23,18.77,13.45,11.92,14.76,2.031,548
2022-02-22T00:00:00.000Z,11.27,29.88,18.89,16,20.39,3.99,555
2022-02-23T00:00:00.000Z,16.88,71.15,32.86,22.2,44.19,14.032,552
2022-02-24T00:00:00.000Z,21.33,116.88,51.36,38.13,68.63,22.499,558
2022-02-25T00:00:00.000Z,63.4,132.52,87.65,78.47,101.7,14.902,559
2022-02-26T00:00:00.000Z,109.88,277.45,143.26,122.1,236.6,55.083,558
2022-02-27T00:00:00.000Z,138.25,256.13,209.08,160.47,229.73,36.129,562
2022-02-28T00:00:00.000Z,99.28,227.3,134.61,125.42,148.3,34.189,556
2022-03-01T00:00:00.000Z,89.95,206.23,133.06,115.47,161.25,28.803,562
2022-03-02T00:00:00.000Z,48.95,232.85,176.23,124.97,199.15,54.491,554
2022-03-03T00:00:00.000Z,42.42,190.32,59.92,52.42,72.22,41.182,558
2022-03-04T00:00:00.000Z,49.88,98.68,70.15,62.17,78.47,10.571,555
2022-03-05T00:00:00.000Z,47.35,93.47,70.45,60.13,79.3,11.631,563
2022-03-06T00:00:00.000Z,18.67,83.13,46.3,38.75,65.03,17.183,545
2022-03-07T00:00:00.000Z,32.92,170.77,61.25,47.85,87.22,38.764,562
2022-03-08T00:00:00.000Z,15.93,160.19,39.04,23.28,50.14,40.16,556
2022-03-09T00:00:00.000Z,30.23,74.63,52.66,44.28,60.8,10.831,554
2022-03-10T00:00:00.000Z,20.88,63.9,32.9,29.23,41.1,8.947,554
2022-03-11T00:00:00.000Z,25.85,66.47,49.82,41.88,55.45,8.717,550
2022-03-12T00:00:00.000Z,26.52,56.17,35.7,32.03,42.67,6.717,545
2022-03-13T00:00:00.000Z,31,72.4,42.47,38.89,51.7,9.464,549
2022-03-14T00:00:00.000Z,34.17,149.77,53.33,44.84,66.81,25.265,552
2022-03-15T00:00:00.000Z,43.42,158.9,117.32,63.65,138.13,37.967,556
2022-03-16T00:00:00.000Z,37.53,105.4,62.05,50.99,86.31,18.344,556
2022-03-17T00:00:00.000Z,44.72,238.13,66.15,54.2,85.73,29.722,553
2022-03-18T00:00:00.000Z,33.03,129,74.78,62.99,83.49,18.919,541
2022-03-19T00:00:00.000Z,43.17,156.72,59.81,56,66.93,19.707,556
2022-03-20T00:00:00.000Z,37.79,567.97,60.78,47.79,71.42,26.998,549
2022-03-21T00:00:00.000Z,45.4,171.15,74.5,61.58,104.07,28.461,535
2022-03-22T00:00:00.000Z,3.47,163.57,70.63,50.45,98.93,36.805,559
2022-03-23T00:00:00.000Z,2.45,83.4,12.79,4.5,27.39,22.117,548
2022-03-24T00:00:00.000Z,49.3,111.53,77.52,60.33,86.79,16.438,544
2022-03-25T00:00:00.000Z,48.4,182.1,109.13,65.31,130.65,33.712,555
2022-03-26T00:00:00.000Z,39.85,198.63,124.12,57.5,137.25,43.715,526
2022-03-27T00:00:00.000Z,13.38,86.75,23.42,18.71,29.41,12.859,548
2022-03-28T00:00:00.000Z,21.33,95.82,51.23,27.23,82.32,26.873,558
2022-03-29T00:00:00.000Z,47.13,165.27,81.77,66.88,95.22,21.008,550
2022-03-30T00:00:00.000Z,28.13,153.19,53.94,48.1,113,37.769,552
2022-03-31T00:00:00.000Z,4.57,213.38,70.83,6.63,130.22,58.357,560
2022-04-01T00:00:00.000Z,5.15,25.23,9.75,8.56,12.73,3.904,548
2022-04-02T00:00:00.000Z,4.93,79.53,14.55,10.25,25.05,10.828,519
2022-04-03T00:00:00.000Z,12.48,73.63,27.33,21.12,33.77,12.576,561
2022-04-04T00:00:00.000Z,22.77,78.4,36.54,31.23,46.88,11.33,558
2022-04-05T00:00:00.000Z,33.35,103.57,49.75,44.05,71.28,15.983,559
2022-04-06T00:00:00.000Z,56.7,248.38,104.82,86.5,210.99,61.39,556
2022-04-07T00:00:00.000Z,26.73,211.25,72.72,46.78,94.95,43.1,554
2022-04-08T00:00:00.000Z,58.47,174.43,100.97,93.9,108.31,25.295,553
2022-04-09T00:00:00.000Z,32.65,123.22,58.88,43.33,74.9,20.283,523
2022-04-10T00:00:00.000Z,33.2,84.68,58.2,47.29,65.73,12.537,561
2022-04-11T00:00:00.000Z,44.35,96.15,58.17,49.67,68.97,13.542,559
2022-04-12T00:00:00.000Z,26.4,111.63,47.58,32.65,81.4,24.381,563
2022-04-13T00:00:00.000Z,39.47,176.07,93.03,82.17,106.78,23.023,557
2022-04-14T00:00:00.000Z,40.47,103.57,53.55,46.97,74.06,18.313,547
2022-04-15T00:00:00.000Z,46.53,103.1,65.03,54.38,76.17,13.596,537
2022-04-16T00:00:00.000Z,9.5,163.63,23.33,13.54,43.52,20.085,528
2022-04-17T00:00:00.000Z,1.6,21.98,11.82,6.1,16.8,5.9,525
2022-04-18T00:00:00.000Z,3.33,44.65,17.39,11.27,19.25,6.902,524
2022-04-19T00:00:00.000Z,19.5,61.58,24.63,21.98,36.58,9.377,289
2022-04-20T00:00:00.000Z,38.47,113.2,94.32,72.48,101.24,22.895,272
2022-04-21T00:00:00.000Z,50.88,97.87,74.54,66.09,82.5,12.304,280
2022-04-22T00:00:00.000Z,29.8,91.75,46.45,40.83,66.05,17.147,278
2022-04-23T00:00:00.000Z,23.95,86.88,45.46,34.88,54.83,17.396,278
2022-04-24T00:00:00.000Z,27.13,92.43,54.9,35.7,66.7,17.955,280
2022-04-25T00:00:00.000Z,17.2,113.9,32.4,24.91,71.81,28.933,273
2022-04-26T00:00:00.000Z,16.3,90.15,32.27,25.83,55.2,21.12,276
2022-04-27T00:00:00.000Z,20.48,45.4,30.94,27.23,36.21,6.211,272
2022-04-28T00:00:00.000Z,18.2,80.72,38.29,31.38,43.63,10.552,274
2022-04-29T00:00:00.000Z,35.88,88.53,54.53,46.63,58.1,8.72,274
2022-04-30T00:00:00.000Z,3.33,78.15,18.32,15.9,27.34,15.616,277
2022-05-01T00:00:00.000Z,2.38,16.02,5.4,3.7,8.88,3.656,273
2022-05-02T00:00:00.000Z,10.68,31.13,15.27,12.45,19,4.676,270
2022-05-03T00:00:00.000Z,11.5,80.75,29.7,19.82,34.6,10.461,274
2022-05-04T00:00:00.000Z,17.95,94.32,50.92,31.82,70.69,22.466,280
2022-05-05T00:00:00.000Z,27.08,91.7,48.46,41.83,54.97,11.126,274
2022-05-06T00:00:00.000Z,19.95,108.88,47.55,29.55,66.93,22.111,275
2022-05-07T00:00:00.000Z,4.78,71.7,30.44,17.32,45.47,16.497,278
2022-05-08T00:00:00.000Z,4.57,41.17,24.7,20.27,30.83,8.18,267
2022-05-09T00:00:00.000Z,19.2,184.7,34.79,26.27,39.9,18.476,275
2022-05-10T00:00:00.000Z,17,53.13,34.79,24.67,39.08,8.436,273
2022-05-11T00:00:00.000Z,8.65,96.97,26.52,13.32,57.17,24.103,263
2022-05-12T00:00:00.000Z,6.97,67.9,30.25,23.46,48.34,16.609,256
2022-05-13T00:00:00.000Z,7.3,72.03,17.73,11.65,40.4,16.067,270
2022-05-14T00:00:00.000Z,8.69,359.5,61.97,44.84,87.8,32.482,277
2022-05-15T00:00:00.000Z,3.4,65.38,6.18,4.7,12.05,16.767,272
2022-05-16T00:00:00.000Z,2.72,27.58,11.95,5.56,22.73,8.173,273
2022-05-17T00:00:00.000Z,11.07,42.3,25.56,19.98,31.42,8.048,274
2022-05-18T00:00:00.000Z,19.25,43.67,27.73,24.5,31.3,4.921,271
2022-05-19T00:00:00.000Z,21.33,42.5,33.39,29,35.92,4.888,274
2022-05-20T00:00:00.000Z,25.15,57.42,36.72,33.24,42.59,7.389,269
2022-05-21T00:00:00.000Z,31.8,76.3,56.1,41.11,65.52,13.296,105
2022-05-22T00:00:00.000Z,3.83,22.75,8.39,5.93,10.55,3.355,206
2022-05-23T00:00:00.000Z,1.2,42.1,7.47,5.15,13.43,6.441,268
2022-05-24T00:00:00.000Z,4.84,70.95,41.63,35.03,47.58,15.58,275
2022-05-25T00:00:00.000Z,35.63,113.2,62.85,52.35,73.25,15.242,270
2022-05-26T00:00:00.000Z,8.57,83.2,27.1,12.5,60.39,23.753,272
2022-05-27T00:00:00.000Z,4.82,58.88,17.64,14.32,33.9,12.977,274
2022-05-28T00:00:00.000Z,8.69,38.79,14.67,12.69,18.89,6.471,276
2022-05-29T00:00:00.000Z,5.78,81.81,15.26,8.34,19.23,15.024,268
2022-05-30T00:00:00.000Z,4.63,39.75,11.55,6.9,16.52,8.517,259
2022-05-31T00:00:00.000Z,6.43,69.65,38.58,30.72,46.97,12.698,269
2022-06-01T00:00:00.000Z,4.72,58.6,15.97,12.38,21.58,13.456,272
2022-06-02T00:00:00.000Z,4.25,46.95,16.82,12.5,21.65,10.387,219
2022-06-03T00:00:00.000Z,7.9,31.9,20.98,10.89,23.94,7.114,229
2022-06-04T00:00:00.000Z,9.9,34.65,18.05,13.43,20.63,4.723,259
2022-06-05T00:00:00.000Z,7.15,32.29,15.93,10.9,23.23,6.872,269
2022-06-06T00:00:00.000Z,2.1,48.88,13.2,5.09,21.13,10.927,253
2022-06-07T00:00:00.000Z,7.65,59.87,13.36,10.1,23.7,14.55,192
2022-06-08T00:00:00.000Z,3.22,79.06,12.82,8.94,19.88,19.682,267
2022-06-09T00:00:00.000Z,14.05,731.08,21.85,18.89,66.15,74.479,273
2022-06-10T00:00:00.000Z,8.18,42.92,18.42,12.57,24.23,7.392,271
2022-06-11T00:00:00.000Z,14.27,69.67,21.58,18.13,43.35,15.247,267
2022-06-12T00:00:00.000Z,13.3,70.06,27.55,20.07,37.92,14.506,271
2022-06-13T00:00:00.000Z,2.67,37.5,14.95,11.8,19.27,6.66,267
2022-06-14T00:00:00.000Z,6.65,22.45,12.14,9.82,15.43,3.319,258
2022-06-15T00:00:00.000Z,6.93,57.63,16.38,9.6,23.25,10.187,271
2022-06-16T00:00:00.000Z,4.57,86.68,12.3,9.19,16.23,12.295,270
2022-06-17T00:00:00.000Z,6.05,90.6,11.28,9.23,20.88,16.251,242
2022-06-18T00:00:00.000Z,4.75,41.83,9.76,7.55,14.73,10.019,274
2022-06-19T00:00:00.000Z,1.92,138.5,9.1,5.15,17.77,36.765,259
2022-06-20T00:00:00.000Z,2.97,129.65,11.27,5.43,22.3,25.087,260
2022-06-21T00:00:00.000Z,2.29,139.83,7.25,4.47,19.16,31.961,264
2022-06-22T00:00:00.000Z,1.23,26.45,8.43,5.7,11.88,5.22,258
2022-06-23T00:00:00.000Z,2.6,56.2,16,8.97,26.24,15.027,253
2022-06-24T00:00:00.000Z,2.95,42.35,11.9,7.03,16.55,8.344,279
2022-06-25T00:00:00.000Z,8.25,19.2,14.6,10.99,15.49,2.643,277
2022-06-26T00:00:00.000Z,2.58,21.1,15.4,13.43,17.57,5.105,279
2022-06-27T00:00:00.000Z,1.8,26.48,4.05,2.72,10.35,5.794,277
2022-06-28T00:00:00.000Z,2.25,32.78,3.97,3.38,9.3,7.038,272
2022-06-29T00:00:00.000Z,3.28,57.63,19.98,7.63,29.92,15.271,278
2022-06-30T00:00:00.000Z,7.6,81.06,33,20.94,66.29,22.86,277
2022-07-01T00:00:00.000Z,12.75,32.9,19.55,16.42,22.19,4.178,277
2022-07-02T00:00:00.000Z,4.78,23.42,11.77,8.35,16.13,4.221,279
2022-07-03T00:00:00.000Z,5.55,36.17,19.14,15,23.01,5.912,276
2022-07-04T00:00:00.000Z,7.03,40.83,27.17,16.39,30.25,8.119,261
2022-07-05T00:00:00.000Z,2,31.1,15.06,8.69,17.82,6.308,278
2022-07-06T00:00:00.000Z,5.43,71.9,40.94,7.65,58.92,24.149,278
2022-07-07T00:00:00.000Z,4.65,15.52,8.26,6.44,9.39,2.294,184
2022-07-08T00:00:00.000Z,13.02,48.6,29.08,24.94,36.89,8.94,280
2022-07-09T00:00:00.000Z,14.77,47.55,24.3,18.67,32.9,8.491,271
2022-07-10T00:00:00.000Z,17.82,47.9,29.25,25.17,34.97,6.816,270
2022-07-11T00:00:00.000Z,4.7,37.58,13.05,10.75,19.98,7.346,275
2022-07-12T00:00:00.000Z,2.92,31.8,11.07,7.72,15.73,6.602,278
2022-07-13T00:00:00.000Z,4.34,47.42,13.96,10.52,19.5,9.935,252
2022-07-14T00:00:00.000Z,1.5,32.03,7.22,5.2,12.38,6.998,275
2022-07-15T00:00:00.000Z,5.53,49,16.32,9.43,28.4,9.6,275
2022-07-16T00:00:00.000Z,5.7,24.67,11.3,8.75,14.95,4.625,276
2022-07-17T00:00:00.000Z,8.82,32.65,15.75,12.13,21.02,5.467,277
2022-07-18T00:00:00.000Z,1.6,28.02,16.45,7.03,23.83,8.677,278
2022-07-19T00:00:00.000Z,1.5,35.13,11.05,8.68,17.12,7.26,281
2022-07-20T00:00:00.000Z,4.7,42.58,9.98,7.97,15.75,9.681,279
2022-07-21T00:00:00.000Z,2.65,18.8,7.6,5.45,12.13,4.051,267
2022-07-22T00:00:00.000Z,3.45,55.08,10.43,6.18,16.55,12.346,279
2022-07-23T00:00:00.000Z,2.42,54.97,11.4,6.2,23.45,14.946,279
2022-07-24T00:00:00.000Z,2.2,27.3,8.16,4.32,15.27,6.275,278
2022-07-25T00:00:00.000Z,7.1,22.23,12.8,11.35,16.35,3.551,279
2022-07-26T00:00:00.000Z,10.23,29.63,16.01,14.1,17.82,3.139,278
2022-07-27T00:00:00.000Z,11.95,47.08,19.02,16.17,25.02,8.472,275
2022-07-28T00:00:00.000Z,16.07,69.34,31.29,23.5,48.35,14.609,274
2022-07-29T00:00:00.000Z,10.5,63.05,33.44,29.73,44.1,11.152,270
2022-07-30T00:00:00.000Z,5.4,55.25,20.88,12.57,35.7,13.665,269
2022-07-31T00:00:00.000Z,9.02,50.9,20.62,17.01,27.28,7.252,272
2022-08-01T00:00:00.000Z,9.4,34.85,17.64,15.48,22.4,6.52,248
2022-08-02T00:00:00.000Z,12.73,34.85,18.92,17.64,22.69,4.681,261
2022-08-03T00:00:00.000Z,12.48,54.25,21.26,16.2,31.77,9.812,270
2022-08-04T00:00:00.000Z,3.45,38.4,15.74,8.63,23.65,9.715,262
2022-08-05T00:00:00.000Z,2.65,66.2,13.12,7.6,19.67,15.576,274
2022-08-06T00:00:00.000Z,2.33,22.17,7.5,6.12,11.8,5.249,273
2022-08-07T00:00:00.000Z,3.1,31.77,6.8,5.43,25.92,10.147,266
2022-08-08T00:00:00.000Z,8.68,35.4,13.75,10.55,17.98,5.934,263
2022-08-09T00:00:00.000Z,14.3,56.3,26.27,17.11,32.99,10.082,272
2022-08-10T00:00:00.000Z,2.4,27.92,8.69,5.82,21.52,7.805,262
2022-08-11T00:00:00.000Z,1.1,23.88,7.54,5.09,11,5.275,254
2022-08-12T00:00:00.000Z,2.42,67.09,16.07,10.89,42.33,17.167,273
2022-08-13T00:00:00.000Z,25.4,70.34,41.5,34.65,47.47,9.534,278
2022-08-14T00:00:00.000Z,2.6,71.53,18.04,5.5,35.92,20.191,274
2022-08-15T00:00:00.000Z,9.44,36.08,18.92,14.45,25.42,6.401,267
2022-08-16T00:00:00.000Z,9.69,36.1,22.9,19.14,26.92,5.506,279
2022-08-17T00:00:00.000Z,13.52,54.7,22.63,18.98,26.35,7.007,263
2022-08-18T00:00:00.000Z,5.93,92.57,33.65,8.89,60.88,28.029,264
2022-08-19T00:00:00.000Z,3.72,81.43,16.1,8.69,36.45,21.975,279
2022-08-20T00:00:00.000Z,2.95,34.47,13.72,7.16,18.79,8.154,272
2022-08-21T00:00:00.000Z,2.85,84.35,5.8,4.09,11.23,11.383,244
2022-08-30T00:00:00.000Z,6.93,38.38,14.98,11.52,19.45,6.524,187
2022-08-31T00:00:00.000Z,15.15,78.09,23.73,20.38,33.42,12.521,267
2022-09-01T00:00:00.000Z,15.95,79.03,24.85,20.17,32.5,9.315,270
2022-09-02T00:00:00.000Z,26.77,75.4,36.79,31.52,54.47,13.723,267
2022-09-03T00:00:00.000Z,35.53,250.55,48.58,43.08,51,15.536,262
2022-09-04T00:00:00.000Z,12.15,38.72,16.57,14.88,29.4,7.896,227
2022-09-05T00:00:00.000Z,12.13,46.45,22.64,17.36,29.66,8.698,244
2022-09-06T00:00:00.000Z,17.75,78.55,25.9,22.42,46.1,14.481,267
2022-09-07T00:00:00.000Z,14.85,80,51.8,20.05,61.17,20.832,270
2022-09-08T00:00:00.000Z,8.38,33.85,12.68,11.73,25.5,7.966,260
2022-09-09T00:00:00.000Z,12.1,55.47,33.22,24.9,36.79,11.094,275
2022-09-10T00:00:00.000Z,17.82,58.42,36.17,31.58,40.9,8.41,267
2022-09-11T00:00:00.000Z,7.7,55.38,25.33,12,37.97,13.592,270
2022-09-12T00:00:00.000Z,27.75,63.83,41.45,33.75,49.55,8.524,247
2022-09-13T00:00:00.000Z,36.65,125.18,55.67,48.65,81.65,23.503,265
2022-09-14T00:00:00.000Z,33.7,122.78,49.44,43.46,98.44,28.844,264
2022-09-15T00:00:00.000Z,25.7,72.75,47.7,37.38,51.6,11.767,267
2022-09-16T00:00:00.000Z,4,76.84,24.17,18.67,32.15,16.507,268
2022-09-17T00:00:00.000Z,7.25,69.93,30.89,22.8,46.92,15.505,270
2022-09-18T00:00:00.000Z,12.77,107.78,23.34,16.38,62.55,26.985,268
2022-09-19T00:00:00.000Z,20.07,130.75,45.03,31.57,73.3,31.422,263
2022-09-20T00:00:00.000Z,13.27,69.5,38.67,31.79,59.16,14.943,257
2022-09-21T00:00:00.000Z,31.95,165.68,55.61,42.16,67.18,22.635,264
2022-09-22T00:00:00.000Z,11.43,66.65,18.05,15.82,31.7,11.026,263
2022-09-23T00:00:00.000Z,23.77,58.58,35.54,30.19,39.84,7.779,269
2022-09-24T00:00:00.000Z,29.98,67.65,47.45,43.68,53.68,7.393,273
2022-09-25T00:00:00.000Z,32.13,63.2,44.71,38.04,52.27,8.692,272
2022-09-26T00:00:00.000Z,38.88,136.82,100.72,57.19,117.09,31.302,265
2022-09-27T00:00:00.000Z,53.97,131.38,80.77,62.7,91.32,19.146,262
2022-09-28T00:00:00.000Z,57.45,109.47,69.68,66.95,78.53,9.885,262
2022-09-29T00:00:00.000Z,23.75,64.87,35.54,27.2,45.43,11.069,266
2022-09-30T00:00:00.000Z,6.55,35.17,25.65,15.43,29.23,8.695,269
2022-10-01T00:00:00.000Z,3.2,31.85,8.63,7.43,12.45,6.081,267
2022-10-02T00:00:00.000Z,2.7,70.7,15.64,8.18,26.15,16.44,232
2022-10-03T00:00:00.000Z,11.57,73.63,25.47,18.45,48.95,18.864,217
2022-10-04T00:00:00.000Z,14.52,55.67,33.28,23.79,42.79,11.705,236
2022-10-05T00:00:00.000Z,28.33,86.18,42.83,33.54,51.54,13.719,249
2022-10-06T00:00:00.000Z,10.9,96.5,35.04,16.7,45.17,21.192,270
2022-10-07T00:00:00.000Z,16.48,79.47,35.03,25.35,52.84,16.767,269
2022-10-08T00:00:00.000Z,31.17,143.55,49.1,39.78,57.28,17.025,274
2022-10-09T00:00:00.000Z,5.22,58.7,9.66,7.45,47.33,20.181,278
2022-10-10T00:00:00.000Z,5.35,58.1,15.75,9.8,32.79,15.028,271
2022-10-11T00:00:00.000Z,10.38,151.02,28.52,16.7,66.37,33.699,272
2022-10-12T00:00:00.000Z,15.45,104.72,30.45,18.67,43.32,19.018,269
2022-10-13T00:00:00.000Z,19,74.93,34.35,25.67,50.39,16.605,273
2022-10-14T00:00:00.000Z,13.25,84.63,48.95,21.32,62.09,20.425,269
2022-10-15T00:00:00.000Z,17.42,135.43,45.32,22.08,74.22,29.191,270
2022-10-16T00:00:00.000Z,21,76.18,32.58,26.7,63.21,17.785,229
2022-10-17T00:00:00.000Z,23.3,75.17,38.75,27.2,46.03,12.915,271
2022-10-18T00:00:00.000Z,29.75,95.82,35.22,32.63,57.7,20.173,195
2022-10-21T00:00:00.000Z,9.57,46.47,19.11,14.73,30.67,10.278,270
2022-10-22T00:00:00.000Z,14.52,76.05,28.19,19.37,44.49,17.271,276
2022-10-23T00:00:00.000Z,22.63,171.1,39.74,30.6,129.66,51.94,272
2022-10-24T00:00:00.000Z,27.02,157.18,70.78,51.69,102.14,31.431,264
2022-10-25T00:00:00.000Z,45.88,130.88,94.05,85.49,100,19.636,269
2022-10-26T00:00:00.000Z,23.52,140.72,115.6,57.17,127.35,40.617,270
2022-10-27T00:00:00.000Z,13.93,34.54,26.13,21.77,28.33,5.233,263
2022-10-28T00:00:00.000Z,13.53,112.47,41.98,25.05,87.15,33.126,270
2022-10-29T00:00:00.000Z,70.22,169.35,113,79.14,135.59,29.697,273
2022-10-30T00:00:00.000Z,20.48,123.2,55.13,43.07,71.39,24.205,265
2022-10-31T00:00:00.000Z,9.25,28.25,15.3,13.27,19.5,4.521,270
2022-11-01T00:00:00.000Z,8.65,72.06,29.9,12.98,52.55,20.144,266
2022-11-02T00:00:00.000Z,14.88,160.16,31.23,22.87,101.38,41.715,272
2022-11-03T00:00:00.000Z,29.45,190.05,76.91,46.45,97.97,34.7,274
2022-11-04T00:00:00.000Z,27.3,163.9,57.33,39.97,70.18,28.93,270
2022-11-05T00:00:00.000Z,34.47,130.85,56.15,43.2,71.43,22.624,270
2022-11-06T00:00:00.000Z,52.72,121.68,80.01,70.45,91.7,15.269,268
2022-11-07T00:00:00.000Z,55.47,161.88,94.03,70.75,116.55,26.622,274
2022-11-08T00:00:00.000Z,62.28,200.02,99.44,78.58,122.01,32.228,272
2022-11-09T00:00:00.000Z,22.65,216.27,79.34,37.6,91.75,47.259,262
2022-11-10T00:00:00.000Z,27.83,300.98,117.75,75.54,131.94,51.752,253
2022-11-11T00:00:00.000Z,23.08,86.38,50.6,33.96,61.22,15.135,253
2022-11-12T00:00:00.000Z,27.77,56,37.17,34.47,44,6.163,251
2022-11-13T00:00:00.000Z,32.53,112.4,50.95,42.17,64.65,21.65,259
2022-11-14T00:00:00.000Z,36.33,179.88,61.3,47.13,68.43,20.595,255
2022-11-15T00:00:00.000Z,21.23,79.22,36.42,29.59,50.5,15.757,261
2022-11-16T00:00:00.000Z,13.82,68.22,27.79,22.97,38.79,14.021,264
2022-11-17T00:00:00.000Z,8.8,41.6,20.09,13.4,29.05,9.094,270
2022-11-18T00:00:00.000Z,15.35,33.72,22.33,19.25,24.6,3.947,271
2022-11-19T00:00:00.000Z,18.32,46.92,26.79,23.38,31.38,6.061,258
2022-11-20T00:00:00.000Z,19.88,127.8,41.65,34.03,58.3,20.541,275
2022-11-21T00:00:00.000Z,36.63,189.1,83.06,43.77,100.57,32.531,272
2022-11-22T00:00:00.000Z,42.28,128.43,78.63,49.42,106.35,28.094,269
2022-11-23T00:00:00.000Z,28.27,78.63,50.45,41.94,60.26,12.381,268
2022-11-24T00:00:00.000Z,13.63,45.8,21.01,17.67,24.98,7.689,266
2022-11-25T00:00:00.000Z,22.08,69.97,44.07,32.22,52.1,12.628,266
2022-11-26T00:00:00.000Z,34.67,68.09,48.15,43.85,53.91,7.674,269
2022-11-27T00:00:00.000Z,8.19,53.53,19.07,12.12,22.25,9.109,268
2022-11-28T00:00:00.000Z,14.25,36.54,26.51,21.82,30.48,5.601,272
2022-11-29T00:00:00.000Z,14.7,68.93,28.58,18.32,43.29,12.6,261
2022-11-30T00:00:00.000Z,1.8,32.65,15.6,6.1,20.1,8.154,272
2022-12-01T00:00:00.000Z,2,18.25,7.25,5.88,10.88,3.17,251
2022-12-02T00:00:00.000Z,5.03,53.72,17.32,10.5,22,9.463,270
2022-12-03T00:00:00.000Z,14.23,74.34,39.22,23.45,60.95,18.799,275
2022-12-04T00:00:00.000Z,5.18,34.95,13.35,9.78,20.52,7.442,273
2022-12-05T00:00:00.000Z,4.33,57.35,20.8,8.5,31.13,15.851,267
2022-12-06T00:00:00.000Z,24.83,133.57,82.39,35.46,111.89,37.928,272
2022-12-07T00:00:00.000Z,60.8,95.47,73.93,66.59,81.69,8.681,265
2022-12-08T00:00:00.000Z,39.63,87.22,59.2,46.47,66.7,11.173,271
2022-12-09T00:00:00.000Z,46.88,98.6,70.65,59.1,85.47,14.582,275
2022-12-10T00:00:00.000Z,44.97,80.22,59.3,51.65,71.53,10.462,271
2022-12-11T00:00:00.000Z,55.22,111.5,71.5,60.85,92.05,16.397,271
2022-12-12T00:00:00.000Z,45.1,143.55,66.51,54.99,107.3,30.163,264
2022-12-13T00:00:00.000Z,40.63,154.3,68.47,52.53,96.1,26.434,266
2022-12-14T00:00:00.000Z,35,171.13,62.53,39.28,112.75,38.675,270
2022-12-15T00:00:00.000Z,50.95,212.63,97.72,61.28,129.21,40.389,269
2022-12-16T00:00:00.000Z,40.78,208.73,116.77,68.41,144.55,46.423,264
2022-12-17T00:00:00.000Z,15.55,50.2,29.05,21.05,39.75,10.008,266
2022-12-18T00:00:00.000Z,18.27,116.47,44.27,21.17,72.66,27.992,265
2022-12-19T00:00:00.000Z,44.58,146.4,66.75,53.2,89.15,23.45,271
2022-12-20T00:00:00.000Z,44.95,132.77,79.95,67.72,96.25,19.098,270
2022-12-21T00:00:00.000Z,42.75,187.4,78.2,52.1,127.02,40.229,264
2022-12-22T00:00:00.000Z,34.83,158.97,75.09,63.05,90.85,29.26,270
2022-12-23T00:00:00.000Z,21.83,118.05,42.34,32.4,54.47,25.687,206
2022-12-24T00:00:00.000Z,39.78,149.75,66.9,56.03,82.32,23.598,246
2022-12-25T00:00:00.000Z,33.38,158.63,56.62,40.86,79.81,33.125,252
2022-12-26T00:00:00.000Z,49.55,196.32,86.83,58.37,105.82,36.862,216
2022-12-27T00:00:00.000Z,21.02,65.18,45.36,32.64,53.29,11.834,252
2022-12-28T00:00:00.000Z,6.88,118.4,20.16,11.38,61.63,34.474,242
2022-12-29T00:00:00.000Z,25.1,35.38,31.39,30.05,32.33,1.807,262
2022-12-30T00:00:00.000Z,29.33,110.75,41.22,33.29,52.9,19.302,234
2022-12-31T00:00:00.000Z,37.42,66.53,51.63,48.52,59.22,7.094,261
2023-01-01T00:00:00.000Z,42.25,75.15,62.67,50.81,68.28,9.866,257
2023-01-02T00:00:00.000Z,39.58,74.78,55.5,43.78,64.31,10.924,262
2023-01-03T00:00:00.000Z,34.97,89.38,45.87,40.85,80.18,20.127,223
2023-01-04T00:00:00.000Z,72.22,146,87.1,77.88,106.45,17.26,243
2023-01-05T00:00:00.000Z,49.97,93.03,65.75,59.2,75.7,10.574,255
2023-01-06T00:00:00.000Z,39.7,87.9,47.69,45.15,54.9,7.727,254
2023-01-07T00:00:00.000Z,41.9,251.6,62.55,49.05,141.6,59.643,259
2023-01-08T00:00:00.000Z,72.75,191.65,112.35,101.2,121.09,19.696,261
2023-01-09T00:00:00.000Z,104.1,245,167.98,157.6,178.76,33.01,260
2023-01-10T00:00:00.000Z,72.93,233.32,105.68,94.6,144.02,43.248,264
2023-01-11T00:00:00.000Z,36.33,115.38,73.34,49.15,86.13,21.922,255
2023-01-12T00:00:00.000Z,37.25,88.07,57.11,45.13,64.84,12.349,270
2023-01-13T00:00:00.000Z,40.97,104.13,57.15,49.27,74.22,17.676,253
2023-01-14T00:00:00.000Z,56.22,177.43,88.5,75.43,100.09,31.272,273
2023-01-15T00:00:00.000Z,11.13,107.63,21.55,14.46,58.78,29.356,245
2023-01-16T00:00:00.000Z,12.5,41.78,35.03,23.4,37.54,8.659,262
2023-01-17T00:00:00.000Z,32.67,66.06,49.2,44.34,52.85,6.868,269
2023-01-18T00:00:00.000Z,31.2,131.68,38.45,34.47,107.07,36.417,231
2023-01-19T00:00:00.000Z,50.97,169.27,85.94,65.81,110.57,27.459,276
2023-01-20T00:00:00.000Z,96.8,192.65,145.6,113.03,167.95,27.903,271
2023-01-21T00:00:00.000Z,81.9,282.23,148.19,104.38,215.68,57.19,263
2023-01-22T00:00:00.000Z,84.22,258.92,126.88,100.57,181.82,47.228,274
2023-01-23T00:00:00.000Z,22.88,403.38,67.88,44.45,86.38,60.368,242
2023-01-24T00:00:00.000Z,23.15,52.17,28.3,26.23,36.25,7.06,271
2023-01-25T00:00:00.000Z,28.4,68.3,46.56,40.34,56.25,10.52,256
2023-01-26T00:00:00.000Z,15.68,125.63,50.1,41.85,70.65,28.182,271
2023-01-27T00:00:00.000Z,13.77,80.34,42.24,30.49,56.63,17.63,228
2023-01-28T00:00:00.000Z,25.58,391.38,40.24,29.75,49.91,32.894,252
2023-01-29T00:00:00.000Z,32.5,68.75,49.5,39.57,58.21,10.259,253
2023-01-30T00:00:00.000Z,44.28,133.18,98.07,58.13,113,29.025,254
2023-01-31T00:00:00.000Z,35.13,78.15,60.45,55.45,65.09,9.275,239
2023-02-01T00:00:00.000Z,41.17,147.52,71.81,56.77,95.63,23.988,253
2023-02-02T00:00:00.000Z,51.9,270.48,84.45,76.83,119.74,58.19,256
2023-02-03T00:00:00.000Z,17.35,220.55,47.33,34.47,56.75,25.183,195
2023-02-04T00:00:00.000Z,19.05,106.28,44.86,34.63,52.72,21.398,194
2023-02-05T00:00:00.000Z,17.98,72.68,48.9,38.47,55.8,11.88,243
2023-02-06T00:00:00.000Z,33,140.63,54.81,41.17,87.4,28.606,230
2023-02-07T00:00:00.000Z,37.03,98.1,61.52,49.57,76.7,16.674,240
2023-02-08T00:00:00.000Z,26.35,60.47,40.57,33.38,50.67,9.462,226
2023-02-09T00:00:00.000Z,26.63,384,37.67,34.17,52.3,26.476,230
2023-02-10T00:00:00.000Z,35.6,62.7,42.46,37.84,54.57,8.514,248
2023-02-11T00:00:00.000Z,36,146.72,58.85,48.1,70.75,16.909,242
2023-02-12T00:00:00.000Z,45.6,120.95,90.39,74.29,99.58,18.696,264
2023-02-13T00:00:00.000Z,21.73,124.57,63.88,50.4,98.82,28.757,217
2023-02-14T00:00:00.000Z,22,62.78,38.17,33.74,44.88,7.972,244
2023-02-15T00:00:00.000Z,37.67,78.31,49.55,41.3,53.45,10.22,227
2023-02-16T00:00:00.000Z,56.75,98.32,76.28,72.14,87.36,10.135,237
2023-02-17T00:00:00.000Z,63.1,178.25,101.64,72.43,158.05,42.326,216
2023-02-18T00:00:00.000Z,56.75,119.78,81.45,73.95,93.39,15.178,268
2023-02-19T00:00:00.000Z,23.8,138.35,52.22,40.19,95.78,35.854,241
2023-02-20T00:00:00.000Z,42.9,230.65,85.18,62.4,88.77,20.246,264
2023-02-21T00:00:00.000Z,49.42,128.25,91.59,65.91,112.39,24.88,264
2023-02-22T00:00:00.000Z,14.75,196.25,51.99,32.53,134.18,57.695,218
2023-02-23T00:00:00.000Z,40.47,205.2,64.84,46.4,76.9,23.637,214
2023-02-24T00:00:00.000Z,22.83,204.45,35.86,28.75,73.34,37.97,265
2023-02-25T00:00:00.000Z,16.42,204.6,33.45,22.23,54.13,20.795,231
2023-02-26T00:00:00.000Z,39.35,118.95,59.42,44.22,65.03,16.405,267
2023-02-27T00:00:00.000Z,61.38,114.88,91.88,83.4,98.38,10.586,270
2023-02-28T00:00:00.000Z,63.58,720.2,100.1,87.65,123.82,98.951,239
2023-03-01T00:00:00.000Z,77.03,153.35,113.8,98.15,130.35,19.548,265
2023-03-02T00:00:00.000Z,112.45,167.8,138.55,128.63,150.38,13.823,271
2023-03-03T00:00:00.000Z,77,182.2,93.69,90.93,133.19,27.682,260
2023-03-04T00:00:00.000Z,49.35,99.72,75.94,63.69,83.02,12.755,268
2023-03-05T00:00:00.000Z,75.2,159.9,120.82,114.45,130.33,18.66,269
2023-03-06T00:00:00.000Z,37.54,180.68,79.2,49.35,122.07,37.871,269
2023-03-07T00:00:00.000Z,45.97,221.43,59.63,54.81,65.31,25.218,265
2023-03-08T00:00:00.000Z,36.58,123.15,73.09,65.18,93.34,20.171,265
2023-03-09T00:00:00.000Z,97.5,227.02,126.9,110.4,178.67,40.206,238
2023-03-10T00:00:00.000Z,41.4,181.4,99.59,71.68,120.81,38.538,272
2023-03-11T00:00:00.000Z,49.25,112.95,80.91,75.9,89,14.667,268
2023-03-12T00:00:00.000Z,20.17,236.17,94.64,25.95,114.85,46.587,266
2023-03-13T00:00:00.000Z,18.73,78.4,45.8,25.55,57.28,16.325,266
2023-03-14T00:00:00.000Z,31.58,127.43,68.97,46.97,74.31,18.294,192
2023-03-15T00:00:00.000Z,47.33,128.19,80.38,53.33,101.84,24.446,268
2023-03-16T00:00:00.000Z,19.98,64.7,38.78,30.27,46.6,11.151,267
2023-03-17T00:00:00.000Z,35.92,97.07,50.34,45.09,54.67,7.443,264
2023-03-18T00:00:00.000Z,35.78,71.84,55.79,48.47,64.2,8.77,230
2023-03-19T00:00:00.000Z,20.32,70.65,28.88,24.93,40.79,11.329,266
2023-03-20T00:00:00.000Z,41.85,83.88,61.88,58.62,68.04,7.814,265
2023-03-21T00:00:00.000Z,65.18,131.55,97.18,91.42,108.3,17.438,269
2023-03-22T00:00:00.000Z,53.65,137.87,92.73,65.55,126.47,29.912,264
2023-03-23T00:00:00.000Z,53.22,149.68,86.1,64.38,121.85,31.199,269
2023-03-24T00:00:00.000Z,46,189,89.24,58.36,107.52,26.483,264
2023-03-25T00:00:00.000Z,19.77,126.28,69.9,49.84,77.7,24.085,261
2023-03-26T00:00:00.000Z,11.27,62.33,38.08,18,43.6,14.145,239
2023-03-27T00:00:00.000Z,8.44,35.53,21.15,12.14,25.63,6.986,249
2023-03-28T00:00:00.000Z,16.25,109.8,36.34,27.25,48.84,19.798,260
2023-03-29T00:00:00.000Z,15.18,194.73,39.67,34.17,46.67,27.919,231
2023-03-30T00:00:00.000Z,22.83,85.2,67.75,40.9,79.31,20.837,263
2023-03-31T00:00:00.000Z,15.6,609.2,66.3,24.14,101.15,96.016,268
2023-04-01T00:00:00.000Z,2.5,93.65,15.27,8.27,21.67,17.062,237
2023-04-02T00:00:00.000Z,8.5,92.9,33.88,21.38,66.75,26.491,263
2023-04-03T00:00:00.000Z,23.63,122.63,57.15,49.45,76.7,19.741,267
2023-04-04T00:00:00.000Z,47.22,139.68,69.09,63.8,98.6,22.98,278
2023-04-05T00:00:00.000Z,60.67,385.13,84.15,66.95,115.13,41.052,275
2023-04-06T00:00:00.000Z,22.4,166.07,74.72,57.83,99.07,38.366,278
2023-04-07T00:00:00.000Z,22.08,112.57,56.72,35.54,68.81,18.795,268
2023-04-08T00:00:00.000Z,34.65,62.15,41.88,38.38,45.04,6.029,276
2023-04-09T00:00:00.000Z,49.38,110.5,78.53,58.83,91.12,16.905,276
2023-04-10T00:00:00.000Z,48.67,158.44,97.88,64.56,113.53,27.744,243
2023-04-11T00:00:00.000Z,36.13,161.72,75.8,53.3,97.1,28.185,271
2023-04-12T00:00:00.000Z,18.02,105,41.45,33.54,49.22,11.427,273
2023-04-13T00:00:00.000Z,37.95,68.93,51.33,47.1,56.5,7.214,274
2023-04-14T00:00:00.000Z,41.22,241.45,77.78,64.81,88.19,37.806,272
2023-04-15T00:00:00.000Z,58.13,109.78,78.2,70.3,89.7,13.836,276
2023-04-16T00:00:00.000Z,39.7,118.9,74.62,62.88,95.25,18.019,274
2023-04-17T00:00:00.000Z,56.38,111.1,72.56,65.72,85.97,14.572,273
2023-04-18T00:00:00.000Z,56.05,689.55,67.22,62.86,83.75,38.937,276
2023-04-19T00:00:00.000Z,50.3,155.38,77.2,63.26,110.7,28.569,232
2023-04-20T00:00:00.000Z,62.37,153.75,85.05,73.36,104.48,19.973,277
2023-04-21T00:00:00.000Z,68.75,148.75,100.57,84.15,128.57,22.839,250
2023-04-22T00:00:00.000Z,43.92,81.15,57.83,54.67,65.45,7.793,248
2023-04-23T00:00:00.000Z,44.33,112.75,56.6,49.18,63.11,10.587,188
2023-04-24T00:00:00.000Z,23.83,63.83,42.72,36.04,55.42,10.636,274
2023-04-25T00:00:00.000Z,6,49.05,13.27,9.19,24.12,9.762,272
2023-04-26T00:00:00.000Z,14.3,84,28.8,20.48,65.03,23.13,270
2023-04-27T00:00:00.000Z,27.15,69.97,45.65,33.78,52.42,11.323,279
2023-04-28T00:00:00.000Z,17.77,54.85,33.97,29.14,38.71,7.947,205
2023-04-29T00:00:00.000Z,5.09,35.65,14.94,11.18,21.3,6.525,278
2023-04-30T00:00:00.000Z,11.02,31.38,14.6,12.96,23.38,5.977,213
2023-05-01T00:00:00.000Z,18.27,41.37,30.06,23.27,33.29,5.796,270
2023-05-02T00:00:00.000Z,17.92,52.87,31.4,23.5,34.88,8.185,275
2023-05-03T00:00:00.000Z,15.95,43.63,27.67,23.63,30.51,6.058,201
2023-05-04T00:00:00.000Z,32.2,93.65,41.92,37.57,47.13,9.239,277
2023-05-05T00:00:00.000Z,27.9,74.87,47.04,38.1,61.92,13.936,210
2023-05-06T00:00:00.000Z,24.15,75.25,36.46,29.98,53.92,14.847,278
2023-05-07T00:00:00.000Z,20.58,34.97,26.33,23.35,28.79,3.005,221
2023-05-08T00:00:00.000Z,9.94,22.35,13.93,11.88,16.75,3.247,266
2023-05-09T00:00:00.000Z,8.68,21.15,16.1,11.13,17.88,3.473,267
2023-05-10T00:00:00.000Z,14.63,32.97,22.07,19.39,26.99,4.696,272
2023-05-11T00:00:00.000Z,4.5,39.65,14.57,9.25,23.88,8.894,276
2023-05-12T00:00:00.000Z,6.78,24.1,11.67,9.69,15.38,3.832,280
2023-05-13T00:00:00.000Z,9,24.1,17.7,13.35,20.27,4.086,274
2023-05-14T00:00:00.000Z,16.77,75,28.8,21.59,36.96,10.151,277
2023-05-15T00:00:00.000Z,18.95,47.78,33.45,29.7,39.53,7.382,273
2023-05-16T00:00:00.000Z,24.77,65.75,48.3,42.47,53.35,9.422,223
2023-05-17T00:00:00.000Z,23.92,88.82,45.55,30.85,53.05,15.991,270
2023-05-18T00:00:00.000Z,14.52,72.9,42.21,20.3,50.8,17.573,272
2023-05-19T00:00:00.000Z,14.88,66.2,24.48,19.04,37,9.895,273
2023-05-20T00:00:00.000Z,14.27,72.43,30,20.98,61.28,20.002,279
2023-05-21T00:00:00.000Z,7,40.2,23.74,14.85,29.2,8.815,272
2023-05-22T00:00:00.000Z,6.55,40.6,20.81,13.89,25.57,7.981,264
2023-05-23T00:00:00.000Z,6.68,53.13,19.39,9.05,33.79,13.477,279
2023-05-24T00:00:00.000Z,3.13,46.75,18.71,7.4,29.65,11.566,278
2023-05-25T00:00:00.000Z,2.97,36.53,24.22,9.84,28.63,10.334,260
2023-05-26T00:00:00.000Z,7.88,51.08,22.23,10.75,29.48,13.218,215
2023-05-27T00:00:00.000Z,1.98,35.15,16.48,6.65,25.4,9.385,230
2023-05-28T00:00:00.000Z,1.38,14.85,4.13,2.83,8.59,3.429,236
2023-05-29T00:00:00.000Z,2.5,21.95,7.4,5.18,10.02,3.793,246
2023-05-30T00:00:00.000Z,3.47,41.97,9.16,5.9,12.52,7.462,276
2023-05-31T00:00:00.000Z,4.7,58.45,10.38,7.24,16.64,10.711,181
2023-06-01T00:00:00.000Z,6,47.1,27.95,17.98,36.03,12.048,277
2023-06-02T00:00:00.000Z,1.65,84.97,9.69,4.92,31.29,20.689,273
2023-06-03T00:00:00.000Z,2.4,26.17,10.35,8.55,13.3,3.816,231
2023-06-04T00:00:00.000Z,4.57,32.35,9.6,5.75,19.6,7.176,279
2023-06-05T00:00:00.000Z,4.3,27.25,8.4,5.78,13.82,5.133,271
2023-06-06T00:00:00.000Z,2.85,65.25,11.3,6.17,15.42,13.476,193
2023-06-07T00:00:00.000Z,3.9,42.75,13.3,7.67,20.49,8.577,264
2023-06-08T00:00:00.000Z,2.4,65.77,30.39,11.45,52.92,21.879,190
2023-06-09T00:00:00.000Z,2,29.17,13.54,7.78,17.39,6.327,276
2023-06-10T00:00:00.000Z,8.4,70.47,27.5,20.85,39.54,15.994,271
2023-06-11T00:00:00.000Z,6.35,40.92,19,8.63,28.04,9.653,277
2023-06-12T00:00:00.000Z,2.5,63.88,14.61,6.75,41.83,19.015,278
2023-06-13T00:00:00.000Z,2.1,35.08,6.59,3.87,9.66,6.169,276
2023-06-14T00:00:00.000Z,1.1,32,3.67,1.9,20.58,9.885,275
2023-06-15T00:00:00.000Z,1.58,42.38,8.85,2.92,20.85,12.395,275
2023-06-16T00:00:00.000Z,2.29,18.89,7.32,3.14,10.13,3.793,273
2023-06-17T00:00:00.000Z,1.45,20.8,7.39,3.19,15.7,6.606,272
2023-06-18T00:00:00.000Z,1.6,51.67,4.79,2.9,9.52,8.206,278
2023-06-19T00:00:00.000Z,2.38,31.27,3.32,2.9,5.64,4.596,188
2023-06-20T00:00:00.000Z,1.85,55.3,5.59,3.4,6.56,7.648,272
2023-06-21T00:00:00.000Z,1.6,10.95,3.7,2.16,4.71,1.899,276
2023-06-22T00:00:00.000Z,1.08,23.1,11.54,3.3,15,6.435,278
2023-06-23T00:00:00.000Z,0.7,25.33,1.91,1.4,9.34,7.384,276
2023-06-24T00:00:00.000Z,1.3,53.63,10.27,2.92,23.73,12.432,279
2023-06-25T00:00:00.000Z,2.75,16.8,3.75,3.28,4.4,2.122,281
2023-06-26T00:00:00.000Z,1.3,6.57,2.7,1.97,3.6,1.089,252
2023-06-27T00:00:00.000Z,1.4,22.67,9.77,7.22,13.18,5.611,271
2023-06-28T00:00:00.000Z,7.15,33.78,15.77,11.81,18.32,4.944,277
2023-06-29T00:00:00.000Z,3.15,41.2,6.7,4.4,22.35,11.598,278
2023-06-30T00:00:00.000Z,1.92,18.57,4.01,3.28,7.65,3.511,280
2023-07-01T00:00:00.000Z,1.93,57.97,4.68,2.83,7.47,11.415,198
2023-07-02T00:00:00.000Z,1.2,14.02,3.78,2.08,7.9,3.154,278
2023-07-03T00:00:00.000Z,1.58,21.8,7.95,5.03,11.38,4.512,278
2023-07-04T00:00:00.000Z,6,19.45,10.8,9.27,13.86,3.1,217
2023-07-05T00:00:00.000Z,6.32,21.52,10.14,9.07,12.13,3.261,274
2023-07-06T00:00:00.000Z,3.53,16.55,6.9,4.7,11.35,3.988,146
2023-07-07T00:00:00.000Z,1.4,35.92,3.13,2.1,9.44,5.827,274
2023-07-08T00:00:00.000Z,1,14.8,2.52,1.48,5.13,3.015,183
2023-07-09T00:00:00.000Z,0.9,12.48,2.67,1.2,3.8,2.509,191
2023-07-10T00:00:00.000Z,1.77,17.05,4.34,2.38,6.89,3.355,188
2023-07-11T00:00:00.000Z,1.7,11.57,2.9,2.39,4.54,1.866,272
2023-07-12T00:00:00.000Z,0.8,13.32,2.25,1.55,3.3,2.234,276
2023-07-13T00:00:00.000Z,0.8,9.4,3.6,3.17,4,1.381,270
2023-07-14T00:00:00.000Z,2.04,16.57,4.75,3.53,6.49,3.747,273
2023-07-15T00:00:00.000Z,2,14.18,4.9,3.65,6.2,2.241,277
2023-07-16T00:00:00.000Z,2.7,52.95,9.8,6.59,18.27,9.286,280
2023-07-17T00:00:00.000Z,8.9,35.47,19.3,11.68,23.48,7.431,199
2023-07-18T00:00:00.000Z,11.35,19.7,14.7,13.06,15.89,1.763,281
2023-07-19T00:00:00.000Z,3.13,21.08,13.55,6.65,17.1,5.72,231
2023-07-20T00:00:00.000Z,5.07,43.33,27.13,14.27,32.53,10.82,273
2023-07-21T00:00:00.000Z,11.45,41.1,26.56,19.95,34.19,8.253,272
2023-07-22T00:00:00.000Z,1.2,23,3.39,1.85,5.7,3.819,266
2023-07-23T00:00:00.000Z,0.7,13,2.45,1.55,4.78,2.435,267
2023-07-24T00:00:00.000Z,1.3,13.55,2.75,1.9,5.29,2.636,268
2023-07-25T00:00:00.000Z,1.25,13.85,2.8,2.27,5.07,2.822,270
2023-07-26T00:00:00.000Z,1.83,22.83,4.68,2.67,8.55,5.142,265
2023-07-27T00:00:00.000Z,2.02,13.02,5.5,4.38,9.27,2.791,271
2023-07-28T00:00:00.000Z,2.7,18.35,7.85,4.53,9.77,3.15,263
2023-07-29T00:00:00.000Z,2.58,31.17,10.76,7.16,16.32,5.913,276
2023-07-30T00:00:00.000Z,1.85,10.88,5.4,4.34,6.6,1.884,274
2023-07-31T00:00:00.000Z,1.73,8.52,3.5,2.73,4.15,1.235,272
2023-08-01T00:00:00.000Z,2.5,14.55,6.67,4.13,9.88,3.118,276
2023-08-02T00:00:00.000Z,4.63,53.3,14.93,10.02,41.22,16.091,271
2023-08-03T00:00:00.000Z,3.8,14.1,8.23,6.2,10.4,2.454,266
2023-08-04T00:00:00.000Z,7.07,17.03,12.3,10.88,13.43,2.465,274
2023-08-05T00:00:00.000Z,0.98,13.02,2.88,1.58,4.59,2.186,274
2023-08-06T00:00:00.000Z,0.93,5.6,2.71,1.9,3.28,1.024,278
2023-08-07T00:00:00.000Z,1.48,9.44,3.6,2.4,4.4,1.7,279
2023-08-08T00:00:00.000Z,2.33,16.3,5.95,3.71,11.18,4.089,276
2023-08-09T00:00:00.000Z,3.6,16.77,6.93,5.05,10.89,3.444,277
2023-08-10T00:00:00.000Z,3.4,54.08,11.65,9.14,14.06,7.54,277
2023-08-11T00:00:00.000Z,9.55,37.13,15.38,12.13,28.73,8.677,279
2023-08-12T00:00:00.000Z,8.13,75.38,25.69,12.48,47.13,21.36,278
2023-08-13T00:00:00.000Z,2,58.3,10.73,6.39,35.15,17.536,276
2023-08-14T00:00:00.000Z,1.17,17.7,10.01,4.55,13.7,4.837,278
2023-08-15T00:00:00.000Z,0.93,47.8,12.8,5.57,35.25,15.204,278
2023-08-16T00:00:00.000Z,3.3,38.85,6.43,4.47,15.18,10.258,275
2023-08-17T00:00:00.000Z,3.7,40.4,19.17,11.15,34.6,11.946,278
2023-08-18T00:00:00.000Z,3.25,34.17,7.34,5.89,8.25,5.673,280
2023-08-19T00:00:00.000Z,3.28,79.15,19,6.32,40.1,20.468,275
2023-08-20T00:00:00.000Z,2.85,47.9,13.55,4.71,20.41,12.069,277
2023-08-21T00:00:00.000Z,12.43,47.03,23.71,20,31.08,7.681,278
2023-08-22T00:00:00.000Z,3.25,46.8,12.88,7,29.7,13.298,279
2023-08-23T00:00:00.000Z,2.35,41.05,9.81,4.5,27.23,11.617,278
2023-08-24T00:00:00.000Z,1.98,26.25,16.14,6.78,22.2,7.755,279
2023-08-25T00:00:00.000Z,2.1,15.55,7.53,3.3,9.94,3.505,279
2023-08-26T00:00:00.000Z,0.95,35.54,15.73,2.58,29.16,12.627,280
2023-08-27T00:00:00.000Z,0.6,20.9,5.05,1.63,8.52,4.765,278
2023-08-28T00:00:00.000Z,0.9,18.14,6.21,2,9.82,4.93,278
2023-08-29T00:00:00.000Z,2.88,22.63,11.16,4.9,15.38,5.417,278
2023-08-30T00:00:00.000Z,6.7,30.5,12.19,9.8,14.2,5.489,278
2023-08-31T00:00:00.000Z,3.5,20.17,9,7.23,9.85,2.84,281
2023-09-01T00:00:00.000Z,5.05,63,20.25,8.88,38.42,17.095,280
2023-09-02T00:00:00.000Z,14.85,49.63,27.33,22.7,33.45,8.312,276
2023-09-03T00:00:00.000Z,5.6,31.8,19.85,14.64,23,6.052,277
2023-09-04T00:00:00.000Z,5.09,23.67,15.18,9.05,20.39,5.734,278
2023-09-05T00:00:00.000Z,13.9,96.35,20.59,18.16,42.94,17.456,272
2023-09-06T00:00:00.000Z,6.65,88.95,36.28,28.79,44,16.539,277
2023-09-07T00:00:00.000Z,3.7,55.28,16.55,11.65,24.9,10.387,279
2023-09-08T00:00:00.000Z,3.3,32.03,8.44,4.92,24,9.743,273
2023-09-09T00:00:00.000Z,2.38,87.68,15.63,5.55,47.6,24.3,279
2023-09-10T00:00:00.000Z,7.07,92.43,29.65,12,51.15,22.033,278
2023-09-11T00:00:00.000Z,4.4,47.03,28.15,13.05,33.82,12.383,277
2023-09-12T00:00:00.000Z,5.22,83.15,58.81,29.23,68.9,23.133,278
2023-09-13T00:00:00.000Z,6.4,13.85,10.18,9.3,11.47,1.482,280
2023-09-14T00:00:00.000Z,6.38,27.85,13.7,8.18,17.85,5.249,231
2023-09-15T00:00:00.000Z,14.13,32.2,25.65,24.03,27.4,3.706,209
2023-09-16T00:00:00.000Z,18.8,72.4,33.99,28.37,39.6,10.142,220
2023-09-17T00:00:00.000Z,2.7,71.72,34.38,16.42,53.8,19.673,219
2023-09-18T00:00:00.000Z,7.5,71.97,18.98,15.35,38.42,15.394,209
2023-09-19T00:00:00.000Z,8.68,28.27,16.36,13.24,20.98,4.652,228
2023-09-20T00:00:00.000Z,1.9,42.38,12.84,10.11,15.98,6.064,264
2023-09-21T00:00:00.000Z,1.9,19.57,7.25,3.67,11.23,5.041,278
2023-09-22T00:00:00.000Z,3.42,23.92,5.38,4.43,8.02,3.814,279
2023-09-23T00:00:00.000Z,2.67,23.5,11.13,4.38,16.55,6.044,277
2023-09-24T00:00:00.000Z,3.47,36.92,10.15,5.75,24.23,10.349,279
2023-09-25T00:00:00.000Z,4.53,26.45,7.78,7.05,8.94,4.255,281
2023-09-26T00:00:00.000Z,5.22,26.77,18.07,14.75,20.88,4.633,274
2023-09-27T00:00:00.000Z,5.82,22.98,12.3,10.65,15.02,3.541,270
2023-09-28T00:00:00.000Z,5.43,37.83,23.83,10.69,30.19,10.007,277
2023-09-29T00:00:00.000Z,26.17,60.93,46.69,38.58,49.85,8.131,280
2023-09-30T00:00:00.000Z,36.95,100.5,60.55,49.11,71.13,14.606,276
2023-10-01T00:00:00.000Z,3.17,57.2,22.17,6.3,32.47,15.245,270
2023-10-02T00:00:00.000Z,1.5,24.42,6.99,5.42,15.62,6.536,272
2023-10-03T00:00:00.000Z,4.78,15.75,10.45,6.93,11.02,2.447,271
2023-10-04T00:00:00.000Z,5.13,18.92,11.54,7.64,12.99,3.104,276
2023-10-05T00:00:00.000Z,4.45,27.15,9.51,6.65,13.29,4.48,276
2023-10-06T00:00:00.000Z,4.57,14.2,8.9,7.63,9.82,1.716,276
2023-10-07T00:00:00.000Z,5.05,14.1,10.02,8.73,12,2.016,274
2023-10-08T00:00:00.000Z,5.2,25.5,10.05,7.15,11.84,3.908,273
2023-10-09T00:00:00.000Z,6.25,38.57,13.38,8.98,15.3,6.742,270
2023-10-10T00:00:00.000Z,8.5,40.53,14.1,11.52,18.02,6.863,269
2023-10-11T00:00:00.000Z,10.45,47.22,16.55,13.05,24.67,9.236,271
2023-10-12T00:00:00.000Z,14.1,38.5,22.63,20.83,25.73,5.163,271
2023-10-13T00:00:00.000Z,21.95,73.5,49.88,27.85,59.13,16.02,271
2023-10-14T00:00:00.000Z,8.32,69.22,19.39,12.7,55.47,21.933,275
2023-10-15T00:00:00.000Z,9.32,37.67,24.3,13.37,28.4,7.925,277
2023-10-16T00:00:00.000Z,20.5,127.07,37.36,26.75,88.38,34.356,274
2023-10-17T00:00:00.000Z,32.38,149.25,65.52,41.3,129.44,41.136,274
2023-10-18T00:00:00.000Z,20.75,138.15,81.52,32.83,106.74,37.408,276
2023-10-19T00:00:00.000Z,5.72,114.5,24.95,14.63,40.72,28.175,275
2023-10-20T00:00:00.000Z,12.82,42.75,19.42,16.8,23.17,6.585,166
2023-10-31T00:00:00.000Z,52.97,103.4,68.84,60.28,87.32,16.577,102
2023-11-01T00:00:00.000Z,30.95,95.63,57.9,50.45,67.45,13.938,275
2023-11-02T00:00:00.000Z,39.95,66.95,50.97,48.84,55.15,5.534,273
2023-11-03T00:00:00.000Z,21.08,44,26.05,23.55,32.75,6.745,279
2023-11-04T00:00:00.000Z,11.68,96.4,17.73,13.64,22.83,10.462,280
2023-11-05T00:00:00.000Z,12.77,42.42,23,16.29,30.82,8.491,281
2023-11-06T00:00:00.000Z,2.47,34.04,13.23,6.55,18.92,7.978,279
2023-11-07T00:00:00.000Z,8.19,47.35,21.17,18.3,37.33,10.622,279
2023-11-08T00:00:00.000Z,6.97,76.72,47.53,30.66,56.94,17.361,280
2023-11-09T00:00:00.000Z,8.13,47.05,32.58,27.38,35.65,8.487,266
2023-11-10T00:00:00.000Z,2.7,48.3,20.48,5.5,27,12.052,279
2023-11-11T00:00:00.000Z,2.5,52.58,29.7,19.48,34.63,11.772,280
2023-11-12T00:00:00.000Z,4.34,32,12.3,9.4,21.45,7.747,175
2023-11-13T00:00:00.000Z,2.2,12.82,4.3,3.22,5.97,2.146,281
2023-11-14T00:00:00.000Z,6.07,26.35,13.2,10.31,16.5,4.857,276
2023-11-15T00:00:00.000Z,5.22,86.63,28.48,21.63,64.53,24.919,279
2023-11-16T00:00:00.000Z,5.05,21.95,8.94,8,10.15,3.1,279
2023-11-17T00:00:00.000Z,6.88,89,22.81,13.73,37.63,19.069,274
2023-11-18T00:00:00.000Z,15.18,114.3,46.85,22.1,84.95,32.528,278
2023-11-19T00:00:00.000Z,15.3,129.22,56.54,30.33,90.05,33.697,278
2023-11-20T00:00:00.000Z,33.55,142.98,88.18,66.13,102.82,26.979,277
2023-11-21T00:00:00.000Z,32.78,128.77,82.28,68.47,96.3,22.751,279
2023-11-22T00:00:00.000Z,93.6,207.85,128.48,109.93,150.81,26.997,281
2023-11-23T00:00:00.000Z,20.6,172.93,63.04,55.24,85.6,36.382,280
2023-11-24T00:00:00.000Z,73.07,171.1,99.32,86.21,108.73,24.428,277
2023-11-25T00:00:00.000Z,94.22,154.95,133.69,116.65,146.02,17.712,22