date,min,max,median,q1,q3,stdev,count
2019-12-09T00:00:00.000Z,32.42,140.31,79.5,66.7,105.85,29.65,88
2019-12-10T00:00:00.000Z,19.6,146.38,64.76,39.86,99.55,34.804,386
2019-12-11T00:00:00.000Z,17.67,173.39,70.86,38.28,115.22,42.524,386
2019-12-12T00:00:00.000Z,36.52,142.04,94.58,75.29,106.01,20.431,444
2019-12-13T00:00:00.000Z,32.22,158.29,79.73,64.94,102.86,25.223,381
2019-12-14T00:00:00.000Z,34.61,173.6,107.25,71.92,120.31,34.087,382
2019-12-15T00:00:00.000Z,16.34,123.18,41.59,34.49,48.17,10.527,523
2019-12-16T00:00:00.000Z,6.5,74,33.56,23.37,50.05,14.311,268
2019-12-17T00:00:00.000Z,9.68,53,35.14,30.99,36.97,6.771,249
2019-12-18T00:00:00.000Z,8.91,44.48,25.84,21.49,33.97,8.599,433
2019-12-19T00:00:00.000Z,14,64.31,30.58,26.28,38.28,10.838,504
2019-12-20T00:00:00.000Z,21.45,81.81,46.25,40.04,51.08,9.635,542
2019-12-21T00:00:00.000Z,11.54,72.77,39.61,33.46,46.31,11.014,497
2019-12-22T00:00:00.000Z,6.88,97.84,37.86,18.63,55.3,25.568,535
2019-12-23T00:00:00.000Z,31,155.65,76.68,57.85,90.68,22.779,519
2019-12-24T00:00:00.000Z,20.32,124.07,50.94,43.44,74.98,24.038,541
2019-12-25T00:00:00.000Z,3.66,41.91,21.81,8.22,31.66,12.139,538
2019-12-26T00:00:00.000Z,4.03,41.24,13.62,9.4,20.29,8.625,540
2019-12-27T00:00:00.000Z,4.36,40.52,16.41,12.2,19.37,5.771,514
2019-12-28T00:00:00.000Z,13.48,86.28,35.42,28.33,43.32,12.227,536
2019-12-29T00:00:00.000Z,14.52,57.61,37.61,33.07,42.67,7.766,545
2019-12-30T00:00:00.000Z,12.72,78.12,34.61,27.25,42.54,10.881,540
2019-12-31T00:00:00.000Z,21.98,107.31,64.84,55.48,76.5,17.207,527
2020-01-01T00:00:00.000Z,33.14,128.6,87.66,54.06,100.35,26.865,536
2020-01-02T00:00:00.000Z,15.51,71.06,38.85,25.26,49.22,14.201,533
2020-01-03T00:00:00.000Z,14.16,104.28,28.12,24.45,31.47,7.783,509
2020-01-04T00:00:00.000Z,14.92,62.08,27.84,23.65,34.11,10.315,527
2020-01-05T00:00:00.000Z,8.75,45.38,29.42,22.62,32.63,7.097,521
2020-01-06T00:00:00.000Z,8.89,58.61,26.81,19.02,32.47,10.649,496
2020-01-07T00:00:00.000Z,22.22,99.16,40.69,34.38,46.46,15.074,390
2020-01-08T00:00:00.000Z,6.86,65.17,24.45,17.97,31.72,10.682,464
2020-01-09T00:00:00.000Z,8.94,66.9,28.01,22.33,34.01,8.636,497
2020-01-10T00:00:00.000Z,4.28,63.27,23.5,12.7,32.36,12.664,411
2020-01-11T00:00:00.000Z,2.83,43.96,7.23,4.91,25.49,12.086,341
2020-01-12T00:00:00.000Z,2.9,65.81,32.86,9.28,39.29,17.484,312
2020-01-13T00:00:00.000Z,50.58,114.93,86.72,69.44,92.15,15.432,300
2020-01-14T00:00:00.000Z,10.35,165.98,85.6,32.35,123.76,47.334,351
2020-01-15T00:00:00.000Z,7.47,40.67,15.07,13.18,17.27,5.738,290
2020-01-16T00:00:00.000Z,5.62,37.2,19.97,11.65,25.89,8.219,248
2020-01-17T00:00:00.000Z,9.23,65.84,27.6,23.06,31.17,9.247,174
2020-01-18T00:00:00.000Z,5.9,88.86,45.7,24.62,57.59,20.535,431
2020-01-19T00:00:00.000Z,3.44,32.34,13.02,7.11,19.14,7.382,377
2020-01-20T00:00:00.000Z,11.14,80.26,56.1,46.99,63.07,14.59,336
2020-01-21T00:00:00.000Z,24.46,201.96,68.94,57.21,91.51,27.409,433
2020-01-22T00:00:00.000Z,22.66,37.22,31.92,28.75,36.33,4.25,13
2020-01-23T00:00:00.000Z,16.32,25.66,20.35,18.82,21.38,2.064,77
2020-01-24T00:00:00.000Z,4.7,52.85,21.24,16.98,24.92,8.523,257
2020-01-25T00:00:00.000Z,0.55,27.74,1.73,1.35,3.01,6.838,292
2020-01-26T00:00:00.000Z,1.2,16.38,6.36,4.59,8.26,2.582,297
2020-01-27T00:00:00.000Z,2.94,18.12,7.95,6.22,11.04,2.924,247
2020-01-28T00:00:00.000Z,5.45,31.15,16.29,12.98,19.48,4.693,260
2020-01-29T00:00:00.000Z,8.85,37.47,17.37,13.44,27.08,8.052,298
2020-01-30T00:00:00.000Z,12.5,66.7,30.15,24.21,42.48,10.589,283
2020-01-31T00:00:00.000Z,22.8,54.72,32.35,28.66,38.29,7.556,280
2020-02-01T00:00:00.000Z,31.27,130.51,81.78,60.42,91.04,17.393,307
2020-02-02T00:00:00.000Z,55.34,137.69,108.6,94.94,118.7,17.147,294
2020-02-03T00:00:00.000Z,1.71,99.95,14.13,3.46,72.13,35.765,300
2020-02-04T00:00:00.000Z,2.08,19.42,6.11,4.43,7.79,2.179,252
2020-02-05T00:00:00.000Z,2.67,56.42,18.6,9.76,40.11,16.253,227
2020-02-06T00:00:00.000Z,9.76,59.3,35.15,25.85,42.06,10.797,228
2020-02-07T00:00:00.000Z,7.25,103.08,43.58,29.69,58.45,22.092,208
2020-02-08T00:00:00.000Z,2,40.67,13.89,6.2,28.84,12.29,143
2020-02-09T00:00:00.000Z,1.58,20.96,10.66,5.86,14.8,4.838,169
2020-02-10T00:00:00.000Z,17.3,77.9,50.14,34.36,56.12,13.091,322
2020-02-11T00:00:00.000Z,13.7,85.9,51.61,40.02,59.5,16.053,331
2020-02-12T00:00:00.000Z,16.64,92.18,54.94,38.14,66.08,16.695,352
2020-02-13T00:00:00.000Z,17.14,104.86,38.28,25.01,58.24,21.87,346
2020-02-14T00:00:00.000Z,14.74,57.14,27.17,22.95,36.09,10.351,362
2020-02-15T00:00:00.000Z,6.85,54.7,21.75,18.8,37.72,11.344,308
2020-02-16T00:00:00.000Z,1.99,24.42,6.82,3.04,9.36,4.76,363
2020-02-17T00:00:00.000Z,4.38,31.82,14.76,8.84,21.12,7.528,339
2020-02-18T00:00:00.000Z,10.78,48.74,19.29,15.76,22.67,6.818,298
2020-02-19T00:00:00.000Z,24.48,93.68,41.97,32.5,58.03,13.876,426
2020-02-20T00:00:00.000Z,43.45,175.25,120.3,81.53,141.94,35.489,463
2020-02-21T00:00:00.000Z,45.2,163.75,111.28,92.28,129.65,25.843,395
2020-02-22T00:00:00.000Z,60.29,164.4,121.92,101.27,135.3,21.775,348
2020-02-23T00:00:00.000Z,17.1,171.55,38.45,29.47,54.86,36.573,412
2020-02-24T00:00:00.000Z,11.8,144.22,29.08,25.02,38.17,19.955,481
2020-02-25T00:00:00.000Z,13.89,51.44,33.08,28.8,39.44,8.388,429
2020-02-26T00:00:00.000Z,11.08,112.96,30.93,22.08,45.69,17.746,368
2020-02-27T00:00:00.000Z,6.93,49.72,19.22,15,22.52,5.201,512
2020-02-28T00:00:00.000Z,6.85,50.15,19.59,15.46,24.07,7.07,508
2020-02-29T00:00:00.000Z,6.98,54.48,24.68,18.27,29.7,8.242,533
2020-03-01T00:00:00.000Z,9.38,44.92,21.76,17.62,25.96,6.456,527
2020-03-02T00:00:00.000Z,1.55,50.5,19.05,7.47,29.29,11.548,444
2020-03-03T00:00:00.000Z,1.42,44.21,14.79,9.9,16.93,7.806,397
2020-03-04T00:00:00.000Z,0.66,36.36,4.22,2.67,6.78,4.934,528
2020-03-05T00:00:00.000Z,3.59,71.84,21.3,14.67,30.55,15.314,537
2020-03-06T00:00:00.000Z,24.26,90.03,37.21,32.9,41.15,13.081,523
2020-03-07T00:00:00.000Z,6.53,71.89,43,28.81,48.25,13.462,544
2020-03-08T00:00:00.000Z,30.62,75.12,54.78,47.35,63.15,10.098,545
2020-03-09T00:00:00.000Z,23.39,102.35,62.25,46.07,78.8,18.798,536
2020-03-10T00:00:00.000Z,6.96,44.06,20.17,12.88,28.03,8.588,543
2020-03-11T00:00:00.000Z,13.61,63.3,39.02,33.81,47.59,9.882,544
2020-03-12T00:00:00.000Z,8.44,65.2,43.1,34.21,49.02,10.425,487
2020-03-13T00:00:00.000Z,7.18,84.55,37.79,23.26,66.19,21.878,481
2020-03-14T00:00:00.000Z,11.52,75.84,26.9,20.19,38.54,14.284,499
2020-03-15T00:00:00.000Z,66.8,130.28,94.82,86.36,99.08,10.698,267
2020-03-16T00:00:00.000Z,14.6,117.4,76.52,52.93,92.99,26.251,532
2020-03-17T00:00:00.000Z,2.44,62.44,23.89,13.6,38.72,15.898,507
2020-03-18T00:00:00.000Z,3.62,25.22,13.89,10.55,16.66,4.191,458
2020-03-19T00:00:00.000Z,2.7,54,12.09,5.8,29.06,12.35,514
2020-03-20T00:00:00.000Z,32.75,64.93,47.25,43.9,51.95,6.32,409
2020-03-21T00:00:00.000Z,15.45,76.94,42.28,36.85,47.65,10.653,466
2020-03-22T00:00:00.000Z,11.43,54.58,33.14,25.57,40.34,9.342,433
2020-03-23T00:00:00.000Z,11.6,54.22,31.56,27.7,36.11,8.186,411
2020-03-24T00:00:00.000Z,4.26,62.94,15.63,11.9,24.83,8.164,424
2020-03-25T00:00:00.000Z,4.3,79.09,8.93,7.36,11.45,8.439,408
2020-03-26T00:00:00.000Z,10.02,47.95,21.81,17.87,25.24,5.177,413
2020-03-27T00:00:00.000Z,12.65,43.64,27.63,21.6,35.61,8.847,343
2020-03-28T00:00:00.000Z,15.48,37.31,25.76,24.47,27.51,3.458,153
2020-03-29T00:00:00.000Z,9.73,69.75,16.64,13.44,24.38,9.447,322
2020-03-30T00:00:00.000Z,10.62,51.72,21.93,17.47,30.04,9.209,123
2020-03-31T00:00:00.000Z,2.44,40.42,8.77,5.7,12.17,5.806,309
2020-04-01T00:00:00.000Z,11.23,60.78,23.34,21.12,39.38,11.918,170
2020-04-02T00:00:00.000Z,9.77,81,56.04,26.08,61.85,19.121,380
2020-04-03T00:00:00.000Z,5.51,63.62,19.8,11.43,34.54,14.851,433
2020-04-04T00:00:00.000Z,1.83,13.44,6.17,4.3,8.07,2.56,476
2020-04-05T00:00:00.000Z,1.17,11.92,3.9,2.11,7.66,3.287,509
2020-04-06T00:00:00.000Z,4.78,45.97,15.5,10.94,26.11,10.092,418
2020-04-07T00:00:00.000Z,9.57,80.72,53,32.86,64.95,17.991,410
2020-04-08T00:00:00.000Z,28.34,190.6,58.46,51.99,74.5,17.978,443
2020-04-09T00:00:00.000Z,16.52,107.68,54.15,45.92,63.14,18.352,420
2020-04-10T00:00:00.000Z,18.39,74.15,37.25,31.47,42.69,10.524,468
2020-04-11T00:00:00.000Z,4.68,57.46,31.47,7.8,39,16.262,143
2020-04-12T00:00:00.000Z,2.68,17.47,6.88,4.88,10.88,3.669,531
2020-04-13T00:00:00.000Z,5.11,32.21,15.68,10.46,22.94,7.081,534
2020-04-14T00:00:00.000Z,5.65,70.79,22.86,17.32,39.67,16.885,509
2020-04-15T00:00:00.000Z,10.73,77.08,49.3,35.88,54.59,14.036,475
2020-04-16T00:00:00.000Z,11.63,106.78,39.86,28.2,60.93,17.542,465
2020-04-17T00:00:00.000Z,8.72,41.86,24.35,20.3,29.7,6.488,514
2020-04-18T00:00:00.000Z,17.63,69.16,29.34,26.36,34.65,7.527,545
2020-04-19T00:00:00.000Z,14.92,74.28,29.53,20.44,46.64,15.41,535
2020-04-20T00:00:00.000Z,12.24,45.88,25.27,22.04,28.95,5.05,475
2020-04-21T00:00:00.000Z,12.8,68.81,24.68,21.1,43.24,13.94,349
2020-04-22T00:00:00.000Z,4.38,31.4,11.9,8.5,15.52,4.889,407
2020-04-23T00:00:00.000Z,2.25,11.12,4.97,3.73,6.92,2.025,436
2020-04-24T00:00:00.000Z,3.58,25.7,8.77,6.46,12.81,4.185,476
2020-04-25T00:00:00.000Z,5.43,29.89,11.66,9.1,14.99,3.997,478
2020-04-26T00:00:00.000Z,4.12,56.72,8.73,6.76,14.16,8.48,524
2020-04-27T00:00:00.000Z,5.36,140.18,13.06,8.85,38.97,21.822,489
2020-04-28T00:00:00.000Z,13.48,77.62,48.42,29.49,60.93,17.646,373
2020-04-29T00:00:00.000Z,13.58,72.7,34.61,28.03,54.13,14.496,481
2020-04-30T00:00:00.000Z,17.18,56.58,31.26,27.31,38.06,8.725,507
2020-05-01T00:00:00.000Z,5.7,59.31,25.93,17.47,46.39,14.551,520
2020-05-02T00:00:00.000Z,4.57,56.46,14.08,9.73,22.01,12.12,512
2020-05-03T00:00:00.000Z,5.57,49.84,26.36,18.75,34.36,9.499,530
2020-05-04T00:00:00.000Z,9.82,57.82,20.5,16.48,24.14,7.751,500
2020-05-05T00:00:00.000Z,6.99,48.74,17.2,9.57,31.8,12.631,473
2020-05-06T00:00:00.000Z,6.82,40.9,13.09,11.31,20.25,7.849,548
2020-05-07T00:00:00.000Z,10.48,85.12,20.26,16.05,35.86,12.404,377
2020-05-08T00:00:00.000Z,3.7,31.51,15.39,12.98,19.63,6.644,326
2020-05-09T00:00:00.000Z,10.66,58.76,28.18,21.78,36.06,10.932,311
2020-05-10T00:00:00.000Z,8.14,44.76,13.11,10.19,20.46,7.523,240
2020-05-11T00:00:00.000Z,3.88,34.52,11.75,9.56,24.77,8.827,340
2020-05-12T00:00:00.000Z,3.42,34.47,14.08,10.3,19.39,6.879,435
2020-05-13T00:00:00.000Z,1.69,21.2,6.38,3.94,10.34,4.671,416
2020-05-14T00:00:00.000Z,1.27,36.61,8.55,3.68,12.96,7.108,443
2020-05-15T00:00:00.000Z,3.4,30.08,11.5,8.86,19.32,6.319,496
2020-05-16T00:00:00.000Z,5.45,32.67,16.01,7.58,20.72,7.091,318
2020-05-17T00:00:00.000Z,3.37,43.78,8.68,5.78,18.42,9.443,518
2020-05-18T00:00:00.000Z,5.3,46.6,16.45,13.79,22.75,9.867,436
2020-05-19T00:00:00.000Z,9.48,74.08,26.35,23.31,46.46,15.499,510
2020-05-20T00:00:00.000Z,3.47,35.08,15,10.13,19.75,7.603,524
2020-05-21T00:00:00.000Z,2.7,38.79,15.05,5.88,19.39,7.839,478
2020-05-22T00:00:00.000Z,4.11,31.1,10.03,7.16,13.48,4.583,516
2020-05-23T00:00:00.000Z,5.53,45.3,23.52,13.85,31.92,9.953,478
2020-05-24T00:00:00.000Z,7.2,46.42,16.7,11.45,33.13,11.521,506
2020-05-25T00:00:00.000Z,1.85,31.25,16.8,8.39,19.47,6.649,512
2020-05-26T00:00:00.000Z,2.1,20.67,6.9,4.29,9.32,3.18,480
2020-05-27T00:00:00.000Z,4.07,43.7,15.8,9.22,24.19,9.629,501
2020-05-28T00:00:00.000Z,5.37,39.65,26.05,18.8,30.04,7.039,501
2020-05-29T00:00:00.000Z,5.65,31.12,14.5,10.38,18.3,5.431,501
2020-05-30T00:00:00.000Z,3.37,40.75,10.45,5.95,16.87,7.81,539
2020-05-31T00:00:00.000Z,1.02,67.78,10.48,6.47,24.63,14.647,471
2020-06-01T00:00:00.000Z,1.2,37.38,11.02,3.49,17.69,8.215,453
2020-06-02T00:00:00.000Z,1.48,78.68,9.24,5.85,18.07,17.095,506
2020-06-03T00:00:00.000Z,3.62,55.35,10.18,7.2,13.43,8.848,423
2020-06-04T00:00:00.000Z,3.28,67.68,14.15,8.02,25.29,15.083,509
2020-06-05T00:00:00.000Z,6.5,73.93,15.75,11.77,22.25,13.239,414
2020-06-06T00:00:00.000Z,2.97,151.68,11.72,6.05,36.22,37.018,456
2020-06-07T00:00:00.000Z,0.65,88.53,4.93,2.5,19.77,23.23,516
2020-06-08T00:00:00.000Z,0.35,49.4,7.7,1.33,19.29,14.554,512
2020-06-09T00:00:00.000Z,0.52,47.35,8.3,4.2,18.98,13.568,456
2020-06-10T00:00:00.000Z,0.4,16.75,3.7,2.5,5.94,2.898,496
2020-06-11T00:00:00.000Z,1.6,47.1,11.6,7.45,21.36,10.386,516
2020-06-12T00:00:00.000Z,0.82,30.1,5.59,2.9,8.68,5.778,526
2020-06-13T00:00:00.000Z,3.97,37.79,7.68,5.85,12.9,7.522,505
2020-06-14T00:00:00.000Z,2.12,36.4,7.62,4.2,12.75,7.815,326
2020-06-15T00:00:00.000Z,3.17,36.63,12.53,7.62,20.83,8.529,538
2020-06-16T00:00:00.000Z,0.52,12,4.87,3.72,6.78,2.358,537
2020-06-17T00:00:00.000Z,0.6,17.23,3.72,2.6,6.5,3.826,506
2020-06-18T00:00:00.000Z,1.33,13.57,5.2,3.3,6.77,2.13,476
2020-06-19T00:00:00.000Z,1.7,46.4,4.7,3.42,6.37,3.972,460
2020-06-20T00:00:00.000Z,1.95,15.98,5.85,4.47,7.72,2.443,543
2020-06-21T00:00:00.000Z,1.05,17.48,7.25,4.54,9.53,3.49,533
2020-06-22T00:00:00.000Z,0.4,18.89,3.47,1.62,6.68,4.009,517
2020-06-23T00:00:00.000Z,0.88,20.27,5.61,3.1,7.35,2.881,534
2020-06-24T00:00:00.000Z,1.17,71.78,5.05,2.61,10.14,5.602,553
2020-06-25T00:00:00.000Z,2.2,50.08,12.52,8.13,28.62,12.68,530
2020-06-26T00:00:00.000Z,0.3,18.87,4.36,2.59,6.22,2.762,504
2020-06-27T00:00:00.000Z,1.83,11.55,4.75,3.8,5.95,1.7,497
2020-06-28T00:00:00.000Z,2.62,21.08,6.53,5.46,8.13,2.033,428
2020-06-29T00:00:00.000Z,3.7,66.4,8.69,6.78,10,3.889,456
2020-06-30T00:00:00.000Z,3.47,26.58,11.95,8.57,14.64,4.172,377
2020-07-01T00:00:00.000Z,1.9,22.58,7.89,6.61,10.22,3.89,372
2020-07-02T00:00:00.000Z,3.55,141.72,9.75,8.19,12.01,7.423,424
2020-07-03T00:00:00.000Z,0.93,15.68,6.53,4.62,7.57,2.581,443
2020-07-04T00:00:00.000Z,0.8,210.68,6.25,4.15,8.02,18.436,466
2020-07-05T00:00:00.000Z,1.75,13.38,5.97,4.34,7.4,2.134,447
2020-07-06T00:00:00.000Z,1.37,10.38,4.3,3.46,5.42,1.544,272
2020-07-07T00:00:00.000Z,2,25.98,7.65,6.06,9.11,2.679,405
2020-07-08T00:00:00.000Z,1,19.6,6.34,2.94,7.86,3.077,412
2020-07-09T00:00:00.000Z,0.3,17.14,4.7,1.85,6.65,3.154,447
2020-07-10T00:00:00.000Z,0.5,35.03,3.85,3.05,5.9,4.188,393
2020-07-11T00:00:00.000Z,1.2,23.87,6.82,4.59,9.15,3.592,314
2020-07-12T00:00:00.000Z,1.75,26.3,9.8,7.3,15.7,5.715,384
2020-07-13T00:00:00.000Z,1.42,12.05,4.9,3.5,7.1,2.26,299
2020-07-14T00:00:00.000Z,3.83,62.38,12.7,9.38,17.75,9.226,127
2020-07-15T00:00:00.000Z,2.87,23.9,8.23,6.63,10.23,3.181,336
2020-07-16T00:00:00.000Z,2.1,17.07,6.15,4.8,8.05,2.719,309
2020-07-17T00:00:00.000Z,1.37,12.3,5.6,4.04,7.3,2.267,461
2020-07-18T00:00:00.000Z,1.45,14.57,5.57,4.12,7.47,2.448,411
2020-07-19T00:00:00.000Z,1.73,25.08,4.92,3.6,8.05,3.449,154
2020-07-20T00:00:00.000Z,2.22,15.77,7.75,5,8.93,2.712,159
2020-07-21T00:00:00.000Z,2.02,34.03,5.28,4.12,6.49,3.588,257
2020-07-22T00:00:00.000Z,1.25,10.65,4.25,3.12,6.15,2.176,265
2020-07-23T00:00:00.000Z,1.95,12.37,6.3,4.3,8.32,2.555,282
2020-07-24T00:00:00.000Z,1.83,16.42,6,4.96,9.14,2.673,369
2020-07-25T00:00:00.000Z,7.1,18.6,11.82,10.34,13.32,2.375,77
2020-07-26T00:00:00.000Z,0.7,24.8,7.43,4.94,11.6,4.876,412
2020-07-27T00:00:00.000Z,10.25,100.97,46.72,33.04,63.84,18.656,264
2020-07-28T00:00:00.000Z,18.55,113.88,47.28,39.79,64.81,22.337,399
2020-07-29T00:00:00.000Z,4.5,126.6,27.87,17.25,32.5,11.738,315
2020-07-30T00:00:00.000Z,2.72,30.15,11.07,8.93,13.68,4.014,370
2020-07-31T00:00:00.000Z,3.6,51.95,25.6,15.4,33.35,11.745,343
2020-08-01T00:00:00.000Z,1.33,10.68,4.15,2.75,5.9,2.086,334
2020-08-02T00:00:00.000Z,0.8,26.43,2.67,1.8,6.14,5.643,333
2020-08-03T00:00:00.000Z,4.32,35.63,10.93,7.7,13.52,5.956,343
2020-08-04T00:00:00.000Z,2.62,36.95,13.5,10.32,18.87,6.39,395
2020-08-05T00:00:00.000Z,1.48,36.83,16.87,4.87,24.42,10.482,413
2020-08-06T00:00:00.000Z,1.3,29.12,5.35,4.59,6.6,3.95,335
2020-08-07T00:00:00.000Z,3.45,38.25,10.39,7.75,13.45,6.437,378
2020-08-08T00:00:00.000Z,1.8,48.42,5.8,3.55,10,6.124,346
2020-08-09T00:00:00.000Z,3.17,23.08,9.47,7.32,12.27,3.042,411
2020-08-10T00:00:00.000Z,0.9,27.8,4.65,2.78,9.3,5.722,427
2020-08-11T00:00:00.000Z,0.35,14.32,3.28,1.59,7.09,3.258,405
2020-08-12T00:00:00.000Z,0.6,25.6,5.67,3.03,8.05,5.291,418
2020-08-13T00:00:00.000Z,0.5,14.8,4.07,2.8,5.7,2.981,442
2020-08-14T00:00:00.000Z,4.22,63.42,8.93,6.96,14.67,6.883,360
2020-08-15T00:00:00.000Z,1.1,20.25,5.92,4.28,8.98,3.708,426
2020-08-16T00:00:00.000Z,0.7,25.62,5.96,3.62,10.05,5.074,458
2020-08-17T00:00:00.000Z,0.52,34.13,7.37,5.3,11.56,5.987,425
2020-08-18T00:00:00.000Z,1.14,15.82,7,3.92,9.89,3.594,217
2020-08-19T00:00:00.000Z,3.3,46.17,28.65,26.86,30.88,7.25,140
2020-08-20T00:00:00.000Z,3,44.53,7.93,6.03,30.9,13.527,290
2020-08-21T00:00:00.000Z,4.22,32.47,8.55,6.81,14.08,4.765,420
2020-08-22T00:00:00.000Z,2.67,33.47,17.32,12.01,25.39,7.713,284
2020-08-23T00:00:00.000Z,3.75,36.83,10.37,7.75,17.59,7.006,296
2020-08-24T00:00:00.000Z,0.4,23.33,6.28,1.48,13.35,6.309,259
2020-08-25T00:00:00.000Z,1.87,29.15,8.44,4.61,15.83,6.731,309
2020-08-26T00:00:00.000Z,2.08,72.15,14.67,5.55,26.33,15.803,366
2020-08-27T00:00:00.000Z,9.75,54.78,21.77,16.32,30.42,11.431,438
2020-08-28T00:00:00.000Z,4.55,43.1,13.5,10.48,16.3,6.659,408
2020-08-29T00:00:00.000Z,3.95,34.9,9.65,7.25,25.35,9.599,141
2020-08-30T00:00:00.000Z,7.1,60.15,21,16.32,24.04,7.514,241
2020-08-31T00:00:00.000Z,5.18,37.54,13.67,10.23,19.09,6.712,244
2020-09-01T00:00:00.000Z,3.8,97.07,46.08,19.64,68.78,27.071,275
2020-09-02T00:00:00.000Z,28.98,102.22,69.94,54.89,83.97,17.64,444
2020-09-03T00:00:00.000Z,29.6,111.12,56.7,50.88,76.16,16.856,393
2020-09-04T00:00:00.000Z,8.9,58.9,35.69,31.52,42.27,9.97,392
2020-09-05T00:00:00.000Z,5.35,29.25,16.73,13.7,19.02,3.856,314
2020-09-06T00:00:00.000Z,1.83,29.25,10.29,4.38,16.95,6.676,380
2020-09-07T00:00:00.000Z,1.2,37.08,16.52,10.7,21.08,8.478,394
2020-09-08T00:00:00.000Z,5.87,52.92,24.97,14.81,38.85,13.119,356
2020-09-09T00:00:00.000Z,4.25,28.27,10.6,7.52,13.78,4.615,361
2020-09-10T00:00:00.000Z,1.5,35.4,11.35,6.62,21.7,8.273,311
2020-09-11T00:00:00.000Z,7.2,44.45,21.83,17.89,25.23,6.471,279
2020-09-12T00:00:00.000Z,2.1,46.65,9.23,6.68,13.6,4.873,271
2020-09-13T00:00:00.000Z,1.4,29.4,7.3,5.07,10.56,4.848,329
2020-09-14T00:00:00.000Z,1.87,28.8,10.32,6.31,16,5.599,249
2020-09-15T00:00:00.000Z,2.7,26.45,11.36,7.8,14.02,4.561,226
2020-09-16T00:00:00.000Z,19.67,45.08,26.42,23.3,32.01,6.446,33
2020-09-17T00:00:00.000Z,2.65,23.45,7.7,5.68,10.52,4.301,139
2020-09-18T00:00:00.000Z,0.9,6.72,2.7,2.29,3.25,0.948,312
2020-09-19T00:00:00.000Z,2.02,25.62,8.48,5.14,10.79,4.273,173
2020-09-20T00:00:00.000Z,8.25,69.25,38.86,22.23,58.35,18.192,214
2020-09-21T00:00:00.000Z,3.42,59.97,15.4,8.42,25.9,15.627,149
2020-09-22T00:00:00.000Z,1.67,23.02,6.45,4,8.69,4.156,284
2020-09-23T00:00:00.000Z,0.3,25.4,8.57,1.8,12.43,6.397,369
2020-09-24T00:00:00.000Z,0.68,45.17,15.47,8.78,19.73,11.612,420
2020-09-25T00:00:00.000Z,3.28,49.9,16.77,12.09,22.8,8.858,256
2020-09-26T00:00:00.000Z,1.9,20.12,7.37,5.88,9.53,3.408,272
2020-09-27T00:00:00.000Z,2.54,19.07,7.18,5.67,9.47,3.17,205
2020-09-28T00:00:00.000Z,4.65,109.87,40.9,24.84,52.19,22.031,197
2020-09-29T00:00:00.000Z,9.23,63.33,23.27,19.05,28.48,9.542,171
2020-09-30T00:00:00.000Z,1.02,48.7,14.3,11.5,17.87,8.064,323
2020-10-01T00:00:00.000Z,1.98,39.25,8.69,5.57,12.64,7.417,273
2020-10-02T00:00:00.000Z,6.15,45.38,23.26,13.84,28.28,9.845,240
2020-10-03T00:00:00.000Z,1.25,95.62,11.38,8.5,17.57,9.523,223
2020-10-04T00:00:00.000Z,0.95,23.4,6.28,3.09,11.34,5.576,297
2020-10-05T00:00:00.000Z,2.47,75.68,13.27,5.55,22.54,12.657,300
2020-10-06T00:00:00.000Z,2.29,15.85,8.88,6.47,10.77,2.987,323
2020-10-07T00:00:00.000Z,2.45,21.95,6.35,5.09,8.63,3.153,324
2020-10-08T00:00:00.000Z,2.25,18.17,6.32,4.88,8.47,2.643,257
2020-10-09T00:00:00.000Z,2.15,26.27,7.05,4.47,9.68,3.821,331
2020-10-10T00:00:00.000Z,3.03,25.23,8.44,6.32,11.54,3.727,393
2020-10-11T00:00:00.000Z,4.87,40.67,11.23,8.13,14.93,6.237,407
2020-10-12T00:00:00.000Z,9.35,46.45,21.9,15.31,29.88,9.297,328
2020-10-13T00:00:00.000Z,8.25,85.03,16.2,12.89,22.73,17.336,384
2020-10-14T00:00:00.000Z,0.82,16.37,5.42,2.25,9,3.756,382
2020-10-15T00:00:00.000Z,0.82,5.15,1.92,1.55,2.42,0.729,383
2020-10-16T00:00:00.000Z,1.48,20.58,5.82,3.61,8.78,3.755,397
2020-10-17T00:00:00.000Z,1.8,12.25,3.66,2.9,4.67,1.392,400
2020-10-18T00:00:00.000Z,3.42,22.73,7.57,6.13,10.7,4.135,375
2020-10-19T00:00:00.000Z,3.17,20.02,6.92,5.34,9.11,3.293,400
2020-10-20T00:00:00.000Z,2.95,34.45,5.71,4.72,6.93,2.253,406
2020-10-21T00:00:00.000Z,1.24,24.77,6.4,3.59,16.22,6.659,361
2020-10-22T00:00:00.000Z,2.35,37.72,14.98,6.78,21.77,8.087,367
2020-10-23T00:00:00.000Z,2.58,65.25,29.95,8.35,44.63,18.289,333
2020-10-24T00:00:00.000Z,4.88,69.4,22.08,14.52,31.48,12.331,383
2020-10-25T00:00:00.000Z,5.8,48.1,16.1,12.32,22.45,8.371,379
2020-10-26T00:00:00.000Z,7.57,37.7,22.14,16.27,27.43,7.046,362
2020-10-27T00:00:00.000Z,7.78,91.2,21.66,17.5,36,12.944,390
2020-10-28T00:00:00.000Z,5.85,56.35,16.53,11.31,22.78,9.782,413
2020-10-29T00:00:00.000Z,2.78,25,10.75,7.53,14.38,4.835,398
2020-10-30T00:00:00.000Z,2.35,29.9,6.8,5.18,9.1,3.278,449
2020-10-31T00:00:00.000Z,2.8,65.06,29.67,14.01,44.57,16.155,416
2020-11-01T00:00:00.000Z,28.6,82.88,55.33,50.78,61.95,8.72,427
2020-11-02T00:00:00.000Z,1.4,90.6,5.53,3.37,61.9,30.715,407
2020-11-03T00:00:00.000Z,3.45,31.65,11.63,7.75,16.95,6.498,410
2020-11-04T00:00:00.000Z,8.83,89.68,30.64,23.83,63.5,22.766,334
2020-11-05T00:00:00.000Z,39.22,190.68,70.17,60.2,84.63,16.114,270
2020-11-06T00:00:00.000Z,15.77,117.1,67.9,47.58,83.68,23.293,265
2020-11-07T00:00:00.000Z,4,34.2,11.39,7.47,15.97,6.303,242
2020-11-08T00:00:00.000Z,4.59,47.9,16.62,11.5,30.27,10.495,284
2020-11-09T00:00:00.000Z,3.72,46.28,12.01,8.65,19.25,9.449,270
2020-11-10T00:00:00.000Z,4.59,51.3,15.2,10.4,26.25,10.856,306
2020-11-11T00:00:00.000Z,7.18,63.1,33.53,19.61,45.97,14.895,317
2020-11-12T00:00:00.000Z,6,70.4,37.96,18.82,45.33,15.71,266
2020-11-13T00:00:00.000Z,5.28,58.72,19.8,12.2,32.9,11.313,291
2020-11-14T00:00:00.000Z,5.35,34.6,13.48,10.7,16.94,5.87,320
2020-11-15T00:00:00.000Z,4.34,24.73,11.52,9.13,16.88,4.72,283
2020-11-16T00:00:00.000Z,4.72,29.48,14.13,10.4,18.6,5.202,266
2020-11-17T00:00:00.000Z,18.32,65.9,33.17,28.97,37.95,9.327,296
2020-11-18T00:00:00.000Z,3.47,42.28,18.72,11.44,26.49,9.479,348
2020-11-19T00:00:00.000Z,5.55,63.13,22.81,18.14,33.11,10.915,352
2020-11-20T00:00:00.000Z,5.4,47.33,19.1,14.98,25.42,9.132,348
2020-11-21T00:00:00.000Z,7.95,42.1,22.83,16.04,26,7.117,300
2020-11-22T00:00:00.000Z,7.03,40.25,17.19,12.07,22.45,7.378,294
2020-11-23T00:00:00.000Z,6.05,41.6,27.32,18.48,32.46,8.7,260
2020-11-24T00:00:00.000Z,16.85,76.9,38.42,29.42,42.63,10.186,277
2020-11-25T00:00:00.000Z,16.5,66.59,40.17,36.85,44.97,10.036,287
2020-11-26T00:00:00.000Z,7.38,62.33,27.25,22.2,41.15,11.52,278
2020-11-27T00:00:00.000Z,10.35,50.05,31.1,20.56,38.03,10.047,260
2020-11-28T00:00:00.000Z,2.83,32.92,14.59,8.43,19.84,6.663,276
2020-11-29T00:00:00.000Z,3.2,28.77,11.72,8.02,16.32,5.618,270
2020-11-30T00:00:00.000Z,4.28,39.25,16.63,11.29,24.17,7.774,240
2020-12-01T00:00:00.000Z,14.27,65.05,41.35,29.69,50.98,12.716,221
2020-12-02T00:00:00.000Z,15.8,149.19,43.17,34.63,57.83,18.09,227
2020-12-03T00:00:00.000Z,6,36.9,16.45,11.32,23.01,6.832,228
2020-12-04T00:00:00.000Z,4.7,38.75,12.1,10.02,14.13,5,259
2020-12-05T00:00:00.000Z,6.38,37.29,18.73,14.54,23.94,6.548,248
2020-12-06T00:00:00.000Z,8.65,77.18,36.65,29.58,52.2,15.103,327
2020-12-07T00:00:00.000Z,9.69,62.58,31.05,24.77,41.92,12.131,279
2020-12-08T00:00:00.000Z,9.55,119.2,44.75,24.33,72.97,27.112,273
2020-12-09T00:00:00.000Z,18.85,118.55,50.74,42.75,64.2,17.696,246
2020-12-10T00:00:00.000Z,25.45,139.19,70.78,51.61,87.65,24.739,257
2020-12-11T00:00:00.000Z,41.08,142.69,122.8,112.47,127.2,17.5,62
2020-12-12T00:00:00.000Z,22.58,80.78,52.33,39.1,68.61,16.74,168
2020-12-13T00:00:00.000Z,5.07,81.47,55.02,20.35,64.12,23.458,292
2020-12-14T00:00:00.000Z,3.55,117.75,10.07,7.28,43.88,19.594,270
2020-12-15T00:00:00.000Z,1.98,27.52,8.44,5.22,12.68,5.05,286
2020-12-16T00:00:00.000Z,2.52,25.23,7.96,5.63,10.63,4.344,298
2020-12-17T00:00:00.000Z,2,23.6,7,5.05,10.77,4.364,267
2020-12-18T00:00:00.000Z,2,30.08,7.15,4.72,8.88,5.411,138
2020-12-19T00:00:00.000Z,6.47,18.1,8.57,7.45,10.43,2.275,66
2020-12-20T00:00:00.000Z,6.35,43.6,13.4,10.09,19.92,7.608,300
2020-12-21T00:00:00.000Z,7.47,58.03,20.85,13.64,35.65,12.956,292
2020-12-22T00:00:00.000Z,12.1,100.93,49.53,33.84,64.79,20.783,277
2020-12-23T00:00:00.000Z,15.63,75.7,52.58,41.28,58.8,12.223,303
2020-12-24T00:00:00.000Z,11.23,125.07,66.47,31.17,90.53,34.315,279
2020-12-25T00:00:00.000Z,23.7,107.9,56.47,47.95,66.4,15.983,302
2020-12-26T00:00:00.000Z,36.25,120.93,87.12,76.2,96.59,15.371,288
2020-12-27T00:00:00.000Z,33.67,153.72,88.87,65.41,102.86,23.986,292
2020-12-28T00:00:00.000Z,12.63,69.53,34.45,25.3,42.7,11.652,295
2020-12-29T00:00:00.000Z,5.09,72.31,24.3,14.48,35.57,14.054,285
2020-12-30T00:00:00.000Z,2.9,25.67,17.44,7.7,20.58,6.536,282
2020-12-31T00:00:00.000Z,7.13,56.33,23.77,17.61,31.59,9.834,305
2021-01-01T00:00:00.000Z,10.45,150.69,27.85,19.14,103.69,40.725,288
2021-01-02T00:00:00.000Z,22.48,92.25,56.99,51.5,65.93,10.969,266
2021-01-03T00:00:00.000Z,15.63,88.82,45.83,38.25,57.6,14.428,257
2021-01-04T00:00:00.000Z,23.27,182.43,88.6,50.91,116.74,35.035,236
2021-01-05T00:00:00.000Z,31.02,157.94,84.52,60.08,118.45,31.519,258
2021-01-06T00:00:00.000Z,29.73,115.03,82,66.53,95.45,20.904,243
2021-01-07T00:00:00.000Z,1.5,98.9,20.41,9.75,36.38,25.982,262
2021-01-08T00:00:00.000Z,1.25,26.88,6.18,2.63,11.45,5.503,285
2021-01-09T00:00:00.000Z,4.63,27.95,13.65,9.07,17.48,5.245,281
2021-01-10T00:00:00.000Z,4.43,54.03,15.48,10.56,27.67,11.462,277
2021-01-11T00:00:00.000Z,4.9,35.2,11.2,8.19,16.32,6.813,189
2021-01-12T00:00:00.000Z,5.18,66.34,38.33,12.58,49.24,19.375,205
2021-01-13T00:00:00.000Z,15.3,92.88,49.78,38.29,65.09,16.8,263
2021-01-14T00:00:00.000Z,20.5,97.13,66.43,56.08,78.05,13.531,259
2021-01-15T00:00:00.000Z,31.05,146.19,99.15,92.39,106.45,14.482,277
2021-01-16T00:00:00.000Z,29.63,173.32,93.47,61.3,110.1,30.669,255
2021-01-17T00:00:00.000Z,7.47,91.72,20.45,16.02,31.02,16.042,241
2021-01-18T00:00:00.000Z,7.25,84.78,39.44,20.02,52.82,19.871,232
2021-01-19T00:00:00.000Z,17.82,95.57,53.4,39.6,64.93,15.842,207
2021-01-20T00:00:00.000Z,22.92,128.15,88.22,73.52,105.01,18.878,257
2021-01-21T00:00:00.000Z,26.63,193.25,108.8,70.18,142.6,43.426,235
2021-01-22T00:00:00.000Z,30.13,259.3,81.75,68.43,96.3,24,255
2021-01-23T00:00:00.000Z,48.42,213.07,102.01,84.28,113.99,25.675,252
2021-01-24T00:00:00.000Z,26.85,155.88,73.53,62.87,89.88,29.984,253
2021-01-25T00:00:00.000Z,26.23,77.9,52.15,35.42,61.57,14.179,241
2021-01-26T00:00:00.000Z,22.25,56.4,38.38,33.63,41.78,6.054,257
2021-01-27T00:00:00.000Z,8.19,44.53,26.15,22.62,30.57,7.091,237
2021-01-28T00:00:00.000Z,4.4,94.93,28.72,11.32,47.17,21.71,274
2021-01-29T00:00:00.000Z,29.88,81.55,60.55,49.28,70.97,13.355,215
2021-01-30T00:00:00.000Z,55.67,138.93,74.56,64.98,108.05,24.557,137
2021-01-31T00:00:00.000Z,28.3,97,31.38,30.48,34.72,18.809,11
2021-02-01T00:00:00.000Z,16.05,55.05,33.53,30.5,37.5,6.995,170
2021-02-02T00:00:00.000Z,18.57,94.93,42.1,32.09,50.8,13.736,237
2021-02-03T00:00:00.000Z,11.55,53.55,30.92,25.38,35.67,7.194,145
2021-02-04T00:00:00.000Z,9.23,67.47,43.03,31.63,48.45,11.187,257
2021-02-05T00:00:00.000Z,9.02,294.5,33.5,27.61,44.18,21.078,225
2021-02-06T00:00:00.000Z,16.27,66.22,39.83,28.9,51.3,13.693,243
2021-02-07T00:00:00.000Z,12.65,118.47,38.88,31.3,69.78,21.014,239
2021-02-08T00:00:00.000Z,0.88,85.93,5.98,1.83,36.63,22.328,254
2021-02-09T00:00:00.000Z,1.1,26.25,6.59,3.73,11.42,6.093,204
2021-02-10T00:00:00.000Z,20.83,30.17,25.69,22.66,27.2,2.426,68
2021-02-11T00:00:00.000Z,8.05,85.88,25.27,16.26,30.81,10.247,221
2021-02-12T00:00:00.000Z,6.78,43.75,19.8,15.87,26.06,8.096,261
2021-02-13T00:00:00.000Z,7.05,34.45,23.08,20.03,26.83,5.338,252
2021-02-14T00:00:00.000Z,4.63,56.42,26.45,18.45,32.78,9.654,240
2021-02-15T00:00:00.000Z,17.39,56.2,31.57,26.25,42.28,9.515,242
2021-02-16T00:00:00.000Z,16.98,70.3,37.28,32.02,52.46,13.224,228
2021-02-17T00:00:00.000Z,4.47,24.7,11.43,8.36,17.14,4.92,201
2021-02-18T00:00:00.000Z,8,105.07,50.22,35.92,79.41,25.932,261
2021-02-19T00:00:00.000Z,10.4,78.68,38.54,30.4,47.55,16.379,222
2021-02-20T00:00:00.000Z,7.8,66.97,40.13,33.7,42.6,10.149,246
2021-02-21T00:00:00.000Z,8.9,44.42,25.48,22.25,33.13,8.074,251
2021-02-22T00:00:00.000Z,8.18,66.78,26.55,21.3,45.58,13.445,211
2021-02-23T00:00:00.000Z,8.48,64.05,32.63,23.94,39.24,11.189,225
2021-02-24T00:00:00.000Z,5.65,45.5,18.32,13.85,21.27,7.526,235
2021-02-25T00:00:00.000Z,6.4,46.53,19.95,15.95,22.65,7.08,223
2021-02-26T00:00:00.000Z,11.75,52.35,27.73,23.13,32.35,7.505,223
2021-02-27T00:00:00.000Z,10.4,59.13,33.6,24.05,44.95,11.379,259
2021-02-28T00:00:00.000Z,13.5,69.4,41.72,35.42,46.83,7.806,247
2021-03-01T00:00:00.000Z,6.38,80.34,26.6,14.98,49.35,18.322,235
2021-03-02T00:00:00.000Z,3.58,56.53,27.63,9.32,36.28,15.912,245
2021-03-03T00:00:00.000Z,14.5,71.3,42.08,31.9,49.45,11.077,227
2021-03-04T00:00:00.000Z,10.35,88.05,32.24,28.38,46.15,18.739,226
2021-03-05T00:00:00.000Z,8.15,77.43,40.19,30.8,52.83,14.564,246
2021-03-06T00:00:00.000Z,21.7,64.7,36.06,30.92,43.09,9.23,240
2021-03-07T00:00:00.000Z,8.85,83.47,34.38,27.83,44.75,13.568,259
2021-03-08T00:00:00.000Z,12.2,69.17,42.67,33.67,57.09,13.486,240
2021-03-09T00:00:00.000Z,5.5,49.47,23,16.57,30.83,9.635,251
2021-03-10T00:00:00.000Z,5.63,161.72,22.14,15.67,28.14,13.646,228
2021-03-11T00:00:00.000Z,6.55,55.03,25.6,17.98,35.97,10.746,237
2021-03-12T00:00:00.000Z,9.13,56,37.09,26.75,41.03,9.432,242
2021-03-13T00:00:00.000Z,8.57,68.43,48,37.35,54.83,11.599,241
2021-03-14T00:00:00.000Z,11.8,61.92,36.65,30.88,42.37,9.728,237
2021-03-15T00:00:00.000Z,9.02,41.58,22.52,17.17,27.1,6.857,215
2021-03-16T00:00:00.000Z,7.85,62.42,27.82,21.7,32.83,8.838,218
2021-03-17T00:00:00.000Z,10.15,43.53,28.13,22.7,31.98,7.093,254
2021-03-18T00:00:00.000Z,9.52,50.38,30.85,25.14,36.06,8.518,233
2021-03-19T00:00:00.000Z,6.3,86.45,19.64,16.95,23.75,9.24,215
2021-03-20T00:00:00.000Z,7.63,49.78,24.88,21.55,28.77,6.377,230
2021-03-21T00:00:00.000Z,1.42,39.28,4.57,3.47,6.85,6.163,207
2021-03-22T00:00:00.000Z,4.43,46.6,13.73,7.93,21.08,9.915,195
2021-03-23T00:00:00.000Z,6.88,44.35,26.67,15.53,31.33,9.294,221
2021-03-24T00:00:00.000Z,26.65,102.25,72.19,52.19,77.86,17.039,176
2021-03-25T00:00:00.000Z,21.65,95.88,65.79,55.55,75.03,12.726,214
2021-03-26T00:00:00.000Z,14.5,68.03,33.7,27,43.08,11.263,179
2021-03-27T00:00:00.000Z,11.5,47.33,27.25,24.23,34.38,7.526,155
2021-03-28T00:00:00.000Z,7.78,50.25,34.4,20.95,42.33,11.57,108
2021-03-29T00:00:00.000Z,28.33,80.2,50.79,47.75,60.27,9.293,186
2021-03-30T00:00:00.000Z,23.73,79,49.3,31.77,63.45,16.879,211
2021-03-31T00:00:00.000Z,15.52,84.15,36.7,33.75,54.22,12.977,191
2021-04-01T00:00:00.000Z,18.73,72.25,36.07,33.13,42.25,8.14,174
2021-04-02T00:00:00.000Z,15.13,55.22,25.83,22.42,30.1,5.517,202
2021-04-03T00:00:00.000Z,18.25,42.9,30.48,25.45,36.08,5.881,203
2021-04-04T00:00:00.000Z,8.18,62.13,36.6,22.83,43.04,12.345,197
2021-04-05T00:00:00.000Z,21.4,84.68,56.81,36.75,69.59,17.946,118
2021-04-06T00:00:00.000Z,15.6,83.45,37.69,29.54,43.79,15.144,228
2021-04-07T00:00:00.000Z,13.13,105.97,29.52,24.85,33.5,9.487,163
2021-04-08T00:00:00.000Z,6.22,39.1,21.73,16.35,28.52,7.365,179
2021-04-09T00:00:00.000Z,9.68,78.38,29.87,23.86,40.2,10.928,128
2021-04-10T00:00:00.000Z,20.67,82.32,58.99,44.57,69.25,16.947,120
2021-04-11T00:00:00.000Z,5.28,124.1,23.6,13.38,77.45,30.135,87
2021-04-12T00:00:00.000Z,6.3,33.7,12.45,11.3,15.3,4.308,63
2021-04-13T00:00:00.000Z,5.15,23.35,11.94,9.25,16.64,4.628,58
2021-04-14T00:00:00.000Z,7.78,15.35,11.18,9.84,12.68,1.986,61
2021-04-15T00:00:00.000Z,8.94,27.8,14.5,12.93,17.92,4.014,95
2021-04-16T00:00:00.000Z,5.55,32.4,14.74,11.23,17.27,5.466,126
2021-04-17T00:00:00.000Z,3.55,36.6,8.85,7.3,16.88,6.733,143
2021-04-18T00:00:00.000Z,22.52,66.78,40.9,34.97,54.92,11.658,131
2021-04-19T00:00:00.000Z,7.15,46.53,14.73,11.75,21.1,8.521,127
2021-04-20T00:00:00.000Z,7.63,24.58,12.68,11.18,15.23,3.25,115
2021-04-21T00:00:00.000Z,3.38,19.92,9.77,7.28,13.55,3.931,115
2021-04-22T00:00:00.000Z,3.78,18.88,11.07,8.63,12.93,3.054,115
2021-04-23T00:00:00.000Z,6.35,20.45,14.93,13.35,16.35,2.694,107
2021-04-24T00:00:00.000Z,7.57,31.92,19.35,13.5,23.67,5.845,128
2021-04-25T00:00:00.000Z,10.75,29.88,16.17,14.5,19.13,3.52,155
2021-04-26T00:00:00.000Z,3.8,34.47,12.82,8.27,17.05,6.375,134
2021-04-27T00:00:00.000Z,8.48,49.55,27.1,19.6,31.48,8.483,123
2021-04-28T00:00:00.000Z,2.04,41.38,6.1,3.9,10.64,9.172,76
2021-04-29T00:00:00.000Z,4.55,45.13,17.27,7.64,25.75,12.304,113
2021-04-30T00:00:00.000Z,8.65,48.13,22.13,18.85,35.63,10.354,107
2021-05-01T00:00:00.000Z,17.32,50.53,28.41,26.28,36.59,7.468,136
2021-05-02T00:00:00.000Z,4.57,47.13,18.25,11.92,23,8.484,129
2021-05-03T00:00:00.000Z,3.75,19.8,10.11,8.23,12.6,2.989,120
2021-05-04T00:00:00.000Z,5.9,28.13,16.77,12.31,18.39,4.388,121
2021-05-05T00:00:00.000Z,2.2,29.45,7.78,5.09,13.03,5.98,120
2021-05-06T00:00:00.000Z,1.4,50.8,25.85,12.7,35.04,13.194,110
2021-05-07T00:00:00.000Z,3.83,45.38,11.43,8.98,15.24,7.042,121
2021-05-08T00:00:00.000Z,8.02,35.22,17.63,9.77,27.48,9.173,123
2021-05-09T00:00:00.000Z,6.53,28.27,14.6,11.63,18.64,4.689,139
2021-05-10T00:00:00.000Z,6.4,27.15,13.6,10.92,20.07,5.17,129
2021-05-11T00:00:00.000Z,0.95,47.8,16.5,8.52,24.79,12.877,101
2021-05-12T00:00:00.000Z,8.38,38.25,19.51,16.8,22.25,4.847,112
2021-05-13T00:00:00.000Z,1.63,295.13,14.6,10.02,16.95,30.996,141
2021-05-14T00:00:00.000Z,3.53,222.55,9.64,6.28,14.25,22.478,126
2021-05-15T00:00:00.000Z,4.97,31.73,16.44,12.59,20.17,5.446,140
2021-05-16T00:00:00.000Z,4.43,33.88,14.72,10.33,19.76,6.577,124
2021-05-17T00:00:00.000Z,2.85,18.89,8.85,6.65,11.52,3.438,115
2021-05-18T00:00:00.000Z,3.4,34.22,8.69,6.93,10.05,3.661,102
2021-05-19T00:00:00.000Z,4.57,20.27,10.77,8.82,12.32,2.972,119
2021-05-20T00:00:00.000Z,4.57,24.27,13.41,10.49,14.8,3.355,116
2021-05-21T00:00:00.000Z,2.4,23.3,13.34,7.88,17.38,5.882,122
2021-05-22T00:00:00.000Z,5.9,67.37,11.98,9.02,21.4,10.902,105
2021-05-23T00:00:00.000Z,1.1,36.13,8.3,6.74,11.33,5.759,157
2021-05-24T00:00:00.000Z,2.04,16.75,5.68,4.38,7.3,2.356,146
2021-05-25T00:00:00.000Z,2.58,60.5,14.82,6.35,31.25,15.633,159
2021-05-26T00:00:00.000Z,6,55.67,14.06,9.91,16.42,13.436,76
2021-05-27T00:00:00.000Z,1.73,22.95,9.6,7.8,15,5.074,147
2021-05-28T00:00:00.000Z,3.03,31.6,17.89,9.15,21.57,7.275,151
2021-05-29T00:00:00.000Z,6.2,36.45,13.31,10.74,24.87,8.421,132
2021-05-30T00:00:00.000Z,1.3,67.53,16.03,9.5,27.02,14.09,160
2021-05-31T00:00:00.000Z,0.95,63.2,13.01,5.68,22.63,18.162,130
2021-06-01T00:00:00.000Z,0.4,55.15,9.14,4.5,17.27,10.802,166
2021-06-02T00:00:00.000Z,2.54,83.9,15.04,11.94,32.89,16.282,128
2021-06-03T00:00:00.000Z,0.63,140.32,15.7,4.78,33.97,30.335,143
2021-06-04T00:00:00.000Z,1.65,17.85,8.69,3.13,12.04,4.507,144
2021-06-05T00:00:00.000Z,9.19,202.95,34.72,14.98,75.34,40.145,151
2021-06-06T00:00:00.000Z,22.8,114.3,62.84,42.39,94.29,28.273,168
2021-06-07T00:00:00.000Z,1.52,53.45,20.39,15.13,28.45,9.449,298
2021-06-08T00:00:00.000Z,5,34.5,11.48,8.18,21.98,7.717,222
2021-06-09T00:00:00.000Z,6.93,42.28,22.52,17.73,28.97,7.833,237
2021-06-10T00:00:00.000Z,2.83,33.15,12.35,8.01,19.89,7.614,153
2021-06-11T00:00:00.000Z,2.6,24.9,9.19,7.13,12.82,4.427,130
2021-06-12T00:00:00.000Z,4.05,12.75,7.07,5.9,8.8,2.199,30
2021-06-22T00:00:00.000Z,1.48,5.93,2.8,2.2,3.11,0.873,33
2021-06-23T00:00:00.000Z,2.58,24.83,7.32,5.31,11.99,5.022,229
2021-06-24T00:00:00.000Z,3.72,92.93,14.32,7.85,28.24,13.411,185
2021-06-25T00:00:00.000Z,0.68,33.7,10.13,5.19,15.49,8.002,277
2021-06-26T00:00:00.000Z,0.9,13.52,5.5,2.67,7.43,2.932,239
2021-06-27T00:00:00.000Z,0.45,8.32,2.63,1.6,4.09,1.731,289
2021-06-28T00:00:00.000Z,0.55,8.6,2.65,1.7,3.6,1.619,255
2021-06-29T00:00:00.000Z,0.77,62.35,4.13,2.95,6.51,5.89,301
2021-06-30T00:00:00.000Z,0.68,8.77,4,2.29,5.05,1.721,288
2021-07-01T00:00:00.000Z,1.7,14.95,5.3,3.92,8.9,2.863,138
2021-07-02T00:00:00.000Z,0.56,19.1,6.17,3.04,10.18,4.255,240
2021-07-03T00:00:00.000Z,1.23,37.45,4.45,2.95,6.2,7.55,302
2021-07-04T00:00:00.000Z,1.9,20.9,9.01,6,10.77,3.72,294
2021-07-05T00:00:00.000Z,1.7,28.9,8.07,3.55,10.23,3.904,242
2021-07-06T00:00:00.000Z,1.12,21.27,5.09,2.63,6.43,2.691,283
2021-07-07T00:00:00.000Z,0,19.92,9.78,0.7,12.13,5.526,250
2021-07-08T00:00:00.000Z,2.15,24.4,5.36,3.67,11,4.435,266
2021-07-09T00:00:00.000Z,0.93,15.07,2.96,2.35,4.57,2.344,302
2021-07-10T00:00:00.000Z,2.4,31.13,8.93,6.13,11.12,4.78,305
2021-07-11T00:00:00.000Z,1,26.65,8.19,4.13,10.65,4.715,330
2021-07-12T00:00:00.000Z,2.47,17.95,7.22,5.32,9.43,2.608,242
2021-07-13T00:00:00.000Z,2.47,13.13,7.85,6,9.4,2.245,227
2021-07-14T00:00:00.000Z,1.73,34.78,5.85,4.4,7.54,2.838,248
2021-07-15T00:00:00.000Z,0.9,15.1,5.82,3.53,8.52,3.593,282
2021-07-16T00:00:00.000Z,2.85,14.18,7.28,5.8,9.35,2.409,255
2021-07-17T00:00:00.000Z,3.13,51.88,10.55,8.25,12.52,4.43,299
2021-07-18T00:00:00.000Z,4.4,49.1,12.73,9.25,16.57,10.032,261
2021-07-19T00:00:00.000Z,1.75,62.8,16.77,12.74,26.63,12.249,229
2021-07-20T00:00:00.000Z,6.85,39.92,21.42,15.73,29.6,8.236,243
2021-07-21T00:00:00.000Z,1.35,38.29,6.17,4.18,11.3,8.52,270
2021-07-22T00:00:00.000Z,3.05,53.78,13.43,7.33,28.83,12.273,229
2021-07-23T00:00:00.000Z,1.55,14.2,6.12,4.2,8.15,2.824,250
2021-07-24T00:00:00.000Z,5.85,53.58,10.85,9.1,13.68,4.455,262
2021-07-25T00:00:00.000Z,4.88,46.53,16.77,12.43,21.55,6.502,298
2021-07-26T00:00:00.000Z,2.97,22.83,9.88,7.84,13.38,3.896,301
2021-07-27T00:00:00.000Z,2.02,35.65,5.75,3.85,18.63,7.883,311
2021-07-28T00:00:00.000Z,1.08,60.08,4.2,2.76,7.79,8.009,304
2021-07-29T00:00:00.000Z,3.75,37.53,20.6,16.6,25.17,7.855,289
2021-07-30T00:00:00.000Z,18.55,68.5,34.95,25.9,49.97,13.941,114
2021-07-31T00:00:00.000Z,0.3,34.15,13.14,1.35,19.39,8.915,210
2021-08-01T00:00:00.000Z,0.15,17.52,3.3,1.88,7.75,4.163,242
2021-08-02T00:00:00.000Z,2.9,36.08,11.09,8.8,19.05,7.435,236
2021-08-03T00:00:00.000Z,5.97,61.58,15.5,9.1,22.64,12.703,244
2021-08-04T00:00:00.000Z,6.5,39.13,16.23,14.08,20.47,4.89,193
2021-08-05T00:00:00.000Z,2.85,53.88,17.13,9.93,26.13,10.047,239
2021-08-06T00:00:00.000Z,0.67,22.2,3.4,1.83,6.68,4.68,303
2021-08-07T00:00:00.000Z,0.75,39.83,6.35,3.47,17.63,8.49,291
2021-08-08T00:00:00.000Z,7.93,58.1,30.02,21.54,42.51,11.448,285
2021-08-09T00:00:00.000Z,0.53,76.63,37,5.67,47.6,21.843,228
2021-08-10T00:00:00.000Z,0.8,37.15,10.65,4.93,14.2,8.934,287
2021-08-11T00:00:00.000Z,0.6,35.83,7.64,1.85,20.67,10.435,202
2021-08-12T00:00:00.000Z,0.8,39.03,5.93,3.1,16.86,10.415,269
2021-08-13T00:00:00.000Z,1.25,31.92,10.88,7.6,15.95,5.73,514
2021-08-14T00:00:00.000Z,0.88,27.77,5.18,3.82,9.13,4.346,429
2021-08-15T00:00:00.000Z,5.3,54.4,14.48,7.93,26.63,9.762,445
2021-08-16T00:00:00.000Z,1.1,31.95,7,5.07,13.3,6.362,487
2021-08-17T00:00:00.000Z,0.47,38.25,6.18,2.14,13.14,9.835,517
2021-08-18T00:00:00.000Z,0.3,15.55,3.25,1.66,6.04,3.042,428
2021-08-19T00:00:00.000Z,1.55,18.3,5.72,4.38,7.78,2.985,518
2021-08-20T00:00:00.000Z,2.52,22.63,8.76,7.03,10.93,2.942,484
2021-08-21T00:00:00.000Z,1.52,17.52,8.19,4.53,10.45,3.505,515
2021-08-22T00:00:00.000Z,2.04,31.3,12.52,7.8,17.85,6.254,496
2021-08-23T00:00:00.000Z,3.3,35.63,19.8,14.32,23.25,6.272,518
2021-08-24T00:00:00.000Z,4.3,32.42,14.68,8.15,20.5,6.74,459
2021-08-25T00:00:00.000Z,1.92,20.67,8.18,5.53,10.43,3.308,499
2021-08-26T00:00:00.000Z,1.8,30.48,5.25,3.5,7.95,5.588,350
2021-08-27T00:00:00.000Z,0.2,24.45,6.05,2.85,7.18,3.648,251
2021-08-29T00:00:00.000Z,4.53,50.6,14.28,5.9,32.61,15.702,128
2021-08-30T00:00:00.000Z,3.8,28.9,9.49,6.71,13.43,5.822,444
2021-08-31T00:00:00.000Z,4,32.33,11.13,9.16,14.64,4.41,517
2021-09-01T00:00:00.000Z,2.54,37.08,10.45,5.93,14.07,6.364,499
2021-09-02T00:00:00.000Z,4.15,33.22,14.98,11.8,21.63,5.429,493
2021-09-03T00:00:00.000Z,6.07,46.22,26.1,19.23,30.27,6.986,511
2021-09-04T00:00:00.000Z,2.04,35.5,7.82,5.71,11.87,5.323,509
2021-09-05T00:00:00.000Z,0.3,15,3.95,2.88,6.57,2.84,439
2021-09-06T00:00:00.000Z,2.6,43.28,13.24,6.6,20.07,9.509,440
2021-09-07T00:00:00.000Z,2.38,38.08,9.48,6.9,11.65,5.604,419
2021-09-08T00:00:00.000Z,0.28,39.65,6.56,3.1,10.63,5.647,534
2021-09-09T00:00:00.000Z,0,38.25,10.65,7.82,17.77,8.164,471
2021-09-10T00:00:00.000Z,2.45,34.78,8.65,6.34,11.27,4.887,520
2021-09-11T00:00:00.000Z,3.3,77.25,18.67,8.77,37.53,15.541,543
2021-09-12T00:00:00.000Z,9.57,97.82,38.65,24.75,45.8,14.551,531
2021-09-13T00:00:00.000Z,3.45,67.55,19.98,10.71,35.17,15.583,521
2021-09-14T00:00:00.000Z,2.02,30.02,10.38,7.09,14.22,5.45,524
2021-09-15T00:00:00.000Z,1.67,48.22,18.64,5.39,25.12,10.022,520
2021-09-16T00:00:00.000Z,1.67,27.55,6.85,4.62,9.26,3.606,520
2021-09-17T00:00:00.000Z,1.52,30.13,5.9,3.71,9.38,4.587,532
2021-09-18T00:00:00.000Z,1.6,48.47,8.9,5.18,16.1,9.127,540
2021-09-19T00:00:00.000Z,1.83,40.36,16.55,5.3,21.42,8.897,526
2021-09-20T00:00:00.000Z,5.18,44.83,21.14,16.3,24.67,7.077,504
2021-09-21T00:00:00.000Z,10.1,49.8,23.15,19.22,28.66,8.408,480
2021-09-22T00:00:00.000Z,5.6,38.47,18.52,11.38,24.37,7.276,531
2021-09-23T00:00:00.000Z,3.92,43.75,13.8,9.88,20.32,8.023,546
2021-09-24T00:00:00.000Z,0.3,24.63,11.88,6.54,14.22,5.454,541
2021-09-25T00:00:00.000Z,0.43,34.42,9.5,6.14,13.94,5.179,541
2021-09-26T00:00:00.000Z,1.95,28.5,8.24,5.88,12.13,5.46,514
2021-09-27T00:00:00.000Z,6.18,70.65,24.7,14.04,35.74,13.8,305
2021-09-28T00:00:00.000Z,6.35,64.97,12.6,10.35,15.03,10.287,278
2021-09-29T00:00:00.000Z,19.67,41.78,30.48,28.63,31.99,3.813,141
2021-09-30T00:00:00.000Z,2.5,39.95,18.7,13.88,21.83,7.608,526
2021-10-01T00:00:00.000Z,5.63,43.7,18.25,13.17,25.51,7.756,513
2021-10-02T00:00:00.000Z,5.43,41.28,19.23,14,24.92,8.109,530
2021-10-03T00:00:00.000Z,8.32,63.78,24.59,21.7,29.48,9.349,532
2021-10-04T00:00:00.000Z,4.8,41.78,17.27,13.02,23.47,7.424,537
2021-10-05T00:00:00.000Z,5.57,34.4,12.31,9.73,16.2,5.602,554
2021-10-06T00:00:00.000Z,7.1,66.75,26.55,20.39,32.25,10.502,540
2021-10-07T00:00:00.000Z,6.75,70.63,30.16,16.48,39.45,12.729,546
2021-10-08T00:00:00.000Z,3.83,34.88,10.18,7.5,14.38,5.736,527
2021-10-09T00:00:00.000Z,1.52,36.67,5.96,3.6,9.9,7.633,534
2021-10-10T00:00:00.000Z,0.52,11.7,2.67,1.5,5.12,2.469,468
2021-10-11T00:00:00.000Z,0.22,15.5,2.72,1.98,4.53,2.773,546
2021-10-12T00:00:00.000Z,1.8,10.65,4.32,3.55,5.35,1.569,537
2021-10-13T00:00:00.000Z,1.02,12.93,3.38,2.7,4.2,1.951,531
2021-10-14T00:00:00.000Z,0.56,9.65,1.8,1.23,2.67,1.26,540
2021-10-15T00:00:00.000Z,0.56,6,1.83,1.4,2.34,0.838,540
2021-10-16T00:00:00.000Z,0.05,7.68,1.58,0.75,2.9,1.369,555
2021-10-17T00:00:00.000Z,1.52,7.93,3.13,2.67,3.9,1.076,321
2021-10-18T00:00:00.000Z,1.3,28.83,3.85,2.65,10.88,7.672,519
2021-10-19T00:00:00.000Z,17.88,91.6,48.55,31.42,63.19,18.458,556
2021-10-20T00:00:00.000Z,3.2,97.35,36.07,15.66,44.69,19.787,512
2021-10-21T00:00:00.000Z,0.5,45.3,3,1.95,4.47,9.712,518
2021-10-22T00:00:00.000Z,0.88,15.1,4.21,2.1,6.1,2.676,542
2021-10-23T00:00:00.000Z,2.72,50,13.97,7.77,22.05,10.157,544
2021-10-24T00:00:00.000Z,4.18,49.58,14.56,9.05,35.44,13.924,536
2021-10-25T00:00:00.000Z,11.95,77.78,23.15,18.52,42.33,16.992,374
2021-10-27T00:00:00.000Z,32.79,172.52,90.7,51.97,107.13,32.718,310
2021-10-28T00:00:00.000Z,1.65,65.59,16.48,11.32,33.08,15.982,516
2021-10-29T00:00:00.000Z,0.77,27.38,7.75,4.15,12.32,4.804,543
2021-10-30T00:00:00.000Z,1,17.48,2.9,2.02,5.43,3.333,540
2021-10-31T00:00:00.000Z,3.3,45.83,16.75,9.69,25.03,8.578,539
2021-11-01T00:00:00.000Z,2.38,13.68,8,6.18,9.86,2.327,493
2021-11-02T00:00:00.000Z,4.5,30.35,14.03,10.68,19.57,5.422,455
2021-11-03T00:00:00.000Z,9.5,66.3,29.79,25.29,41.52,11.973,508
2021-11-04T00:00:00.000Z,1.98,41.72,20.27,11.13,27.67,10.194,551
2021-11-05T00:00:00.000Z,3.88,41.33,17.1,10.25,21.26,7.081,544
2021-11-06T00:00:00.000Z,4.4,35.6,16.02,11.91,18.26,4.657,532
2021-11-07T00:00:00.000Z,1.6,57.9,14.32,10.03,18.34,7.652,521
2021-11-08T00:00:00.000Z,1.58,24.27,4.13,2.88,6.8,3.714,437
2021-11-09T00:00:00.000Z,2.02,49.45,6.5,5.35,8.6,7.802,523
2021-11-10T00:00:00.000Z,2.08,53.28,12.9,5.14,29.04,13.2,501
2021-11-11T00:00:00.000Z,5.9,67.27,31.1,12.05,36.81,13.08,480
2021-11-12T00:00:00.000Z,4,31.75,11.47,8.75,14.55,4.955,472
2021-11-13T00:00:00.000Z,5.77,47.97,20.9,11.68,34.04,12.472,523
2021-11-14T00:00:00.000Z,7.7,90.22,32.5,21.23,57.09,20.945,516
2021-11-15T00:00:00.000Z,23.3,128.35,55.65,49.14,65.84,19.636,493
2021-11-16T00:00:00.000Z,44.15,178.32,109.13,88.7,145.96,33.272,493
2021-11-17T00:00:00.000Z,1.1,89.05,5.47,3.42,10.33,14.617,396
2021-11-18T00:00:00.000Z,4.43,101.13,37.64,11.82,59.75,27.619,482
2021-11-19T00:00:00.000Z,20,100.45,67.25,58.38,77.5,15.348,423
2021-11-20T00:00:00.000Z,7.2,124.7,32,26.95,50.22,27.528,481
2021-11-21T00:00:00.000Z,1.4,51.03,18.67,12.43,25.05,11.105,527
2021-11-22T00:00:00.000Z,0.65,13.02,2.4,1.7,3.41,1.843,528
2021-11-23T00:00:00.000Z,2.42,26.27,5.29,4.15,6.75,3.716,520
2021-11-24T00:00:00.000Z,2.15,21.73,8.89,6.05,12.34,4.229,532
2021-11-25T00:00:00.000Z,5.22,53.65,21.74,13.9,32.15,10.77,528
2021-11-26T00:00:00.000Z,7.28,59.22,26.27,18.64,38.86,13,540
2021-11-27T00:00:00.000Z,10.57,51.28,22.22,18.93,28.6,7.002,524
2021-11-28T00:00:00.000Z,12.15,99.9,37.1,23.15,62,23.663,513
2021-11-29T00:00:00.000Z,9.93,109.85,36.29,21.02,50.7,19.231,515
2021-11-30T00:00:00.000Z,4.7,34.25,14.38,11.15,18.85,6.102,499
2021-12-01T00:00:00.000Z,5.28,187.02,21.25,12.2,38.42,21.179,466
2021-12-02T00:00:00.000Z,4.68,91.4,24.39,13.7,45.6,19.507,462
2021-12-03T00:00:00.000Z,6.28,46.78,17.77,12.32,32.6,11.044,199
2021-12-04T00:00:00.000Z,8.86,98.85,45.92,22.63,59.44,24.307,468
2021-12-05T00:00:00.000Z,6.65,100.3,35.2,22.83,65.43,27.224,155
2021-12-06T00:00:00.000Z,14.63,106.93,48.88,43.3,94.75,26.341,163
2021-12-07T00:00:00.000Z,20.27,157.07,44.33,34.83,53.97,25.683,479
2021-12-08T00:00:00.000Z,18.38,129.72,69.3,39.17,94.95,31.272,507
2021-12-09T00:00:00.000Z,20.75,144.02,66.8,43.68,101.65,31.273,525
2021-12-10T00:00:00.000Z,18.64,121.45,76.8,63.98,95.24,19.856,509
2021-12-11T00:00:00.000Z,15.43,139.18,60.67,49.44,81.29,24.788,517
2021-12-12T00:00:00.000Z,2.58,130.47,36.42,5.95,62.2,33.712,458
2021-12-13T00:00:00.000Z,3.25,66.75,27,8.85,39.25,17.522,463
2021-12-14T00:00:00.000Z,22.8,134.72,59.08,40.78,91.63,26.414,459
2021-12-15T00:00:00.000Z,34.13,170,102.25,72.11,137.61,33.262,517
2021-12-16T00:00:00.000Z,36.67,190.63,95.61,79.78,117.57,29.059,510
2021-12-17T00:00:00.000Z,5.07,86.35,22.66,13.14,33.69,17.325,524
2021-12-18T00:00:00.000Z,6.07,48.95,17.27,12.04,22.15,8.006,512
2021-12-19T00:00:00.000Z,5.6,112.6,29.23,15.23,44.28,20.674,531
2021-12-20T00:00:00.000Z,8.68,48.75,22.48,17.13,29.8,8.118,503
2021-12-21T00:00:00.000Z,9.19,131.15,59.6,26.67,88.57,32.996,533
2021-12-22T00:00:00.000Z,15.1,113,45.97,37.58,60.9,18.225,518
2021-12-23T00:00:00.000Z,18.5,132.65,64.95,52.58,78.8,18.508,479
2021-12-24T00:00:00.000Z,28.5,159.5,103.38,68.78,126.43,31.581,525
2021-12-25T00:00:00.000Z,33.65,139.52,69.22,63.42,108.57,25.009,491
2021-12-26T00:00:00.000Z,1.25,85.57,38.08,8.18,60.14,26.228,529
2021-12-27T00:00:00.000Z,1.08,23.67,9.19,6.02,12.89,4.806,549
2021-12-28T00:00:00.000Z,6.05,63.55,26.33,20.51,41.25,13.989,533
2021-12-29T00:00:00.000Z,3.38,40.33,12.68,7.63,19.13,7.818,519
2021-12-30T00:00:00.000Z,5.68,43.03,20.67,12.74,27.83,8.916,532
2021-12-31T00:00:00.000Z,10.43,53.2,29.8,21.52,35.89,9.525,548
2022-01-01T00:00:00.000Z,4.55,80.81,27,12.28,37.21,15.837,537
2022-01-02T00:00:00.000Z,4,143.4,63.53,22.73,89.75,40.559,537
2022-01-03T00:00:00.000Z,54.08,172.93,97.09,83.25,125.32,26.588,530
2022-01-04T00:00:00.000Z,13.85,254.15,44.05,36.69,66.2,57.37,545
2022-01-05T00:00:00.000Z,9.35,86.3,42.75,33.7,50.96,14.343,541
2022-01-06T00:00:00.000Z,9.6,86.7,34.72,27.51,40.83,10.817,557
2022-01-07T00:00:00.000Z,13.27,76.34,46.28,28.1,56.44,15.542,553
2022-01-08T00:00:00.000Z,15.5,106.45,42.88,35.47,56.93,19.197,512
2022-01-09T00:00:00.000Z,5.9,45.58,19.45,15.35,28.11,7.985,505
2022-01-10T00:00:00.000Z,5.32,76.72,18.69,12.04,33.89,14.871,504
2022-01-11T00:00:00.000Z,5.6,71.38,23.55,14.07,36.25,15.233,531
2022-01-12T00:00:00.000Z,23.17,127.8,46.45,38.24,54.86,18.33,540
2022-01-13T00:00:00.000Z,10.48,110.97,34.97,26.14,52.37,17.032,544
2022-01-14T00:00:00.000Z,56.5,173.3,99.68,86.72,107.97,14.923,519
2022-01-15T00:00:00.000Z,29.25,133.55,88.75,81.29,103.39,19.839,544
2022-01-16T00:00:00.000Z,1.08,113.88,26.77,3.51,53.76,31.272,529
2022-01-17T00:00:00.000Z,0.7,17.13,4.97,3.5,8,3.475,547
2022-01-18T00:00:00.000Z,6.7,109.5,30.5,15.85,39.45,15.616,535
2022-01-19T00:00:00.000Z,7.35,60.13,24.19,20.2,33.54,10.97,528
2022-01-20T00:00:00.000Z,29.65,95.5,60.14,51.97,69.68,12.445,546
2022-01-21T00:00:00.000Z,23.55,105.7,53.55,40.7,84.09,23.516,509
2022-01-22T00:00:00.000Z,20.8,116.15,56.04,49.76,69.73,16.355,528
2022-01-23T00:00:00.000Z,14.35,97.25,48.53,35.22,64.68,16.659,523
2022-01-24T00:00:00.000Z,5.43,77.55,26.68,19.2,39.95,15.821,534
2022-01-25T00:00:00.000Z,8.88,58.78,35.38,24.08,41.97,11.432,526
2022-01-26T00:00:00.000Z,15.27,307.38,36.28,32.47,42.92,15.687,494
2022-01-27T00:00:00.000Z,11.27,88.5,24.95,20.55,33.95,8.67,491
2022-01-28T00:00:00.000Z,7.28,54.42,28.92,20.54,33.4,9.706,521
2022-01-29T00:00:00.000Z,1.02,68.22,3.58,2.42,12.7,17.2,523
2022-01-30T00:00:00.000Z,1.7,40.9,10.66,5.17,19.13,9.229,540
2022-01-31T00:00:00.000Z,1.33,17.7,4.55,3.13,7.22,2.881,542
2022-02-01T00:00:00.000Z,3,16.67,9.23,6.98,11.49,2.873,509
2022-02-02T00:00:00.000Z,1.45,28.45,3.75,2.92,5.46,3.265,525
2022-02-03T00:00:00.000Z,2.47,27.5,9.8,7.2,13.07,4.887,495
2022-02-04T00:00:00.000Z,4.68,64.81,18.69,10.4,22.33,7.523,526
2022-02-05T00:00:00.000Z,9,64.84,32.67,23.58,41.88,11.42,535
2022-02-06T00:00:00.000Z,13.5,57.33,37.47,33.02,44.98,7.663,541
2022-02-07T00:00:00.000Z,13.9,95.8,46.28,34.88,70.95,21.28,530
2022-02-08T00:00:00.000Z,2.33,52.13,16.11,6.55,25.4,10.587,530
2022-02-09T00:00:00.000Z,2.2,26.6,10.89,7.38,14.5,5.188,518
2022-02-10T00:00:00.000Z,13.5,63.25,40.29,30.9,46.54,10.15,513
2022-02-11T00:00:00.000Z,9.8,119.8,39.42,25.9,59.55,20.848,522
2022-02-12T00:00:00.000Z,1.63,36.83,11.65,5.4,17.73,7.612,534
2022-02-13T00:00:00.000Z,0.88,18.57,3.75,1.88,7.47,3.399,546
2022-02-14T00:00:00.000Z,3.67,46.95,26.95,12.6,37.04,12.32,547
2022-02-15T00:00:00.000Z,15.6,69.25,37.83,31.92,42.65,8.601,559
2022-02-16T00:00:00.000Z,22.42,77.72,51.06,44.04,58.9,10.379,540
2022-02-17T00:00:00.000Z,4.43,111.85,50.25,39.04,69.78,21.913,543
2022-02-18T00:00:00.000Z,0.4,61.3,21.42,6.5,36.86,16.283,544
2022-02-19T00:00:00.000Z,0.47,50.33,2.02,1.41,5.27,6.389,548
2022-02-20T00:00:00.000Z,1.35,34.92,3.53,2.62,5.05,4.558,544
2022-02-21T00:00:00.000Z,1.58,9.85,3.7,3.03,4.44,1.167,552
2022-02-22T00:00:00.000Z,2.58,13.9,5.45,4.45,6.4,1.637,547
2022-02-23T00:00:00.000Z,3.17,41.8,10.67,7.63,19.45,9.271,551
2022-02-24T00:00:00.000Z,4.2,64.9,28.95,16,35.45,13.587,547
2022-02-25T00:00:00.000Z,7.97,75.95,37.57,27.33,47.42,13.954,542
2022-02-26T00:00:00.000Z,24.13,143.55,77.4,61.44,101.94,24.231,553
2022-02-27T00:00:00.000Z,19.95,158.69,104.14,82.05,122.13,29.088,538
2022-02-28T00:00:00.000Z,13.55,135.57,68.15,54.58,81.06,25.306,534
2022-03-01T00:00:00.000Z,41.92,137.69,87.27,59.03,106.1,25.559,554
2022-03-02T00:00:00.000Z,10.45,153.3,94,52.8,110.47,35.776,446
2022-03-03T00:00:00.000Z,8.85,101.35,31.14,22.19,39.34,26.747,368
2022-03-04T00:00:00.000Z,15.32,224.85,35.6,32.36,40.64,13.842,245
2022-03-05T00:00:00.000Z,9.48,142.85,38.35,30.95,45.95,13.574,278
2022-03-06T00:00:00.000Z,4.7,82.93,28.75,21.33,42.38,15.116,91
2022-03-07T00:00:00.000Z,9.44,100.1,34.33,14.95,46.7,26.284,99
2022-03-08T00:00:00.000Z,4.63,98.93,21.08,16.39,25.27,21.201,235
2022-03-09T00:00:00.000Z,9.05,44.78,28.75,23.74,36.47,7.925,257
2022-03-10T00:00:00.000Z,5.8,42.67,18.94,15.52,23.02,6.297,246
2022-03-11T00:00:00.000Z,7.88,56.08,26.27,22.92,31.29,6.382,269
2022-03-12T00:00:00.000Z,7.07,45.4,25.23,18.92,27.95,6.857,223
2022-03-13T00:00:00.000Z,6.78,46.63,26.5,19.5,32.28,9.122,191
2022-03-14T00:00:00.000Z,15.95,83.57,29.8,26.35,35.54,10.639,155
2022-03-15T00:00:00.000Z,16.27,100.03,64.83,31.48,79.93,24.834,187
2022-03-16T00:00:00.000Z,14.27,60.45,29.56,23.73,45.38,11.585,266
2022-03-17T00:00:00.000Z,27.52,92.32,39.08,32.52,47.41,9.742,305
2022-03-18T00:00:00.000Z,11.65,98.75,41.55,35,47.51,11.906,413
2022-03-19T00:00:00.000Z,10.63,226.57,34.88,30.42,38.78,20.259,471
2022-03-20T00:00:00.000Z,12.2,103.2,37.08,30.52,45.45,9.426,486
2022-03-21T00:00:00.000Z,31.17,124.78,49.95,40.36,68.72,20.907,525
2022-03-22T00:00:00.000Z,1.95,115.3,46.3,33.6,67.38,25.685,555
2022-03-23T00:00:00.000Z,1.38,52.25,7.2,2.5,16.36,13.987,536
2022-03-24T00:00:00.000Z,30.4,75.31,48.72,37.77,55.08,10.897,536
2022-03-25T00:00:00.000Z,20.2,104.25,62.62,39.85,77.31,20.052,554
2022-03-26T00:00:00.000Z,16.38,111.67,55.45,31.17,72.66,23.397,517
2022-03-27T00:00:00.000Z,3.55,48.47,9.6,7.63,11.73,6.925,531
2022-03-28T00:00:00.000Z,6.65,60.58,24.57,14.45,44.18,15.326,552
2022-03-29T00:00:00.000Z,21.1,122.1,45.17,39.15,53.6,14.501,542
2022-03-30T00:00:00.000Z,8.93,125.93,34.33,27.58,71.03,24.367,530
2022-03-31T00:00:00.000Z,0.93,92.2,54.15,2.79,70.34,31.78,548
2022-04-01T00:00:00.000Z,0.9,8.44,3.4,2.58,4.28,1.384,524
2022-04-02T00:00:00.000Z,1.1,21.42,5.78,3.25,8.98,4.021,495
2022-04-03T00:00:00.000Z,2.6,101.22,14.06,7.7,19.36,9.745,552
2022-04-04T00:00:00.000Z,7.05,65.15,21.52,17.19,25.08,8.63,553
2022-04-05T00:00:00.000Z,9.13,66.68,30.02,24.58,38.83,10.33,555
2022-04-06T00:00:00.000Z,31.9,103.8,54.55,48.57,60.43,12.812,125
2022-04-12T00:00:00.000Z,12.93,59.28,23.25,19.07,40.63,12.404,419
2022-04-13T00:00:00.000Z,19.6,98.38,47.53,41.87,56.78,12.606,525
2022-04-14T00:00:00.000Z,14.93,57.17,32.72,27.48,40.1,9.46,459
2022-04-15T00:00:00.000Z,11.23,61.35,38.5,29.23,47.42,11.473,462
2022-04-16T00:00:00.000Z,2.9,78.4,11.32,6.83,24.99,12.205,493
2022-04-17T00:00:00.000Z,0.38,16.5,5.34,2.16,8.98,4.059,528
2022-04-18T00:00:00.000Z,0.9,32.38,10.5,4.65,14.48,5.778,531
2022-04-19T00:00:00.000Z,4.03,48.35,14.48,10.3,22.77,8.026,262
2022-04-20T00:00:00.000Z,21.35,101,55.43,41.6,65.52,16.8,261
2022-04-21T00:00:00.000Z,20.55,65.72,47.21,39.86,54.57,9.322,224
2022-04-22T00:00:00.000Z,11.35,55.6,29.1,24.65,34.33,9.202,243
2022-04-23T00:00:00.000Z,11.63,64.06,28.67,22.7,34.1,8.64,254
2022-04-24T00:00:00.000Z,7.75,58.83,32.72,23.13,43.58,12.086,262
2022-04-25T00:00:00.000Z,8.68,63.9,21.03,15.57,42.63,15.67,242
2022-04-26T00:00:00.000Z,8.8,51.75,26.35,14.23,36.27,12.035,252
2022-04-27T00:00:00.000Z,8.3,39.78,22.05,17,26.8,5.824,265
2022-04-28T00:00:00.000Z,5.03,46.9,23.33,18.09,26.76,6.489,256
2022-04-29T00:00:00.000Z,9.15,49.38,29.58,24.3,38.4,9.111,258
2022-04-30T00:00:00.000Z,0.5,50.6,12.13,8.27,17.94,10.472,256
2022-05-01T00:00:00.000Z,0.5,10.38,2.65,1.4,4.84,2.149,238
2022-05-02T00:00:00.000Z,2.92,32.54,9.77,5.84,23.01,9.393,220
2022-05-03T00:00:00.000Z,3.85,73.43,14.2,6.78,19.53,9.311,216
2022-05-04T00:00:00.000Z,6.9,63.85,28.83,15.3,42.53,15.189,251
2022-05-05T00:00:00.000Z,11.82,58.92,28.42,24.67,33.17,7.819,240
2022-05-06T00:00:00.000Z,9.35,69.06,28.67,17.75,37.22,13.605,255
2022-05-07T00:00:00.000Z,3.15,44.47,18.64,11.15,27.02,9.776,263
2022-05-08T00:00:00.000Z,3.38,38.58,15.93,13.67,19.14,5.529,244
2022-05-09T00:00:00.000Z,4.59,52.22,14.83,11.76,20.28,7.078,240
2022-05-10T00:00:00.000Z,7.6,40.9,17.44,14.7,21.01,5.204,220
2022-05-12T00:00:00.000Z,7.55,51.1,33.78,27.96,39.7,9.489,117
2022-05-13T00:00:00.000Z,2.29,50.97,13.27,6.22,29,12.678,243
2022-05-14T00:00:00.000Z,4.18,78.45,42.67,32.47,60.08,18.828,250
2022-05-15T00:00:00.000Z,1.14,52.13,2.82,2.17,5.45,12.096,244
2022-05-16T00:00:00.000Z,0.83,35.67,7.63,2.25,13.72,6.135,245
2022-05-17T00:00:00.000Z,2.54,32.4,15,10.1,18.94,6.167,249
2022-05-18T00:00:00.000Z,6.57,27.35,15.49,13.55,18.7,3.968,150
2022-05-20T00:00:00.000Z,11.23,39.47,22.1,19.73,25.52,5.562,102
2022-05-21T00:00:00.000Z,16.38,55.67,33.75,27.18,39.36,8.396,233
2022-05-22T00:00:00.000Z,2.04,43.53,6.09,3.85,11.07,12.759,246
2022-05-23T00:00:00.000Z,0.7,37.04,4.5,3.05,6.94,3.987,241
2022-05-24T00:00:00.000Z,1.5,48.78,24.13,17.59,30.03,10.665,245
2022-05-25T00:00:00.000Z,16.27,81.06,43.28,31.39,50.07,12.791,241
2022-05-26T00:00:00.000Z,5.2,82.5,25.35,11.34,35.25,13.027,244
2022-05-27T00:00:00.000Z,3.15,44.7,17.63,14.16,21.89,7.575,240
2022-05-28T00:00:00.000Z,5.43,27.25,13.52,10.5,17.77,5.076,238
2022-05-29T00:00:00.000Z,3,40.85,16.67,10.75,23.32,7.992,221
2022-05-30T00:00:00.000Z,1.5,101.97,9.4,4.93,18.5,10.129,231
2022-05-31T00:00:00.000Z,3.7,47.22,25.22,20.94,32.82,8.732,232
2022-06-01T00:00:00.000Z,2.04,40.63,15.51,13.7,20.55,6.989,242
2022-06-02T00:00:00.000Z,1.3,24.33,10.41,5.75,13.4,5.346,90
2022-06-03T00:00:00.000Z,1.85,25.33,9.38,6.37,11.7,4.074,156
2022-06-04T00:00:00.000Z,2.29,45.72,10.68,7.49,15.54,5.598,209
2022-06-05T00:00:00.000Z,1.23,24.15,9.25,6.93,16.95,5.396,193
2022-06-06T00:00:00.000Z,0.47,29.92,4.8,2.13,9.82,7.337,182
2022-06-07T00:00:00.000Z,2,53.2,6.97,5.18,18.67,13.219,183
2022-06-08T00:00:00.000Z,1.55,55.67,17.19,9.24,23.76,12.884,244
2022-06-09T00:00:00.000Z,9.63,532.66,24.8,19.34,43.44,57.263,241
2022-06-10T00:00:00.000Z,8.18,47.97,14.57,11.45,19.75,7.393,236
2022-06-11T00:00:00.000Z,13.7,56.17,33.67,27.55,40.78,8.811,226
2022-06-12T00:00:00.000Z,7.1,51.85,16.25,13.04,24.99,9.845,236
2022-06-13T00:00:00.000Z,1.3,29.33,9.25,6.32,12.32,5.079,215
2022-06-14T00:00:00.000Z,2.63,25.4,6.81,5.23,9.02,3.044,186
2022-06-15T00:00:00.000Z,2.35,34.83,7.03,5.5,13.48,6.606,229
2022-06-16T00:00:00.000Z,0.93,44.17,5.95,3.72,8.35,5.445,239
2022-06-17T00:00:00.000Z,1.52,45.3,5.09,3.47,9.86,7.84,193
2022-06-18T00:00:00.000Z,0.82,23.58,4.54,2.67,6.93,5.088,242
2022-06-19T00:00:00.000Z,0.5,86.07,4.18,1.52,8.52,17.722,227
2022-06-20T00:00:00.000Z,0.8,69.75,5.18,2.21,13.25,13.022,196
2022-06-21T00:00:00.000Z,1,94.25,5.65,2.83,10.65,20.551,183
2022-06-22T00:00:00.000Z,1.1,51.3,11,7.22,15.93,9.585,173
2022-06-23T00:00:00.000Z,5.9,70.3,23.48,15.23,37.44,14.394,157
2022-06-24T00:00:00.000Z,1.98,22.85,7.59,5.68,9.88,3.547,244
2022-06-25T00:00:00.000Z,1.95,21.67,7.93,5.55,11.1,4.014,255
2022-06-26T00:00:00.000Z,3.75,27.67,10.64,9.25,12.23,3.189,254
2022-06-27T00:00:00.000Z,0.73,27.15,7.55,3.31,12.82,7.007,252
2022-06-28T00:00:00.000Z,1.9,47.65,9.89,5.8,14.52,8.477,250
2022-06-29T00:00:00.000Z,1.48,57.92,33.45,12.2,39.97,15.2,254
2022-06-30T00:00:00.000Z,2.29,71.03,25.15,12.54,44.02,15.964,257
2022-07-01T00:00:00.000Z,3,22.88,10.73,7.87,13.34,4.443,252
2022-07-02T00:00:00.000Z,1.42,47.3,5.68,4.47,7.4,4.473,255
2022-07-03T00:00:00.000Z,1.6,30.63,11.32,8.65,14.82,4.553,235
2022-07-04T00:00:00.000Z,4.4,30.3,17.55,9.38,20.65,6.303,242
2022-07-05T00:00:00.000Z,0.63,23.73,9.23,4.84,11.54,4.64,253
2022-07-06T00:00:00.000Z,3.1,85.35,33.09,5.7,47.45,21.49,254
2022-07-07T00:00:00.000Z,2.38,19.07,5.7,4.55,7.69,2.875,160
2022-07-08T00:00:00.000Z,7.3,50.13,21.75,17.11,27.67,7.521,257
2022-07-09T00:00:00.000Z,6.2,93.18,17.77,14.07,24.33,8.246,262
2022-07-10T00:00:00.000Z,9.13,36.92,16.87,14.89,19.98,5.161,248
2022-07-11T00:00:00.000Z,1.9,24.23,7.78,6.35,10.63,4.474,255
2022-07-12T00:00:00.000Z,1.12,20,7,3.87,10.75,4.712,255
2022-07-13T00:00:00.000Z,1.65,30.47,8.48,5.3,12,5.595,235
2022-07-14T00:00:00.000Z,0.7,19.64,3.97,2.92,6.88,4.29,247
2022-07-15T00:00:00.000Z,3.35,37.9,9.23,6.1,16.35,5.903,251
2022-07-16T00:00:00.000Z,1.77,16,5.97,4.45,8.22,2.892,252
2022-07-17T00:00:00.000Z,3.85,18.88,9.19,6.78,12.25,3.306,258
2022-07-18T00:00:00.000Z,0.52,24.02,8.98,4.29,14.7,5.877,253
2022-07-19T00:00:00.000Z,0.65,54.95,6.43,5.38,8.6,5.764,263
2022-07-20T00:00:00.000Z,2.85,40.47,6.4,4.7,9.68,6.323,259
2022-07-21T00:00:00.000Z,1.1,30.6,5.19,3.03,8.25,4.557,242
2022-07-22T00:00:00.000Z,1.38,44.42,6.37,3.14,12.33,10.6,256
2022-07-23T00:00:00.000Z,2.75,39.9,10.65,5.47,17.29,9.432,257
2022-07-24T00:00:00.000Z,2.29,20.8,7.07,4.43,11.75,3.972,255
2022-07-25T00:00:00.000Z,2.42,18.27,6.78,5.5,9.32,3.223,269
2022-07-26T00:00:00.000Z,2.6,17.75,8.55,7,11.5,2.948,277
2022-07-27T00:00:00.000Z,3.13,44.38,10.63,8.57,15.67,5.712,277
2022-07-28T00:00:00.000Z,8.68,40.1,20.13,15.02,26.55,7.435,268
2022-07-29T00:00:00.000Z,4.72,52.2,21.5,18.8,24.05,6.604,261
2022-07-30T00:00:00.000Z,3.15,38.22,12.2,7.78,21.98,8.432,267
2022-07-31T00:00:00.000Z,3.83,43.95,12.52,10.02,16.89,5.947,263
2022-08-01T00:00:00.000Z,3.83,40.29,12.73,8.69,22.02,9.584,243
2022-08-02T00:00:00.000Z,4.2,31.63,11.65,9.4,15.82,5.431,254
2022-08-03T00:00:00.000Z,3.47,36.4,12.52,8.34,16.84,6.671,261
2022-08-04T00:00:00.000Z,1.58,35.47,9.63,6.65,16.54,7.158,225
2022-08-05T00:00:00.000Z,2.7,63.83,13.7,8.61,23.49,11.578,264
2022-08-06T00:00:00.000Z,1.98,34.45,7.88,4.8,19.09,8.551,260
2022-08-07T00:00:00.000Z,2.02,21.63,11.32,7.98,14.35,4.397,201
2022-08-08T00:00:00.000Z,2.42,24.88,7.4,5.85,9.77,3.706,235
2022-08-09T00:00:00.000Z,5.68,51.22,12.43,8.8,20.3,7.111,267
2022-08-10T00:00:00.000Z,0.8,15.6,4.59,2.58,9.88,4.232,225
2022-08-11T00:00:00.000Z,0.28,30.52,4.9,2.79,8.15,5.312,209
2022-08-12T00:00:00.000Z,1.2,64.43,30.89,16.98,38.85,14.901,238
2022-08-13T00:00:00.000Z,7.97,61.72,26.39,19.05,29.52,9.8,270
2022-08-14T00:00:00.000Z,0.52,47.08,11.38,3.08,19.07,12.368,251
2022-08-15T00:00:00.000Z,5.09,27.63,11.35,8.98,13.43,4.595,203
2022-08-16T00:00:00.000Z,3.38,21.9,12.93,10.25,16.13,4.128,259
2022-08-17T00:00:00.000Z,6.35,41.13,13.69,10.61,16.75,6.484,204
2022-08-18T00:00:00.000Z,5.75,58.7,23.44,12.77,40.79,14.716,226
2022-08-19T00:00:00.000Z,2,72.25,30.82,15.13,41.72,17.149,266
2022-08-20T00:00:00.000Z,3.83,29.67,8.75,6.38,12.6,4.752,250
2022-08-21T00:00:00.000Z,0.6,25.3,5.73,2.6,8.8,4.832,238
2022-08-22T00:00:00.000Z,1.33,38.47,7.04,3.65,9.23,7.783,164
2022-08-23T00:00:00.000Z,8.05,60.42,17.27,14.75,26.51,11.748,245
2022-08-24T00:00:00.000Z,14.98,72.47,45.7,37.78,54.67,11.326,222
2022-08-25T00:00:00.000Z,1.27,32.67,5.72,3.6,8.8,6.457,245
2022-08-26T00:00:00.000Z,1.55,13.13,5.15,3.61,6.32,2.428,229
2022-08-30T00:00:00.000Z,2.47,21.95,7.9,5.82,12.55,4.25,167
2022-08-31T00:00:00.000Z,5.78,50.08,15.1,10.29,21.26,8.08,257
2022-09-01T00:00:00.000Z,6.47,40.65,13.43,10.85,17.64,5.347,238
2022-09-02T00:00:00.000Z,11.13,44.4,20.52,16.71,32.57,8.729,225
2022-09-03T00:00:00.000Z,22.17,48.85,31.4,27.97,36.65,5.656,187
2022-09-04T00:00:00.000Z,3.13,41.97,6.45,5.09,12.05,7.533,117
2022-09-05T00:00:00.000Z,5.22,30.65,13.4,8.36,17.67,5.824,176
2022-09-06T00:00:00.000Z,4.5,49.25,15.73,10.57,28.75,10.802,243
2022-09-07T00:00:00.000Z,3.33,50.45,29.38,13.92,35.92,11.883,229
2022-09-08T00:00:00.000Z,3.05,37.53,8.9,7.32,14.85,5.735,171
2022-09-09T00:00:00.000Z,5.95,37.29,27.64,19.79,30.35,7.578,244
2022-09-10T00:00:00.000Z,10.32,49,24.57,21.5,28.9,6.319,234
2022-09-11T00:00:00.000Z,2.42,38.38,16.66,6.65,23.92,9.878,238
2022-09-12T00:00:00.000Z,7.5,41,24.9,18.76,30.77,7.229,217
2022-09-13T00:00:00.000Z,20.3,95.85,39.5,27.17,54.3,18.322,227
2022-09-14T00:00:00.000Z,14.05,82.47,28.48,25.1,60.4,19.792,239
2022-09-15T00:00:00.000Z,8.07,49.35,27.4,21.4,32.78,8.23,239
2022-09-16T00:00:00.000Z,2.33,54.1,22.27,15.63,29.67,12.025,235
2022-09-17T00:00:00.000Z,4.45,45.8,21,13.19,30.17,10.349,225
2022-09-18T00:00:00.000Z,4.65,95.1,13.25,8.77,37.17,20.675,245
2022-09-19T00:00:00.000Z,6.43,87.55,33.75,18.75,52.76,19.298,245
2022-09-20T00:00:00.000Z,4.5,59.55,23.12,18.07,32.92,10.058,212
2022-09-21T00:00:00.000Z,15.52,85.15,35.35,27.63,52.4,15.758,223
2022-09-22T00:00:00.000Z,5.13,36.45,11.19,9.5,18.73,6.597,238
2022-09-23T00:00:00.000Z,8.18,40.67,19.12,14.6,23.78,5.806,232
2022-09-24T00:00:00.000Z,11.6,41.03,24.4,21.09,28.82,6.222,241
2022-09-25T00:00:00.000Z,8.07,37.15,20.84,17.55,25.35,5.874,222
2022-09-26T00:00:00.000Z,10.4,94.63,53.15,29.63,79.43,26.431,223
2022-09-27T00:00:00.000Z,21.4,82.22,39.92,32.79,52.35,12.542,236
2022-09-28T00:00:00.000Z,17.98,70.5,34.53,28.33,40.9,9.112,231
2022-09-29T00:00:00.000Z,8.13,48.72,20.36,16.42,27.08,7.637,222
2022-09-30T00:00:00.000Z,2.58,26.3,16.02,9.26,18.92,6.174,233
2022-10-01T00:00:00.000Z,0.95,34.54,6.5,4.43,10.16,5.868,221
2022-10-02T00:00:00.000Z,1.7,67.18,7.95,3.55,16.67,11.14,130
2022-10-03T00:00:00.000Z,5.82,48.25,22.96,13.02,32.53,11.048,128
2022-10-04T00:00:00.000Z,8.73,40.92,22.63,14.51,25.9,7.736,173
2022-10-05T00:00:00.000Z,8.82,56.88,23.96,20.5,31.35,9.736,170
2022-10-06T00:00:00.000Z,6.2,69.63,22.7,10.7,29.08,14.232,182
2022-10-14T00:00:00.000Z,19.39,51.95,30.55,25.79,37.64,7.675,104
2022-10-15T00:00:00.000Z,5.07,77.17,27.85,10.77,40.79,17.389,258
2022-10-16T00:00:00.000Z,6.05,46.47,13.48,10.37,29.88,11.905,210
2022-10-17T00:00:00.000Z,6.68,54.95,16.88,12.43,26.42,10.114,251
2022-10-18T00:00:00.000Z,7.47,60.65,16.43,13.1,33.35,13.895,170
2022-10-21T00:00:00.000Z,3.22,20,7.57,5.82,11.01,3.694,244
2022-10-22T00:00:00.000Z,4.17,62.93,16.84,9,30.47,14.108,258
2022-10-23T00:00:00.000Z,7.72,113.18,37.42,15.9,84.77,34.849,250
2022-10-24T00:00:00.000Z,16.32,106.85,40.78,26.52,60.35,20.485,239
2022-10-25T00:00:00.000Z,14.4,96.2,53.45,39.86,62.48,16.822,241
2022-10-26T00:00:00.000Z,14.9,105.18,59.65,34.78,79.65,25.52,246
2022-10-27T00:00:00.000Z,10.19,30.17,16.44,13.68,20.05,4.04,242
2022-10-28T00:00:00.000Z,8.19,91.95,40.45,19.91,65.23,25.689,241
2022-10-29T00:00:00.000Z,24.15,113.23,66.63,45.64,86.58,22.647,233
2022-10-30T00:00:00.000Z,8.27,84.18,27,21.67,38.77,14.979,239
2022-10-31T00:00:00.000Z,2.6,20.55,6.83,5.27,9.14,3.408,244
2022-11-01T00:00:00.000Z,2.27,43.55,13.46,5.85,29.58,13.087,240
2022-11-02T00:00:00.000Z,5.68,108.88,17.73,12,67.14,27.719,236
2022-11-03T00:00:00.000Z,9.5,106.8,45.96,26.38,61.17,21.948,264
2022-11-04T00:00:00.000Z,14.48,99.67,33.86,20.09,40.84,19.722,240
2022-11-05T00:00:00.000Z,16.25,84.82,35.02,25.41,41.84,15.32,248
2022-11-06T00:00:00.000Z,23.57,82.43,52.78,44.78,59.05,9.881,251
2022-11-07T00:00:00.000Z,26.17,113.43,63.88,47.4,82.05,20.214,242
2022-11-08T00:00:00.000Z,39.67,170.2,63.29,48.58,79.22,25.401,230
2022-11-09T00:00:00.000Z,13.1,175.23,46.82,22.78,61.58,30.454,244
2022-11-10T00:00:00.000Z,17.02,150.85,77.72,49.42,91.13,28.875,251
2022-11-11T00:00:00.000Z,10.8,73.5,33.74,21.54,40.94,11.793,232
2022-11-12T00:00:00.000Z,9.57,46.17,24.7,20.98,31.29,6.979,237
2022-11-13T00:00:00.000Z,20.05,83.75,34.15,27.1,42.42,11.469,242
2022-11-14T00:00:00.000Z,20.1,113.3,39,31.17,47.05,14.393,239
2022-11-15T00:00:00.000Z,29.88,75.38,46.25,37.79,64.47,14.128,56
2022-11-16T00:00:00.000Z,8.77,27.35,18.42,15.38,22.35,4.286,95
2022-11-17T00:00:00.000Z,3.38,62.17,16.14,10.79,21.85,7.77,240
2022-11-18T00:00:00.000Z,9.27,23.42,14.25,12.75,17,3.151,230
2022-11-19T00:00:00.000Z,7.88,35.63,17.73,14.84,23.2,5.356,229
2022-11-20T00:00:00.000Z,7.85,87.53,30.13,21.33,40.96,14.296,233
2022-11-21T00:00:00.000Z,18.25,132.27,52,27.42,62.47,21.914,238
2022-11-22T00:00:00.000Z,18.5,85.88,43.08,30.23,64.56,18.509,239
2022-11-23T00:00:00.000Z,15.43,48.6,30.97,25.29,37.89,7.721,240
2022-11-24T00:00:00.000Z,6.15,34.33,13.6,12.13,17.32,4.825,243
2022-11-25T00:00:00.000Z,14.07,72.28,36.56,27.09,47.16,12.731,236
2022-11-26T00:00:00.000Z,10.93,77.3,35.17,29.33,42.2,12.352,243
2022-11-27T00:00:00.000Z,2.17,31.85,7.57,5.78,12.67,5.059,253
2022-11-28T00:00:00.000Z,4.07,29.13,15.52,12.77,18.42,4.251,234
2022-11-29T00:00:00.000Z,8.19,56.35,15.93,12.22,21.38,8.604,201
2022-11-30T00:00:00.000Z,0.5,32.83,7.4,2.37,12.07,6.12,232
2022-12-01T00:00:00.000Z,0.77,11.5,3.14,2.27,4.8,1.931,222
2022-12-02T00:00:00.000Z,1.45,32,8.1,4.37,12.2,6.095,263
2022-12-03T00:00:00.000Z,3.88,56.7,32.65,15.57,41.58,14.514,263
2022-12-04T00:00:00.000Z,1.5,19.97,6.02,3.08,8.52,3.686,254
2022-12-05T00:00:00.000Z,0.7,34.08,10.34,3,19.88,9.574,242
2022-12-06T00:00:00.000Z,7.78,94.15,46.25,26.54,73.23,24.275,253
2022-12-07T00:00:00.000Z,17.98,62.2,35.94,28.75,42.4,9.234,250
2022-12-08T00:00:00.000Z,9.4,49.47,25.76,19.7,32.72,8.446,250
2022-12-09T00:00:00.000Z,14.83,74.28,34.38,26.12,44.54,12.316,245
2022-12-10T00:00:00.000Z,10.6,57.38,34.97,23.1,45.37,12.614,254
2022-12-11T00:00:00.000Z,14.93,81.47,42,34.67,55.92,14.364,255
2022-12-12T00:00:00.000Z,12.65,107.9,51.5,22.94,67.62,24.989,237
2022-12-13T00:00:00.000Z,21.17,82.73,41.5,30.88,56.92,15.353,247
2022-12-14T00:00:00.000Z,10.85,103.43,46.67,20.75,72.06,27.074,243
2022-12-15T00:00:00.000Z,11.13,118.9,54.51,37.5,83.04,26.425,248
2022-12-16T00:00:00.000Z,10.57,138.05,51.65,36.65,80.31,30.328,246
2022-12-17T00:00:00.000Z,4.43,28.55,11.79,8.03,16.55,5.846,248
2022-12-18T00:00:00.000Z,4.68,70.97,29.73,9.88,42.78,17.739,247
2022-12-19T00:00:00.000Z,12.9,88.38,38.25,31.08,54,14.885,247
2022-12-20T00:00:00.000Z,12.57,95.82,51.36,39.5,61.6,17.178,254
2022-12-21T00:00:00.000Z,11.1,138.22,51.26,26.46,76.06,29.046,240
2022-12-22T00:00:00.000Z,20.5,108.47,43.41,34.43,53.65,17.125,240
2022-12-23T00:00:00.000Z,8.47,78.63,24.85,17.14,29.89,13.896,185
2022-12-24T00:00:00.000Z,22.13,104.3,39.29,30.17,45.53,17.448,222
2022-12-25T00:00:00.000Z,9.19,109,34.97,23.5,49.22,22.839,233
2022-12-26T00:00:00.000Z,41.63,74.72,58.47,53.32,64.13,7.234,53
2022-12-27T00:00:00.000Z,27.38,53.42,35.28,31.78,40.26,6.006,77
2022-12-28T00:00:00.000Z,1.9,56.67,6.9,4.05,29.97,15.232,222
2022-12-29T00:00:00.000Z,5.2,22.8,10.9,9.72,12.59,2.733,232
2022-12-30T00:00:00.000Z,7.93,68.59,20.07,12.15,28.52,14.321,211
2022-12-31T00:00:00.000Z,14.57,61.05,32.03,26.73,37.42,8.903,214
2023-01-01T00:00:00.000Z,13.73,128,44.03,33.42,56.67,21.74,232
2023-01-02T00:00:00.000Z,13.38,106.75,36.4,31.35,43.27,13.007,234
2023-01-03T00:00:00.000Z,13.13,118.95,41.03,28.25,70.8,25.026,203
2023-01-04T00:00:00.000Z,29.75,158.77,64.25,58.51,72.79,17.497,224
2023-01-05T00:00:00.000Z,14.07,70.25,42.9,28.03,55.22,15.643,233
2023-01-06T00:00:00.000Z,8.94,38.13,19.66,16.3,22.92,4.982,238
2023-01-07T00:00:00.000Z,9.57,140.6,47.55,29.73,89.3,35.63,227
2023-01-08T00:00:00.000Z,25.67,104.1,66.06,57.49,72.31,12.663,241
2023-01-09T00:00:00.000Z,48.9,189.1,116.03,98.86,123.44,27.02,233
2023-01-10T00:00:00.000Z,41.2,177.07,70.38,61.22,87.25,27.422,245
2023-01-11T00:00:00.000Z,11.95,91.72,48.53,31.69,65.73,19.534,233
2023-01-12T00:00:00.000Z,6.5,60.97,38.88,30.26,44.36,10.36,244
2023-01-13T00:00:00.000Z,25.67,74.73,38.9,33.97,52.53,12.447,227
2023-01-14T00:00:00.000Z,26.7,134.44,57.89,45.95,67.7,22.412,242
2023-01-15T00:00:00.000Z,3.1,69.45,9.35,6.19,25.26,19.173,217
2023-01-16T00:00:00.000Z,4.07,44.95,18.3,9.78,21.81,6.936,236
2023-01-17T00:00:00.000Z,9.19,44.9,19.85,15.63,25.7,6.87,241
2023-01-18T00:00:00.000Z,6.78,79.72,23.77,16.05,56.52,22.34,213
2023-01-19T00:00:00.000Z,14.85,116.2,46.99,34.53,58.81,19.054,252
2023-01-20T00:00:00.000Z,34.67,132.32,89.95,68.87,104.25,22.537,252
2023-01-21T00:00:00.000Z,19.45,178.9,93.47,64.8,127.3,36.329,238
2023-01-22T00:00:00.000Z,50.42,155.77,94.11,76.18,113,21.445,262
2023-01-23T00:00:00.000Z,6.77,125.85,38.92,21.47,45.55,24.709,222
2023-01-24T00:00:00.000Z,7.53,38.35,17.42,12.77,21.93,6.117,246
2023-01-25T00:00:00.000Z,9.8,59.65,31.9,24.94,41.99,10.441,233
2023-01-26T00:00:00.000Z,10.93,94.13,42.4,26.52,52.95,17.298,255
2023-01-27T00:00:00.000Z,9.25,47.97,21.23,17.38,27.4,8.925,207
2023-01-28T00:00:00.000Z,8.4,49.35,18.77,14.8,30.04,9.519,225
2023-01-29T00:00:00.000Z,11.2,124.65,30.98,20.54,41.67,16.724,241
2023-01-30T00:00:00.000Z,15.9,82.8,44.82,31,59.7,15.907,236
2023-01-31T00:00:00.000Z,12.82,65.8,28.63,23.79,36.09,9.002,229
2023-02-01T00:00:00.000Z,19.8,75.7,38.14,31.23,47.33,11.632,238
2023-02-02T00:00:00.000Z,27.02,163.69,51.29,42.58,77.55,37.469,230
2023-02-03T00:00:00.000Z,7.7,170.95,24.7,19.67,33.39,16.45,184
2023-02-04T00:00:00.000Z,10.6,94.4,31.77,25.5,45.72,15.184,238
2023-02-05T00:00:00.000Z,5.43,45.33,26.39,19.72,30.89,8.22,228
2023-02-06T00:00:00.000Z,11.45,75.95,30.9,24.56,50.34,15.95,209
2023-02-07T00:00:00.000Z,16.7,61.67,28.05,22.47,42.59,12.786,216
2023-02-08T00:00:00.000Z,14.1,40.2,22.32,19.55,25.69,4.32,196
2023-02-09T00:00:00.000Z,15.3,42.47,24.98,22.79,30.7,6.021,233
2023-02-10T00:00:00.000Z,15.75,47.4,28.8,24.49,33.11,6.099,228
2023-02-11T00:00:00.000Z,16.13,49.23,30.13,25.48,35.35,6.886,191
2023-02-12T00:00:00.000Z,23.5,103.57,44.58,34.33,54.4,12.945,219
2023-02-13T00:00:00.000Z,9.47,58.78,37.5,27.3,49.29,13.935,168
2023-02-14T00:00:00.000Z,8.19,35.03,19.42,15.6,22.88,5.492,226
2023-02-15T00:00:00.000Z,8.55,46.28,26.55,20.75,29.24,7.829,193
2023-02-16T00:00:00.000Z,23.15,62.38,40.67,37.07,46.4,6.804,199
2023-02-17T00:00:00.000Z,34.53,108.9,71.72,46.23,94.6,24.308,203
2023-02-18T00:00:00.000Z,15.57,74.2,42.43,36.78,48.73,10.228,230
2023-02-19T00:00:00.000Z,9.02,106.53,29.67,18.77,49.36,18.869,216
2023-02-20T00:00:00.000Z,14.48,90.97,49.78,30.5,59.05,16.815,239
2023-02-21T00:00:00.000Z,25.38,83.7,47.17,36.97,62.03,14.144,242
2023-02-22T00:00:00.000Z,7.35,262,30.65,20.17,69.81,45.069,204
2023-02-23T00:00:00.000Z,15.73,91.55,33.28,25.55,41.58,11.791,187
2023-02-24T00:00:00.000Z,4.93,366.95,13.43,9.98,42.65,33.33,238
2023-02-25T00:00:00.000Z,4.8,45.25,15.77,9.57,30.92,11.281,194
2023-02-26T00:00:00.000Z,14.25,87.38,38.88,22.85,41.72,12.832,226
2023-02-27T00:00:00.000Z,19.25,75.9,54.25,46.24,60.03,10.966,225
2023-02-28T00:00:00.000Z,20.1,395.5,52.22,46.47,61.19,55.823,204
2023-03-01T00:00:00.000Z,31.67,105.67,62.55,47.89,71.79,16.129,225
2023-03-02T00:00:00.000Z,25.63,134.82,75.06,64.79,86.2,19.439,249
2023-03-03T00:00:00.000Z,23.77,127.5,61.5,53.31,80.47,21.909,181
2023-03-04T00:00:00.000Z,18.45,55.28,40.4,32.67,45.58,7.848,239
2023-03-05T00:00:00.000Z,33.03,113.57,74.69,62.27,86.25,15.506,232
2023-03-06T00:00:00.000Z,20.17,110.82,46.2,30.67,66.06,21.582,243
2023-03-07T00:00:00.000Z,13.93,126.13,33.57,28.86,39.01,12.037,228
2023-03-08T00:00:00.000Z,13.65,98.65,44.96,37.29,50.48,13.656,172
2023-03-10T00:00:00.000Z,46.65,106.28,63.06,55.8,75.5,12.223,104
2023-03-11T00:00:00.000Z,19.8,76.81,50.55,44.26,56.87,10.958,240
2023-03-12T00:00:00.000Z,5.78,103.07,48.46,11.56,61.64,27.277,248
2023-03-13T00:00:00.000Z,5.97,50.08,28.85,11.93,36.08,12.532,243
2023-03-14T00:00:00.000Z,6.87,69.3,42.5,24.3,47.53,15.07,191
2023-03-15T00:00:00.000Z,24.67,82.15,46.08,34.26,56.84,14.211,260
2023-03-16T00:00:00.000Z,6.25,42.65,21.67,14.25,26.73,7.248,246
2023-03-17T00:00:00.000Z,11.57,53.33,27.77,22.17,33.42,7.081,231
2023-03-18T00:00:00.000Z,13.1,50.13,34.08,28.6,39.38,7.53,195
2023-03-19T00:00:00.000Z,4,50.75,14.93,11.61,22.41,8.269,241
2023-03-20T00:00:00.000Z,13.98,50.38,37.13,29.85,40.7,8.569,207
2023-03-21T00:00:00.000Z,33.4,85.95,60.64,54.2,72.22,12.692,228
2023-03-22T00:00:00.000Z,34.38,96.85,47.63,39.77,60.63,16.334,240
2023-03-23T00:00:00.000Z,35.35,94.13,50.9,40.97,65.52,15.098,237
2023-03-24T00:00:00.000Z,29.57,168.73,52.01,36.25,61.41,18.133,244
2023-03-25T00:00:00.000Z,6.3,78.63,38.57,24.92,46.05,16.036,230
2023-03-26T00:00:00.000Z,4.43,42.5,18.89,8.77,23.55,8.25,194
2023-03-27T00:00:00.000Z,2.35,21.08,10,5.9,13.8,4.778,230
2023-03-28T00:00:00.000Z,5.72,53,22.39,11.18,28.45,10.336,240
2023-03-29T00:00:00.000Z,7.97,117.97,23.17,16.88,33.28,12.789,207
2023-03-30T00:00:00.000Z,9.63,62.22,37.13,27.98,49.03,14.483,243
2023-03-31T00:00:00.000Z,16,156.65,43.15,31.07,69.39,23.436,236
2023-04-01T00:00:00.000Z,11.27,63,23.5,18.92,35.75,12.45,142
2023-04-02T00:00:00.000Z,10.6,72.18,29.13,22.03,44.72,14.281,205
2023-04-03T00:00:00.000Z,13.75,111.15,34.58,30.38,41.72,10.115,242
2023-04-04T00:00:00.000Z,28.2,88.35,44.5,36.85,57.74,13.242,236
2023-04-05T00:00:00.000Z,29.98,94.5,51.97,40.22,62.38,14.223,255
2023-04-06T00:00:00.000Z,12.05,104.97,43.42,31.31,57.53,23.567,260
2023-04-07T00:00:00.000Z,11.6,50.28,21.24,15.3,33.94,10.405,104
2023-04-08T00:00:00.000Z,15.43,56.93,27.33,25.05,29.75,6.119,142
2023-04-09T00:00:00.000Z,25.15,133.77,56.68,42.5,65.22,16.783,264
2023-04-10T00:00:00.000Z,20.48,120.22,68.3,43.45,87.98,25.583,221
2023-04-11T00:00:00.000Z,15,107,43.25,25.83,63.6,21.524,259
2023-04-12T00:00:00.000Z,17.88,55.22,35.85,29,42.25,8.88,259
2023-04-13T00:00:00.000Z,17.82,46.35,31.04,27,36.7,6.055,250
2023-04-14T00:00:00.000Z,23.13,139.65,44.92,37.04,54.03,14.873,264
2023-04-15T00:00:00.000Z,19.77,74.7,51.6,42.92,59.89,11.663,261
2023-04-16T00:00:00.000Z,11.73,88.57,44.69,35.79,52.58,13.397,236
2023-04-17T00:00:00.000Z,18.48,71.5,41.2,33.47,51.54,12.549,252
2023-04-18T00:00:00.000Z,25.95,61.78,42.54,36.94,48.55,7.696,224
2023-04-19T00:00:00.000Z,24.9,96.72,46.6,36.9,69.65,19.524,223
2023-04-20T00:00:00.000Z,30.67,92.72,49.22,44.52,63,13.094,257
2023-04-21T00:00:00.000Z,31.33,105.43,64.53,45.95,78.38,17.776,219
2023-04-22T00:00:00.000Z,27.9,67.9,40.97,37.63,44.99,5.842,229
2023-04-23T00:00:00.000Z,19.6,68.2,34.14,31.38,40.13,6.958,162
2023-04-24T00:00:00.000Z,13.38,41.45,26.16,23.42,30.48,6.032,252
2023-04-25T00:00:00.000Z,2.1,34.72,7.6,4.3,13.59,6.198,261
2023-04-26T00:00:00.000Z,5.38,60.58,18.63,9.94,38.84,15.137,241
2023-04-27T00:00:00.000Z,6.4,42.13,20.5,16.32,33.29,9.344,255
2023-04-28T00:00:00.000Z,5.32,40.13,17.62,14.19,20.74,6.398,180
2023-04-29T00:00:00.000Z,3.1,26.33,7.78,5.85,12.8,4.592,254
2023-04-30T00:00:00.000Z,4.3,21.08,8.11,7.38,13.98,3.817,178
2023-05-01T00:00:00.000Z,4.13,28.3,15.9,11.25,19.82,5.228,250
2023-05-02T00:00:00.000Z,5.47,36.38,19.94,11.15,24.47,7.346,246
2023-05-03T00:00:00.000Z,4.57,26.17,12.2,9.85,14.9,3.766,199
2023-05-04T00:00:00.000Z,8.38,82.47,24.08,21.54,27.14,8.977,253
2023-05-05T00:00:00.000Z,16.07,47.72,24.48,22.13,36.04,8.433,189
2023-05-06T00:00:00.000Z,11.5,47.88,26.99,18.93,32.22,8.709,260
2023-05-07T00:00:00.000Z,7.38,62.45,27.73,20.99,34.78,12.103,205
2023-05-08T00:00:00.000Z,7.7,71.93,17.17,15.2,19.8,5.94,251
2023-05-09T00:00:00.000Z,18.14,66.59,31.08,27.27,39.2,9.905,257
2023-05-10T00:00:00.000Z,9.88,58.5,17.92,14.9,24.53,8.517,249
2023-05-11T00:00:00.000Z,1.95,26.55,6.94,4.43,10.73,5.074,250
2023-05-12T00:00:00.000Z,1.9,16.85,6.25,4.59,8.4,2.747,261
2023-05-13T00:00:00.000Z,3,16.07,8.1,5.65,10.57,2.974,246
2023-05-14T00:00:00.000Z,6,78.75,16.59,12.09,21.92,7.952,260
2023-05-15T00:00:00.000Z,3.45,39.88,21.38,14.5,24.75,8.051,246
2023-05-16T00:00:00.000Z,7.85,48.53,29.25,21.37,32.83,8.372,193
2023-05-17T00:00:00.000Z,6.63,61.08,29.35,15.38,33.15,13.209,245
2023-05-18T00:00:00.000Z,16.13,63.6,30.55,27.01,34.36,6.742,264
2023-05-19T00:00:00.000Z,23.73,50.83,35,32.42,38.45,4.689,264
2023-05-20T00:00:00.000Z,13.75,57.67,31.98,27.72,36.29,6.094,268
2023-05-21T00:00:00.000Z,18.75,57.72,30.38,27.5,33.7,7.95,258
2023-05-22T00:00:00.000Z,13.82,53.78,34.14,28.5,41.67,7.471,250
2023-05-23T00:00:00.000Z,10.8,48.4,28.69,26.13,32.94,6.755,264
2023-05-24T00:00:00.000Z,5.38,58.08,34.82,20.97,40.5,12.767,256
2023-05-25T00:00:00.000Z,1.3,26.35,15.84,7.29,18.52,6.264,248
2023-05-26T00:00:00.000Z,4.07,37.97,11.98,9.1,21.35,8.722,195
2023-05-27T00:00:00.000Z,5.55,30.52,11.3,9.68,15.15,4.729,215
2023-05-28T00:00:00.000Z,1.92,26.45,11.53,6.85,13.43,4.614,228
2023-05-29T00:00:00.000Z,4.43,32.67,13.98,12.35,17.3,3.971,237
2023-05-30T00:00:00.000Z,5.38,40.17,15.79,10.63,25.67,8.446,262
2023-05-31T00:00:00.000Z,7.2,64.4,22.1,16.67,30.71,12.264,169
2023-06-01T00:00:00.000Z,10.27,45.75,22.6,17.55,27.02,7.6,265
2023-06-02T00:00:00.000Z,1.55,77.93,17.3,8.49,28.64,17.569,260
2023-06-03T00:00:00.000Z,3.33,60.88,15.65,10.1,20.37,12.504,219
2023-06-04T00:00:00.000Z,6.15,43.17,16.54,13.69,21.74,7.329,276
2023-06-05T00:00:00.000Z,9.77,39.7,16.6,13.82,21.45,5.786,270
2023-06-06T00:00:00.000Z,7.97,88.13,23.17,15.25,30.85,14.491,190
2023-06-07T00:00:00.000Z,8.19,80.55,23.23,11.42,43.79,17.016,261
2023-06-08T00:00:00.000Z,3.9,59.95,32.17,8.55,42.1,15.704,188
2023-06-09T00:00:00.000Z,3.35,48.85,13.23,7.42,17.57,9.225,264
2023-06-10T00:00:00.000Z,8.05,61.63,30.83,17.8,35.38,11.834,279
2023-06-11T00:00:00.000Z,16.64,58.85,29.83,23.65,40.03,9.958,279
2023-06-12T00:00:00.000Z,5.09,45.22,25.23,10.81,30.64,10.899,277
2023-06-13T00:00:00.000Z,1.9,33.65,14.87,7.5,19.85,7.224,274
2023-06-14T00:00:00.000Z,1.75,27.95,13.27,6.3,15.43,5.656,258
2023-06-15T00:00:00.000Z,1.8,82.53,13.18,7.45,19.04,9.064,268
2023-06-16T00:00:00.000Z,3.38,24.83,8.35,6.88,13.05,4.333,273
2023-06-17T00:00:00.000Z,3.95,14.85,7.72,6.15,9.94,2.392,275
2023-06-18T00:00:00.000Z,2.47,39.67,7.32,5.03,12.88,6.567,270
2023-06-19T00:00:00.000Z,6.32,56.97,10.6,9.35,12.98,6.512,187
2023-06-20T00:00:00.000Z,1.52,50.65,7.53,4.75,14.2,7.632,271
2023-06-21T00:00:00.000Z,2.45,54.9,13.12,7.87,20.67,9.171,268
2023-06-22T00:00:00.000Z,1.58,27.5,7.78,5.25,12.2,6.086,259
2023-06-23T00:00:00.000Z,0.5,35.1,9.28,3.4,12.18,5.579,268
2023-06-24T00:00:00.000Z,2.8,53,10.4,4.83,17.6,9.127,269
2023-06-25T00:00:00.000Z,3.13,55.58,9.27,4.88,20.74,10.859,273
2023-06-26T00:00:00.000Z,2.2,30.95,8.68,6.67,14.68,5.681,241
2023-06-27T00:00:00.000Z,3.05,18.48,6.2,5.09,8.38,2.84,259
2023-06-28T00:00:00.000Z,3.3,19.2,7.52,5.87,10.6,3.286,266
2023-06-29T00:00:00.000Z,3.3,21.6,10.57,9.1,12.7,3.017,263
2023-06-30T00:00:00.000Z,5.09,18.35,8.48,6.69,11.43,3.289,249
2023-07-01T00:00:00.000Z,4.25,66.06,8.86,6.38,14.02,7.678,178
2023-07-02T00:00:00.000Z,3.15,15.93,5.94,4.59,7.85,2.092,256
2023-07-03T00:00:00.000Z,2.35,24.35,8.98,6.07,12.65,4.599,251
2023-07-04T00:00:00.000Z,1.7,14.18,5.7,4.7,7.4,2.442,199
2023-07-05T00:00:00.000Z,2.75,18.1,6.43,5.2,8.8,2.69,250
2023-07-06T00:00:00.000Z,1.7,16.02,4.88,3,8.5,3.591,82
2023-07-10T00:00:00.000Z,1.1,16.89,9.57,8,11.6,3.303,118
2023-07-11T00:00:00.000Z,1,21.73,8.82,5.47,10.77,3.741,242
2023-07-12T00:00:00.000Z,1.14,15,2.72,1.89,6.07,3.32,256
2023-07-13T00:00:00.000Z,2.5,29.55,6.68,4.97,9.91,4.006,245
2023-07-14T00:00:00.000Z,2,19.63,8.25,5.22,10.31,3.762,253
2023-07-15T00:00:00.000Z,3.45,31.2,9.43,7.92,11.04,4.111,261
2023-07-16T00:00:00.000Z,3.65,53.4,9.96,7.07,23.27,12.381,254
2023-07-17T00:00:00.000Z,2.7,37.53,9.3,5.7,13.52,6.209,171
2023-07-18T00:00:00.000Z,3.3,18.3,7.3,5.84,8.69,2.442,253
2023-07-19T00:00:00.000Z,7.32,40.54,23.08,16.73,25.92,7.098,229
2023-07-20T00:00:00.000Z,10.88,46.85,28.73,23.96,34.4,7.565,276
2023-07-21T00:00:00.000Z,4.88,48.83,19.8,12.49,26.26,8.555,273
2023-07-22T00:00:00.000Z,0.3,13.45,6.15,2.69,8.75,3.274,277
2023-07-23T00:00:00.000Z,0.88,12.57,4.9,3.33,6.7,2.257,275
2023-07-24T00:00:00.000Z,1,15.85,5.88,4.09,7.95,2.632,279
2023-07-25T00:00:00.000Z,0.75,15.82,5.63,3.49,7.87,2.765,277
2023-07-26T00:00:00.000Z,2.47,18.39,6.85,5.85,8.44,2.151,276
2023-07-27T00:00:00.000Z,4.05,31.9,14.61,9.49,17.64,5.067,272
2023-07-28T00:00:00.000Z,3.38,35.4,10.96,7.25,13.82,5.504,278
2023-07-29T00:00:00.000Z,3.17,53.5,26.42,19.37,34.29,10.796,277
2023-07-30T00:00:00.000Z,3.33,33.78,13.31,9.93,17.1,5.856,278
2023-07-31T00:00:00.000Z,1.27,33.15,8.05,4.32,11.63,6.566,279
2023-08-01T00:00:00.000Z,2.47,93.05,14.46,10.43,22.9,10.971,278
2023-08-02T00:00:00.000Z,3.58,57.55,29.8,26.4,34.71,9.854,256
2023-08-03T00:00:00.000Z,3.08,27.92,12.35,9.94,15.61,4.967,276
2023-08-04T00:00:00.000Z,2.88,33.13,11.98,9.57,15.52,5.218,275
2023-08-05T00:00:00.000Z,1.23,13.75,2.88,2.2,3.67,1.637,269
2023-08-06T00:00:00.000Z,0.17,20.13,5.72,3.49,6.99,2.634,241
2023-08-07T00:00:00.000Z,0.22,11.32,3.95,0.9,6.07,2.983,244
2023-08-08T00:00:00.000Z,0.38,14.85,4.59,1.75,8.52,3.719,212
2023-08-09T00:00:00.000Z,3.03,26.33,9.75,8.21,13.05,3.957,237
2023-08-10T00:00:00.000Z,7.4,92.7,32.13,22.37,57.09,21.535,240
2023-08-11T00:00:00.000Z,3.2,99.15,25.27,16.16,40.52,22.736,197
2023-08-12T00:00:00.000Z,2.85,56.45,17.23,7.1,33.78,15.105,243
2023-08-13T00:00:00.000Z,4.55,44.22,16.82,11.73,22.94,8.419,257
2023-08-14T00:00:00.000Z,2.42,16.63,7.82,6.59,9.6,2.679,265
2023-08-15T00:00:00.000Z,8.32,46.95,27.73,21.45,33.61,7.713,253
2023-08-16T00:00:00.000Z,7.18,46.95,18.17,15.44,24.19,7.222,236
2023-08-17T00:00:00.000Z,10.55,32.5,21.75,17.69,23.78,4.276,209
2023-08-18T00:00:00.000Z,4.2,36.72,14.6,9.44,19,6.645,234
2023-08-19T00:00:00.000Z,12.57,77.03,33.03,24.65,50.23,15.872,241
2023-08-20T00:00:00.000Z,0.32,48.38,12.82,8.36,20.22,11.969,213
2023-08-21T00:00:00.000Z,7.32,34.29,14.25,11.15,19.35,5.562,151
2023-08-22T00:00:00.000Z,2.52,49.3,17.63,13.1,22.42,9.132,233
2023-08-23T00:00:00.000Z,0.9,40.45,13.2,9.43,18.82,7.254,251
2023-08-24T00:00:00.000Z,6.85,37.58,14,10.34,17.7,5.374,264
2023-08-25T00:00:00.000Z,3.95,41.38,17.23,11.6,26.46,9.402,265
2023-08-26T00:00:00.000Z,1.47,31.63,16.48,8.32,20.8,7.688,258
2023-08-27T00:00:00.000Z,0.55,57.7,9.33,6.55,15.25,7.832,265
2023-08-28T00:00:00.000Z,0.9,41.7,7.73,4.17,14.57,7.31,261
2023-08-29T00:00:00.000Z,2.1,14.67,7.28,4.95,8.86,2.61,259
2023-08-30T00:00:00.000Z,2.54,28.33,12.36,5.45,17.39,6.522,220
2023-08-31T00:00:00.000Z,3,38.97,13.8,6.96,23.83,9.844,253
2023-09-01T00:00:00.000Z,5.88,34.97,12.15,9.69,18.64,6.603,91
2023-09-07T00:00:00.000Z,6.57,65.13,17.1,13.13,46.48,17.826,133
2023-09-08T00:00:00.000Z,5.38,24.33,12.3,9.36,15.82,4.005,261
2023-09-09T00:00:00.000Z,5.6,75.22,20,12.73,44.31,17.937,268
2023-09-10T00:00:00.000Z,14.43,71.34,35.47,25.07,46.53,12.925,263
2023-09-11T00:00:00.000Z,7.97,68.03,32.26,24.15,44.07,13.725,272
2023-09-12T00:00:00.000Z,38.57,80.38,52.6,46.73,59.75,9.082,175
2023-09-17T00:00:00.000Z,0.22,34.25,17.63,2.91,20.49,9.508,57
2023-09-18T00:00:00.000Z,4.05,45.55,13.6,10.39,20.59,9.885,217
2023-09-19T00:00:00.000Z,4.5,29.8,8.65,7.13,14.17,5.151,225
2023-09-20T00:00:00.000Z,2.27,18.55,8.07,6.07,10.43,3.148,241
2023-09-21T00:00:00.000Z,3.15,21.38,10.25,7.43,14.76,4.073,261
2023-09-22T00:00:00.000Z,0.82,62.47,12.1,5.53,16.34,7.516,260
2023-09-23T00:00:00.000Z,3.4,28.17,9.02,7.07,11.88,5.257,267
2023-09-24T00:00:00.000Z,7.57,31.63,14.15,10.89,16.44,4.334,113
2023-09-25T00:00:00.000Z,12,29.42,19.39,16.84,21.67,3.596,92
2023-09-26T00:00:00.000Z,3.92,65.8,12.18,8.68,15.95,5.587,272
2023-09-27T00:00:00.000Z,1.9,16.85,8.15,6.68,9.68,2.592,267
2023-09-28T00:00:00.000Z,2.47,50.6,13.72,7.07,19.79,7.396,268
2023-09-29T00:00:00.000Z,11.53,61,35.4,25.42,39.79,9.066,260
2023-09-30T00:00:00.000Z,22.48,69.25,39,34.15,44.97,8.148,255
2023-10-01T00:00:00.000Z,6.82,55.58,20.35,16.88,25.21,8.556,265
2023-10-02T00:00:00.000Z,6,56.47,18.52,15.1,24.42,8.17,262
2023-10-03T00:00:00.000Z,11.63,74.4,23.45,20.77,29.92,11.131,259
2023-10-04T00:00:00.000Z,3.55,67.03,24.37,18.98,31.19,9.642,256
2023-10-05T00:00:00.000Z,1.9,41.97,20.84,15.62,24.75,7.596,244
2023-10-06T00:00:00.000Z,6.18,36.38,19.75,13.33,26.06,7.343,253
2023-10-07T00:00:00.000Z,1.98,28.17,7.15,4.34,14.24,6.343,261
2023-10-08T00:00:00.000Z,1.4,18.17,5.69,3.7,8.15,3.233,254
2023-10-09T00:00:00.000Z,1.95,37.54,6.5,4.2,9.23,6.067,251
2023-10-10T00:00:00.000Z,3.03,29.67,7.68,5.65,9.94,5.417,265
2023-10-11T00:00:00.000Z,4.05,38.95,10.73,7.54,16.27,6.811,269
2023-10-12T00:00:00.000Z,5.78,27.95,14.18,11.95,15.88,3.783,267
2023-10-13T00:00:00.000Z,7.53,57.17,32.22,16.76,40.11,12.759,265
2023-10-14T00:00:00.000Z,2.88,57.03,9.77,6.31,36.65,16.262,272
2023-10-15T00:00:00.000Z,2.87,24.37,13.77,6.33,17.8,5.948,271
2023-10-16T00:00:00.000Z,8.05,90.43,24.02,15.95,57.83,23.546,255
2023-10-17T00:00:00.000Z,18.92,110.13,41.45,24.84,78.72,28.788,265
2023-10-18T00:00:00.000Z,9.85,106.38,52.15,21.05,79,29.477,263
2023-10-19T00:00:00.000Z,2.4,71.56,13.41,8.94,24.37,15.077,260
2023-10-20T00:00:00.000Z,1.5,26.02,7.43,3.37,10.76,5.368,257
2023-10-21T00:00:00.000Z,2.1,39.53,9.05,4.54,20.54,9.143,273
2023-10-22T00:00:00.000Z,4.43,54.2,26.38,9.19,38.63,15.37,247
2023-10-23T00:00:00.000Z,8.07,85.45,25.88,17.52,51.55,22.031,260
2023-10-24T00:00:00.000Z,10.4,185.7,49.84,20.8,79.47,34.448,264
2023-10-25T00:00:00.000Z,14.48,77.13,37.29,29.02,52.6,15.921,273
2023-10-26T00:00:00.000Z,10.7,94.78,31.19,17.62,41.5,20.318,268
2023-10-27T00:00:00.000Z,11.2,110.63,31.85,20.65,42.8,20.356,268
2023-10-28T00:00:00.000Z,14.13,62.13,23.44,20.67,27.15,5.804,270
2023-10-29T00:00:00.000Z,1.35,27.1,10.48,5.45,18.37,6.865,271
2023-10-30T00:00:00.000Z,2.88,47.28,20.3,6.95,32.28,13.201,268
2023-10-31T00:00:00.000Z,7.37,72.4,29.4,15.02,44.04,17.004,272
2023-11-01T00:00:00.000Z,17.93,91.53,46.45,37.61,55.15,13.092,264
2023-11-02T00:00:00.000Z,21.63,111.2,40,36.79,45.37,11.232,257
2023-11-03T00:00:00.000Z,8.13,58.03,20.23,17.93,23.92,8.341,274
2023-11-04T00:00:00.000Z,4.76,120.97,12.92,9.94,17.82,10.721,268
2023-11-05T00:00:00.000Z,5.3,39.97,17.67,11.34,22.48,7.633,273
2023-11-06T00:00:00.000Z,2.58,26.4,8.75,5.87,12.45,4.376,271
2023-11-07T00:00:00.000Z,6.43,67.13,23.21,11.52,31.48,11.813,272
2023-11-08T00:00:00.000Z,19.7,69.7,37.7,33.53,44.69,9.003,272
2023-11-09T00:00:00.000Z,11,41.75,21.39,18.52,27.33,6.039,258
2023-11-10T00:00:00.000Z,6,32.13,17.98,14.87,21.65,5.278,273
2023-11-11T00:00:00.000Z,6,36.08,20.36,12.56,25.61,7.435,268
2023-11-12T00:00:00.000Z,1.4,37.53,8.1,4.95,15.43,6.717,167
2023-11-13T00:00:00.000Z,0.55,7.18,1.92,1.23,2.92,1.183,275
2023-11-14T00:00:00.000Z,1.6,22.77,9.68,6.36,13.24,4.469,280
2023-11-15T00:00:00.000Z,1.83,153.8,26.49,14.5,47.85,19.794,274
2023-11-16T00:00:00.000Z,1.75,12.85,3.58,3.08,4.51,1.665,276
2023-11-17T00:00:00.000Z,2.13,45.38,14.7,6.28,27.31,11.906,265
2023-11-18T00:00:00.000Z,6.57,86.32,26.08,12.7,52.92,22.536,274
2023-11-19T00:00:00.000Z,7.13,84.47,30.21,17.13,53.45,22.049,274
2023-11-20T00:00:00.000Z,15.9,116.28,52.67,34.69,65.3,19.912,273
2023-11-21T00:00:00.000Z,8.45,106.13,50.95,36.23,69.9,22.409,273
2023-11-22T00:00:00.000Z,29.33,154.6,89.05,73.58,102.24,22.298,273
2023-11-23T00:00:00.000Z,24.95,151.48,40.76,35.2,61.97,22.716,274
2023-11-24T00:00:00.000Z,33.92,145.1,72.53,60.83,83.11,21.405,276
2023-11-25T00:00:00.000Z,42.15,113.97,79.4,57.46,98.93,21.566,21