date,min,max,median,q1,q3,stdev,count
2019-12-09T00:00:00.000Z,65.25,255.17,146.19,126.04,190.4,50.734,88
2019-12-10T00:00:00.000Z,45.79,260.6,117.02,75.68,169.62,56.409,386
2019-12-11T00:00:00.000Z,35.47,297.76,129.69,68.64,193.62,70.441,386
2019-12-12T00:00:00.000Z,73.2,255.21,150.88,124.48,171.42,33.29,444
2019-12-13T00:00:00.000Z,70,248.8,139.94,116.28,173.43,38.835,381
2019-12-14T00:00:00.000Z,61.99,325.88,199.16,143.35,226.01,62.58,382
2019-12-15T00:00:00.000Z,33.86,176.46,79.11,65.25,93.29,18.216,523
2019-12-16T00:00:00.000Z,13.61,132.4,63.27,43.83,105.85,34.008,268
2019-12-17T00:00:00.000Z,19.62,103.62,65.31,55.35,72.09,13.572,249
2019-12-18T00:00:00.000Z,14.65,91.84,46.05,37.04,63.01,16.931,433
2019-12-19T00:00:00.000Z,25.08,122.82,56.39,45.98,74.37,22.821,504
2019-12-20T00:00:00.000Z,43.72,148.16,88.13,76.63,99.98,17.745,542
2019-12-21T00:00:00.000Z,18.52,149.3,73.03,54.58,92,28.495,497
2019-12-22T00:00:00.000Z,9.94,212.32,89.75,30.49,113.92,51.673,535
2019-12-23T00:00:00.000Z,45.48,336.89,196.74,137.24,234.96,70.634,519
2019-12-24T00:00:00.000Z,50.28,405.74,123.56,107.94,205.35,82.812,541
2019-12-25T00:00:00.000Z,6.14,94.9,41.55,17.14,65.75,24.261,538
2019-12-26T00:00:00.000Z,7.22,76.36,25.77,18.61,38.59,16.937,540
2019-12-27T00:00:00.000Z,7.82,93.02,33.84,24.94,40.47,12.166,514
2019-12-28T00:00:00.000Z,27.64,173.43,77.54,62.75,95.38,27.022,536
2019-12-29T00:00:00.000Z,35.81,116.8,77.22,68.98,86.72,15.046,545
2019-12-30T00:00:00.000Z,25.75,156.32,73.01,57.97,88.71,21.804,540
2019-12-31T00:00:00.000Z,46.75,209.98,118.3,104,137.56,30.052,527
2020-01-01T00:00:00.000Z,59.44,232.76,160.19,99.27,183.56,47.436,536
2020-01-02T00:00:00.000Z,28.45,128.87,69.18,46.44,92.2,26.296,533
2020-01-03T00:00:00.000Z,27.76,238.26,52,44.6,59.94,19.426,509
2020-01-04T00:00:00.000Z,20.85,109.48,49.22,40.14,58.65,20.619,527
2020-01-05T00:00:00.000Z,16.07,136.38,50.48,39.03,57.21,14.435,521
2020-01-06T00:00:00.000Z,15.64,113.61,52.18,36.28,61.93,19.094,496
2020-01-07T00:00:00.000Z,45.46,189.26,70.98,58.68,86.82,29.954,390
2020-01-08T00:00:00.000Z,14.66,116.25,45.18,35.11,58.71,20.162,464
2020-01-09T00:00:00.000Z,16.14,109.71,52.62,41.69,62.64,15.273,497
2020-01-10T00:00:00.000Z,10.07,105.54,44.25,24.42,61.94,21.615,411
2020-01-11T00:00:00.000Z,4.78,84.57,16.07,9.82,48.99,24.288,341
2020-01-12T00:00:00.000Z,5.88,126.53,60.09,18.48,74.63,33.125,312
2020-01-13T00:00:00.000Z,89.42,229.8,163.11,129.24,180.83,32.18,300
2020-01-14T00:00:00.000Z,21.46,400.25,191.5,66.05,306.45,119.296,351
2020-01-15T00:00:00.000Z,13.51,66.89,33.17,26.69,39.4,10.226,290
2020-01-16T00:00:00.000Z,10.13,66.7,38.65,23.32,48.38,14.294,248
2020-01-17T00:00:00.000Z,17.07,130.07,54.92,45.1,63.75,19.852,174
2020-01-18T00:00:00.000Z,10.56,196.95,88.15,47.55,123.01,47.077,431
2020-01-19T00:00:00.000Z,6.57,57.54,25.15,13.23,35.19,13.134,377
2020-01-20T00:00:00.000Z,21.93,235.88,131.15,84.42,179.34,55.328,336
2020-01-21T00:00:00.000Z,54.8,386.9,185.76,121.51,232.1,71.19,433
2020-01-22T00:00:00.000Z,50.79,91.97,75.8,67.03,85.14,10.903,13
2020-01-23T00:00:00.000Z,31.24,47.72,39.14,36.22,41.78,4.203,77
2020-01-24T00:00:00.000Z,7.5,81.41,35.54,27.91,42.65,13.389,257
2020-01-25T00:00:00.000Z,0.97,42.14,3.11,2.27,5.6,9.732,292
2020-01-26T00:00:00.000Z,1.96,32.56,9.75,7.18,12.82,4.199,297
2020-01-27T00:00:00.000Z,3.6,35.6,12.88,10.19,17.88,5.137,247
2020-01-28T00:00:00.000Z,10.7,50.99,28.46,23.13,33.6,7.847,260
2020-01-29T00:00:00.000Z,18.3,75.78,33.68,26.26,52.92,15.268,298
2020-01-30T00:00:00.000Z,27.58,135.32,57.18,43.42,80.3,20.436,283
2020-01-31T00:00:00.000Z,41.18,105,58.8,51.64,72.65,15.305,280
2020-02-01T00:00:00.000Z,63.38,264.64,172.78,109.61,192.7,50.525,307
2020-02-02T00:00:00.000Z,122.02,356.31,257.45,229.95,295.44,50.735,294
2020-02-03T00:00:00.000Z,2.99,250.16,23.9,6.25,144.69,77.449,300
2020-02-04T00:00:00.000Z,3.11,34.67,10.3,7.78,13.42,3.994,252
2020-02-05T00:00:00.000Z,4.47,226.35,27.3,15.07,86.22,56.373,227
2020-02-06T00:00:00.000Z,18.75,267.77,72.36,56.38,98.44,41.423,228
2020-02-07T00:00:00.000Z,15.15,274.38,99.12,54.13,133.58,59.984,208
2020-02-08T00:00:00.000Z,2.97,73.44,23.35,11,47.84,20.45,143
2020-02-09T00:00:00.000Z,3.37,39.5,18.85,9.8,26.81,9.043,169
2020-02-10T00:00:00.000Z,29.51,166.6,112.34,74.97,125.52,31.456,322
2020-02-11T00:00:00.000Z,30.65,174.3,100.64,80.22,122.95,31.329,331
2020-02-12T00:00:00.000Z,35.67,209.89,107.52,72.18,161.85,47.125,352
2020-02-13T00:00:00.000Z,24.22,316.88,78.41,52.79,152.59,72.243,346
2020-02-14T00:00:00.000Z,29.73,117.82,54.98,44.59,67.42,17.797,362
2020-02-15T00:00:00.000Z,10.74,97.78,50.61,36.46,71.23,19.69,308
2020-02-16T00:00:00.000Z,2.82,61.98,13.35,6.65,18.8,10.147,363
2020-02-17T00:00:00.000Z,9.01,67.34,29.18,17.86,42.36,15.213,339
2020-02-18T00:00:00.000Z,21.48,83.86,35.15,29.8,44.58,12.937,298
2020-02-19T00:00:00.000Z,45.42,157.52,80.12,65.7,105.89,22.089,426
2020-02-20T00:00:00.000Z,80.4,298.27,220.71,153.38,255.78,57.782,463
2020-02-21T00:00:00.000Z,92.43,288.7,201.26,177.04,236.76,40.228,395
2020-02-22T00:00:00.000Z,129.15,313.35,225.73,198.13,245.67,36.616,348
2020-02-23T00:00:00.000Z,30.59,327.62,66.44,53.22,115.26,72.075,412
2020-02-24T00:00:00.000Z,24.82,209.34,53.1,46.51,65.62,27.759,481
2020-02-25T00:00:00.000Z,27.5,96.87,59.12,51.69,73.52,15.668,430
2020-02-26T00:00:00.000Z,24.35,167.5,56.24,43.72,77.56,30.767,368
2020-02-27T00:00:00.000Z,12.32,67.87,35.09,28.49,39.56,8.538,511
2020-02-28T00:00:00.000Z,14.92,73.89,38.02,31.46,43.99,10.878,508
2020-02-29T00:00:00.000Z,13.62,85.16,48.6,34.04,58.68,15.428,533
2020-03-01T00:00:00.000Z,23.9,75.73,40.46,35.21,47.84,9.637,527
2020-03-02T00:00:00.000Z,2.27,120.7,37.69,10.59,55.92,22.493,444
2020-03-03T00:00:00.000Z,2.35,82.3,25.72,18.89,31.61,14.019,397
2020-03-04T00:00:00.000Z,1.22,69.81,7.5,4.42,11.17,8.74,528
2020-03-05T00:00:00.000Z,6.11,167.74,31.92,23.89,52.46,36.338,537
2020-03-06T00:00:00.000Z,47.16,234.76,76.95,67.93,87.58,36.821,523
2020-03-07T00:00:00.000Z,13.85,153.12,97.47,54.29,114.21,32.926,544
2020-03-08T00:00:00.000Z,62.56,170.11,108.16,93.03,130.07,25.409,545
2020-03-09T00:00:00.000Z,40.04,192.1,123.36,79.59,157.93,40.231,536
2020-03-10T00:00:00.000Z,12.24,91.06,35.86,22.78,49.04,15.263,543
2020-03-11T00:00:00.000Z,29.16,120.7,71.72,62.36,84.69,17.205,544
2020-03-12T00:00:00.000Z,19.85,118.11,78.04,58.92,92.41,21.4,487
2020-03-13T00:00:00.000Z,14.68,171.85,66.47,42.56,128.96,47.376,481
2020-03-14T00:00:00.000Z,19.39,140.1,45.9,33.83,67.66,28.292,499
2020-03-15T00:00:00.000Z,118.08,266.88,202.81,163.38,234.08,40.473,267
2020-03-16T00:00:00.000Z,21.1,326.3,166.39,107.78,208.1,79.066,532
2020-03-17T00:00:00.000Z,3.94,118.34,34.94,20.18,65.9,29.253,507
2020-03-18T00:00:00.000Z,5.93,32.85,18.88,14.3,22.67,5.7,458
2020-03-19T00:00:00.000Z,3.04,98.39,21.96,11.19,49.98,21.344,514
2020-03-20T00:00:00.000Z,57.45,148.54,91.28,77.55,110.46,22.032,409
2020-03-21T00:00:00.000Z,37.06,140.4,81.97,71.43,96.68,18.941,466
2020-03-22T00:00:00.000Z,23.28,103.4,56.42,40.95,73.79,19.663,433
2020-03-23T00:00:00.000Z,23.11,111.42,50.25,44.24,62.41,20.952,411
2020-03-24T00:00:00.000Z,7.48,90.54,27.88,20.48,39.88,12.418,424
2020-03-25T00:00:00.000Z,6.44,127,17.73,14.14,22.62,13.68,408
2020-03-26T00:00:00.000Z,18.12,111.44,38.03,33.2,44.13,9.375,413
2020-03-27T00:00:00.000Z,23.72,104.64,43.31,33.49,55.38,12.487,344
2020-03-28T00:00:00.000Z,28.72,66.8,43.16,40.4,50.9,7.527,153
2020-03-29T00:00:00.000Z,18.8,138.52,33.34,25.69,47.44,17.68,322
2020-03-30T00:00:00.000Z,20.23,96.52,39.32,29.58,53.24,16.879,123
2020-03-31T00:00:00.000Z,4.08,81.06,17.37,11.55,25.49,12.048,309
2020-04-01T00:00:00.000Z,20.2,118.65,45.36,40.38,71.61,22.592,170
2020-04-02T00:00:00.000Z,16.7,213.23,118.76,37.6,149.54,56.802,380
2020-04-03T00:00:00.000Z,9.76,132.44,35.15,18.13,64.45,29.653,433
2020-04-04T00:00:00.000Z,3.42,30,10.84,8.27,14.02,4.852,476
2020-04-05T00:00:00.000Z,1.99,22.23,8.03,4.3,13.43,5.242,509
2020-04-06T00:00:00.000Z,7.8,89.79,27.8,18.04,45.02,19.429,418
2020-04-07T00:00:00.000Z,17.85,160.19,90.64,55.69,116.5,34.264,410
2020-04-08T00:00:00.000Z,60.34,264.6,108.2,95.08,139.15,31.882,443
2020-04-09T00:00:00.000Z,30.92,196.43,103.9,82.08,122.19,34.596,420
2020-04-10T00:00:00.000Z,37.9,127.86,67.75,59.91,80.88,18.784,468
2020-04-11T00:00:00.000Z,7.57,119.64,49.42,14.1,69.02,35.113,143
2020-04-12T00:00:00.000Z,4.53,36.06,12.9,8.82,19.16,6.238,531
2020-04-13T00:00:00.000Z,8.3,61.98,28.9,17.23,38.53,12.643,534
2020-04-14T00:00:00.000Z,10.82,129.12,42.01,30.06,75.89,30.609,509
2020-04-15T00:00:00.000Z,22.22,123.18,75.03,58.54,91.92,21.83,475
2020-04-16T00:00:00.000Z,28.62,157.74,65.22,45.04,96.65,29.385,465
2020-04-17T00:00:00.000Z,14.54,62.64,38.56,33.38,46.4,8.792,514
2020-04-18T00:00:00.000Z,31.79,108.78,48.51,42.59,54.58,12.405,545
2020-04-19T00:00:00.000Z,24.8,138.5,51.6,34.39,81.18,29.584,535
2020-04-20T00:00:00.000Z,18.09,70.97,39.54,35.7,46.04,7.044,475
2020-04-21T00:00:00.000Z,19.94,131.16,43.05,34.33,73.05,27.093,349
2020-04-22T00:00:00.000Z,7.36,52.33,20.1,16.89,26.02,6.969,407
2020-04-23T00:00:00.000Z,3.35,18.19,8.48,6.61,10.95,3.125,436
2020-04-24T00:00:00.000Z,6.4,40.28,16.26,11.23,22.8,6.663,476
2020-04-25T00:00:00.000Z,8.88,56.91,20.42,16.85,25.26,6.57,478
2020-04-26T00:00:00.000Z,6.43,150.94,16,12.46,26.78,22.618,524
2020-04-27T00:00:00.000Z,7.56,258.29,25.17,16.05,72.91,39.485,489
2020-04-28T00:00:00.000Z,21,146.3,77.55,47.24,98.83,31.067,373
2020-04-29T00:00:00.000Z,31.86,116.25,55.24,47.53,78.94,19.438,481
2020-04-30T00:00:00.000Z,27.16,89.79,49.53,43.52,61.36,13.479,507
2020-05-01T00:00:00.000Z,9.3,100.36,37.36,25.52,76.72,25.311,520
2020-05-02T00:00:00.000Z,9.09,103.1,25.94,19.64,37.71,20.432,512
2020-05-03T00:00:00.000Z,12.02,82.06,44.59,33.01,56.12,14.229,530
2020-05-04T00:00:00.000Z,19.43,103.76,34.22,28.34,40.53,13.428,500
2020-05-05T00:00:00.000Z,17.84,82.6,34,25.2,57.14,17.769,473
2020-05-06T00:00:00.000Z,20.97,61.52,30.99,27.64,35.01,8.186,548
2020-05-07T00:00:00.000Z,21.44,111.88,39.08,33.1,59.11,15.65,377
2020-05-08T00:00:00.000Z,6.35,50.84,26.62,20.9,33.7,10.141,326
2020-05-09T00:00:00.000Z,17.59,92.02,46.14,37.46,61.05,17.175,311
2020-05-10T00:00:00.000Z,13.11,73.95,22.04,17.38,34.79,13.221,240
2020-05-11T00:00:00.000Z,5.96,56.54,23.88,18.57,38.22,11.762,340
2020-05-12T00:00:00.000Z,5.22,50.08,20.02,15.88,29.6,10.204,435
2020-05-13T00:00:00.000Z,2.66,32.38,11.02,7.56,15.43,6.148,416
2020-05-14T00:00:00.000Z,1.77,54.16,14.3,8.51,20.34,10.185,443
2020-05-15T00:00:00.000Z,5.09,70.62,21.19,16.35,30.03,8.972,496
2020-05-16T00:00:00.000Z,11.46,49.88,23.65,16.14,32,9.614,318
2020-05-17T00:00:00.000Z,5.5,97.49,18.02,12.07,31.72,14.784,518
2020-05-18T00:00:00.000Z,12.2,83.36,27.32,21.6,38.02,16.719,436
2020-05-19T00:00:00.000Z,14.7,118.58,34.82,29.43,70.2,26.048,510
2020-05-20T00:00:00.000Z,4.53,67.16,27.9,16.61,35.45,12.627,524
2020-05-21T00:00:00.000Z,4.51,70.9,28.02,12.02,37.92,14.39,478
2020-05-22T00:00:00.000Z,8.03,57.65,17.48,13.85,22.5,7.373,516
2020-05-23T00:00:00.000Z,9.02,71.95,35.06,21.18,46.08,13.849,478
2020-05-24T00:00:00.000Z,13.1,61.83,24.38,19.92,45.03,13.228,506
2020-05-25T00:00:00.000Z,4.5,55.4,25.41,14.78,30.77,10.4,512
2020-05-26T00:00:00.000Z,2.52,28.42,10.77,7.18,14.2,4.703,480
2020-05-27T00:00:00.000Z,5.18,64.09,24.15,14.49,38.03,15.221,501
2020-05-28T00:00:00.000Z,8.05,67.34,40.42,30.12,45.66,10.735,501
2020-05-29T00:00:00.000Z,9.85,54.35,24.48,19.63,31.08,8.977,501
2020-05-30T00:00:00.000Z,5.5,75.68,22.23,12.43,32.1,14.049,539
2020-05-31T00:00:00.000Z,1.12,120.15,20.3,14.1,43.5,24.051,471
2020-06-01T00:00:00.000Z,1.92,59.95,21.35,7.97,32.53,14.141,453
2020-06-02T00:00:00.000Z,3.05,134.94,19.52,12.63,34.38,28.061,506
2020-06-03T00:00:00.000Z,7.82,81.34,20.37,17.12,29,14.008,423
2020-06-04T00:00:00.000Z,4.53,106.28,29.25,18.64,45.78,22.767,509
2020-06-05T00:00:00.000Z,10.18,117.45,30.23,21.9,41.28,21.919,414
2020-06-06T00:00:00.000Z,4.34,225.68,23.8,12.63,68.27,55.45,456
2020-06-07T00:00:00.000Z,0.65,136.85,11.28,5.71,41.43,37.643,516
2020-06-08T00:00:00.000Z,0.47,91.75,16.02,3.89,42.73,25.705,512
2020-06-09T00:00:00.000Z,0.65,85.05,18.38,10.09,36.67,22.362,456
2020-06-10T00:00:00.000Z,0.47,33.22,8.57,5.09,12.91,6.19,496
2020-06-11T00:00:00.000Z,4.97,74.78,20.13,13.6,35.15,15.819,516
2020-06-12T00:00:00.000Z,1.35,48.03,12.61,7.65,17.23,9.05,526
2020-06-13T00:00:00.000Z,5.7,64.18,14.75,10.84,23.54,12.072,505
2020-06-14T00:00:00.000Z,2.92,65.3,13.13,7.22,19.87,11.694,326
2020-06-15T00:00:00.000Z,4.45,60.87,18.39,14.35,28.55,11.013,538
2020-06-16T00:00:00.000Z,0.98,31.67,12.1,8.36,16,5.597,537
2020-06-17T00:00:00.000Z,1.08,39.2,10.48,7.2,16.14,7.572,506
2020-06-18T00:00:00.000Z,1.42,37.42,12.29,8.86,15.27,4.62,476
2020-06-19T00:00:00.000Z,3.65,58.3,10.23,7.78,13.55,5.505,460
2020-06-20T00:00:00.000Z,3.87,43.63,15.1,11.85,19.07,5.196,543
2020-06-21T00:00:00.000Z,1.48,36.5,16.6,12.06,21,6.547,533
2020-06-22T00:00:00.000Z,0.52,37.67,8.75,4.43,16.11,8.408,517
2020-06-23T00:00:00.000Z,1.67,33.9,13.89,8.44,17.95,6.154,534
2020-06-24T00:00:00.000Z,1.83,88.47,12.63,7.11,21.57,9.804,553
2020-06-25T00:00:00.000Z,3.45,90.75,23.84,15.65,50.9,21.335,530
2020-06-26T00:00:00.000Z,0.4,39.25,10.47,5.64,15.55,6.737,504
2020-06-27T00:00:00.000Z,2.65,28.3,11.85,9.4,15.04,4.303,497
2020-06-28T00:00:00.000Z,4.93,39.83,15.05,11.89,18.52,4.768,428
2020-06-29T00:00:00.000Z,4.18,449.42,16.8,13.08,19.57,25.524,456
2020-06-30T00:00:00.000Z,5.72,78.31,20.8,15.85,26.04,11.315,377
2020-07-01T00:00:00.000Z,3.2,36.7,14.6,11.81,18.96,6.168,372
2020-07-02T00:00:00.000Z,6.55,158.63,17.34,14.52,21.12,9.878,424
2020-07-03T00:00:00.000Z,1.3,36.65,12.15,8.25,15.55,5.702,443
2020-07-04T00:00:00.000Z,1.4,233.2,11.55,7.65,14.57,20.251,466
2020-07-05T00:00:00.000Z,3.2,30.88,12.13,10.15,14.38,3.538,447
2020-07-06T00:00:00.000Z,2.12,30.37,11.24,8.41,14.32,4.547,272
2020-07-07T00:00:00.000Z,3.43,45.12,17.87,14.33,21.65,5.809,405
2020-07-08T00:00:00.000Z,1.27,40.85,13.97,6.59,17.55,7.025,412
2020-07-09T00:00:00.000Z,0.47,34.65,10.57,3.8,15.95,7.238,447
2020-07-10T00:00:00.000Z,0.62,79.87,9.69,6.75,14.32,8.535,393
2020-07-11T00:00:00.000Z,1.67,50.38,15.34,9.65,21.23,8.613,314
2020-07-12T00:00:00.000Z,2.62,47.53,20,13.37,29.38,10.42,384
2020-07-13T00:00:00.000Z,1.95,26.33,10.63,7.62,14.18,4.69,299
2020-07-14T00:00:00.000Z,6.82,94.55,20.77,15.95,28.38,12.874,127
2020-07-15T00:00:00.000Z,3.83,39.5,14.74,11.45,18.16,5.61,336
2020-07-16T00:00:00.000Z,3.03,32.08,12.35,9.59,16.39,5.108,309
2020-07-17T00:00:00.000Z,1.6,34.67,12.65,9.27,17.3,5.527,461
2020-07-18T00:00:00.000Z,2.22,30.37,12.37,9.35,16.39,5.202,411
2020-07-19T00:00:00.000Z,2.02,44.6,11.46,7.07,17.75,7.28,154
2020-07-20T00:00:00.000Z,3.87,34.35,16.98,9.85,21.23,7.077,159
2020-07-21T00:00:00.000Z,3.17,310.92,12.55,8.91,16.13,32.49,257
2020-07-22T00:00:00.000Z,2.27,26.42,10.05,7.02,13.59,4.727,265
2020-07-23T00:00:00.000Z,4,26.15,12.66,9.25,16.45,4.669,282
2020-07-24T00:00:00.000Z,3.5,27.65,11.88,9.23,16.43,4.993,369
2020-07-25T00:00:00.000Z,12.2,31.8,23.23,19.8,25.62,4.057,77
2020-07-26T00:00:00.000Z,1.3,49.25,14.73,10.02,20.84,8.521,412
2020-07-27T00:00:00.000Z,21.7,140.69,76.87,54.29,103.32,27.822,264
2020-07-28T00:00:00.000Z,29.3,190.25,72.7,60.67,107.43,38.118,399
2020-07-29T00:00:00.000Z,5.53,152.68,44.04,25.55,49.95,17.652,314
2020-07-30T00:00:00.000Z,7.55,44.3,17.8,14.18,21.65,6.354,370
2020-07-31T00:00:00.000Z,5.32,72.28,36.82,25.22,49.83,16.44,344
2020-08-01T00:00:00.000Z,1.83,24.12,7.64,5.15,10.68,4.083,334
2020-08-02T00:00:00.000Z,1.12,44.87,5.6,3.66,10.74,7.98,333
2020-08-03T00:00:00.000Z,6.18,60.42,17.7,13.68,26.42,9.83,343
2020-08-04T00:00:00.000Z,2.87,52.15,18.2,14,25.37,8.96,395
2020-08-05T00:00:00.000Z,2.45,54.03,21.15,7.28,32.03,13.669,413
2020-08-06T00:00:00.000Z,2.04,39.33,11.93,8.8,14.45,5.633,335
2020-08-07T00:00:00.000Z,4.43,62.9,18.25,13.95,23.62,11.04,378
2020-08-08T00:00:00.000Z,3.85,57.67,13.44,8.43,18.52,9.095,346
2020-08-09T00:00:00.000Z,5.78,35.53,16.23,12.63,19.39,4.813,411
2020-08-10T00:00:00.000Z,1.35,49.8,8.57,5.2,16.37,10.175,427
2020-08-11T00:00:00.000Z,0.5,29.3,8.19,4.18,13.41,5.973,405
2020-08-12T00:00:00.000Z,0.6,46.45,11.29,5.5,17,9.275,418
2020-08-13T00:00:00.000Z,0.6,20.07,7.79,5.35,10.19,3.854,442
2020-08-14T00:00:00.000Z,5.8,80.34,16.14,12.68,22.42,12.993,360
2020-08-15T00:00:00.000Z,1.7,47.5,11.93,8.02,16.89,7.326,426
2020-08-16T00:00:00.000Z,1.05,44.03,11.45,6.87,18.7,9.045,458
2020-08-17T00:00:00.000Z,0.65,57.97,13.2,9.07,18.66,9.096,425
2020-08-18T00:00:00.000Z,2.22,29.1,11.12,6.85,18.73,6.591,217
2020-08-19T00:00:00.000Z,5.35,64,40.58,36.35,44.17,10.116,140
2020-08-20T00:00:00.000Z,4.93,83.65,15.7,11.8,57.72,24.924,290
2020-08-21T00:00:00.000Z,5.47,52.42,12.75,9.78,21.16,8.259,420
2020-08-22T00:00:00.000Z,3.33,53.45,23.63,16.29,43.6,14.436,284
2020-08-23T00:00:00.000Z,5.09,56.67,17.48,11.89,26.41,10.874,296
2020-08-24T00:00:00.000Z,0.8,37.88,11.1,3.75,20.48,9.989,259
2020-08-25T00:00:00.000Z,2.7,59.38,18.6,9.98,31.58,13.039,309
2020-08-26T00:00:00.000Z,2.65,116.2,31.95,11.52,56.5,28.088,366
2020-08-27T00:00:00.000Z,12.88,96.45,32.6,24.4,46.2,19.031,438
2020-08-28T00:00:00.000Z,6.9,75.65,22.7,17.8,27.8,11.655,408
2020-08-29T00:00:00.000Z,5.75,60.7,19.14,12.24,41.89,16.786,141
2020-08-30T00:00:00.000Z,15.18,83.9,30.55,25.5,36.75,10.441,241
2020-08-31T00:00:00.000Z,8.19,64.25,21.79,16.78,28.8,10.147,244
2020-09-01T00:00:00.000Z,9.63,147.27,73.04,26.14,92.82,37.162,276
2020-09-02T00:00:00.000Z,36.45,154.72,93.12,72.62,113.21,25.39,444
2020-09-03T00:00:00.000Z,42.88,141,73.87,66.31,102.93,23.309,393
2020-09-04T00:00:00.000Z,13.35,88.4,49.28,41.78,60.97,15.709,392
2020-09-05T00:00:00.000Z,9.25,46.17,24.92,19.8,29.35,7.08,314
2020-09-06T00:00:00.000Z,2.15,45.92,17.73,6.95,24.77,9.85,380
2020-09-07T00:00:00.000Z,1.42,78.95,21.81,14.63,32.22,16.094,394
2020-09-08T00:00:00.000Z,9.19,90.65,38.72,23.59,61.33,21.319,356
2020-09-09T00:00:00.000Z,7.07,45.03,18.17,14.22,22.27,5.609,361
2020-09-10T00:00:00.000Z,2.27,52.92,19.5,10.27,33.4,12.462,311
2020-09-11T00:00:00.000Z,15.27,72.3,34.29,27.27,39.04,10.072,279
2020-09-12T00:00:00.000Z,3.1,81.43,17.52,11.82,24.4,8.735,271
2020-09-13T00:00:00.000Z,2,43.03,14.23,9.47,19.6,7.571,329
2020-09-14T00:00:00.000Z,2.54,108.35,23.38,11.04,29.99,14.464,249
2020-09-15T00:00:00.000Z,4.9,36.72,20.14,13.98,24.33,7.202,226
2020-09-16T00:00:00.000Z,33,82.7,49.38,38.04,62.34,14.315,33
2020-09-17T00:00:00.000Z,4.72,41.53,13.48,10.77,20.5,7.729,139
2020-09-18T00:00:00.000Z,1.23,23.58,5.36,3.82,7.03,2.934,312
2020-09-19T00:00:00.000Z,3.97,52.2,13.48,9.27,17.88,7.455,173
2020-09-20T00:00:00.000Z,13.62,141.05,66.89,33.63,113.78,39.19,214
2020-09-21T00:00:00.000Z,4.55,111.43,28,16.8,44.14,27.225,149
2020-09-22T00:00:00.000Z,2.42,38.7,12.87,7.85,18.82,7.558,284
2020-09-23T00:00:00.000Z,0.3,42.4,16.52,3.43,25.24,11.472,369
2020-09-24T00:00:00.000Z,0.8,80.75,27.08,14.28,39.49,20.352,420
2020-09-25T00:00:00.000Z,4.47,84.55,28.08,20.17,36.45,14.301,256
2020-09-26T00:00:00.000Z,2.6,41.45,13.15,10.31,15.78,6.457,272
2020-09-27T00:00:00.000Z,5.37,28.4,12.82,9.86,16.92,4.986,205
2020-09-28T00:00:00.000Z,7.7,191.35,63.92,41.92,92.25,39.699,197
2020-09-29T00:00:00.000Z,14.25,122.55,36.79,32.03,47.67,18.276,171
2020-09-30T00:00:00.000Z,2.4,81.25,23.33,17,32.22,15.278,323
2020-10-01T00:00:00.000Z,2.97,72.3,14.13,9.3,19.3,12.816,273
2020-10-02T00:00:00.000Z,10.05,75.9,36.82,22.11,43.02,16.429,240
2020-10-03T00:00:00.000Z,2.08,146.6,21.75,15.02,28.67,15.434,223
2020-10-04T00:00:00.000Z,1.1,49.47,10.68,5.74,20.98,10.218,297
2020-10-05T00:00:00.000Z,2.72,92.47,22.88,10.07,37.97,18.847,300
2020-10-06T00:00:00.000Z,3.3,29.42,15.3,10.85,19.23,5.691,323
2020-10-07T00:00:00.000Z,3.53,40.25,11.04,8.8,15.67,5.731,324
2020-10-08T00:00:00.000Z,3.33,37.45,11.68,8.99,16.32,5.849,257
2020-10-09T00:00:00.000Z,3.58,50.67,12.37,7.82,17.23,7.345,331
2020-10-10T00:00:00.000Z,3.97,50.88,16.1,11.84,21.63,7.87,393
2020-10-11T00:00:00.000Z,8.48,86.53,19.73,15.4,27.05,12.606,407
2020-10-12T00:00:00.000Z,16.3,89.8,39.36,27.64,54.37,17.342,328
2020-10-13T00:00:00.000Z,11.88,152.69,26.55,21.75,35.83,29.985,384
2020-10-14T00:00:00.000Z,1.02,30.2,10.84,3.97,16.52,6.867,382
2020-10-15T00:00:00.000Z,0.88,13.65,4.12,2.95,5.7,2.231,383
2020-10-16T00:00:00.000Z,2.08,35.42,11.25,7.29,15.97,6.228,397
2020-10-17T00:00:00.000Z,2.47,26.5,6.85,5.09,9.3,3.471,400
2020-10-18T00:00:00.000Z,4.4,44.28,14.2,10.45,19.2,7.196,375
2020-10-19T00:00:00.000Z,4.03,37.85,13.54,10.15,19.13,6.843,400
2020-10-20T00:00:00.000Z,4.9,63.63,11.2,8.93,14.05,4.859,406
2020-10-21T00:00:00.000Z,2.13,48.85,13.88,6.83,32.89,13.895,361
2020-10-22T00:00:00.000Z,4.57,79.65,33.25,15.4,47.3,17.713,367
2020-10-23T00:00:00.000Z,5.15,139.57,67.93,20.38,94.35,37.81,333
2020-10-24T00:00:00.000Z,10.3,142.53,52.28,38.86,71.25,25.022,383
2020-10-25T00:00:00.000Z,11.9,95.22,35.5,27,49.6,16.427,379
2020-10-26T00:00:00.000Z,12.02,65.7,37.52,29.27,44.67,10.359,362
2020-10-27T00:00:00.000Z,12.4,173.98,38.95,29.45,62.65,21.602,390
2020-10-28T00:00:00.000Z,9.73,93.45,26.85,18.89,37.29,15.713,413
2020-10-29T00:00:00.000Z,4,37.79,18.17,11.77,23.2,7.385,398
2020-10-30T00:00:00.000Z,3.35,47.28,11.3,8.66,14.3,5.136,449
2020-10-31T00:00:00.000Z,5.88,109.32,52.25,22.42,77.25,28.563,416
2020-11-01T00:00:00.000Z,52.75,147.68,101.7,91.13,118.3,17.285,427
2020-11-02T00:00:00.000Z,2.15,164.43,12.2,6.67,113.82,55.214,407
2020-11-03T00:00:00.000Z,7.32,70.47,22.79,15.85,32.29,13.151,410
2020-11-04T00:00:00.000Z,18.39,159.9,58.93,45.47,116.8,39.141,334
2020-11-05T00:00:00.000Z,77.25,252.73,123.05,106.72,147.8,25.217,270
2020-11-06T00:00:00.000Z,29.65,207.95,127.9,91.4,148.32,41.009,265
2020-11-07T00:00:00.000Z,5.93,73.3,19.59,12.52,28.67,12.855,242
2020-11-08T00:00:00.000Z,7.2,100.25,29.91,20.88,54.2,20.709,284
2020-11-09T00:00:00.000Z,6,95.3,24.1,18.14,39.22,19.384,270
2020-11-10T00:00:00.000Z,10.23,111.77,31.44,22.7,55.9,22.24,306
2020-11-11T00:00:00.000Z,12.97,123.87,69.84,45.43,89.88,27.298,317
2020-11-12T00:00:00.000Z,13.8,150.07,72.68,38.54,90.27,29.85,266
2020-11-13T00:00:00.000Z,8.55,224.65,42.88,27.15,62.85,24.912,291
2020-11-14T00:00:00.000Z,10.13,69.56,25.01,19.52,32.24,11.707,320
2020-11-15T00:00:00.000Z,8.19,55.75,22.4,17.89,29.3,7.968,283
2020-11-16T00:00:00.000Z,7.38,91.9,22.26,16.07,27.67,8.917,266
2020-11-17T00:00:00.000Z,33.75,144.93,62.39,54.62,73.27,23.65,296
2020-11-18T00:00:00.000Z,6.97,87.32,35.24,22.23,46.66,17.864,348
2020-11-19T00:00:00.000Z,7.7,114.88,47.73,34.51,65.55,25.279,352
2020-11-20T00:00:00.000Z,10.9,133.8,34.19,28.58,45.92,22.137,348
2020-11-21T00:00:00.000Z,13.73,139,39.06,28.66,49.07,14.467,300
2020-11-22T00:00:00.000Z,11.13,68.2,30.67,23.08,43.2,12.327,294
2020-11-23T00:00:00.000Z,12.6,86.07,48.74,34.57,57.5,15.461,260
2020-11-24T00:00:00.000Z,30.38,157.93,70.65,54.82,79.66,20.9,277
2020-11-25T00:00:00.000Z,31.5,142.77,73.09,65.55,84.55,21.833,287
2020-11-26T00:00:00.000Z,15.15,135.8,53.89,42.22,75.25,21.536,278
2020-11-27T00:00:00.000Z,19.27,127.28,56.3,37.69,68.18,19.394,260
2020-11-28T00:00:00.000Z,5.18,119,27.74,15.54,39.61,14.546,276
2020-11-29T00:00:00.000Z,5,56.33,23.85,16.85,32.5,10.844,270
2020-11-30T00:00:00.000Z,7.22,80.75,38.47,24.1,48.19,15.793,240
2020-12-01T00:00:00.000Z,31.15,200.57,85.1,60.69,102.3,25.666,221
2020-12-02T00:00:00.000Z,31.3,289.77,85.3,67.93,115.35,36.451,227
2020-12-03T00:00:00.000Z,10.88,86.68,34.09,20.36,46.09,14.273,228
2020-12-04T00:00:00.000Z,8.23,70.38,21.75,18.55,26.17,10.074,259
2020-12-05T00:00:00.000Z,12.07,76.25,35.36,26.88,45.09,13.949,248
2020-12-06T00:00:00.000Z,17,142.35,72.65,54.95,91.05,25.73,327
2020-12-07T00:00:00.000Z,18.98,118.47,63.5,48.15,82.2,22.77,279
2020-12-08T00:00:00.000Z,20.25,233.23,87.25,48.54,138.63,50.156,273
2020-12-09T00:00:00.000Z,36.78,362.7,98.5,82,123.87,37.578,246
2020-12-10T00:00:00.000Z,51.17,329.23,130.25,94.79,158.24,44.876,257
2020-12-11T00:00:00.000Z,91.05,256.13,209.13,189.23,218.7,28.434,62
2020-12-12T00:00:00.000Z,50,162.13,102.62,81.19,128.47,30.037,168
2020-12-13T00:00:00.000Z,9.23,164.88,112.42,48.54,127.54,45.681,292
2020-12-14T00:00:00.000Z,5.53,600.16,16.07,11.9,81.81,51.117,270
2020-12-15T00:00:00.000Z,2.8,53.33,15.53,10.1,21.77,8.782,286
2020-12-16T00:00:00.000Z,4.47,51.3,15.49,10.82,19.8,8.047,298
2020-12-17T00:00:00.000Z,3.5,52.08,12.88,9.44,20.38,8.694,267
2020-12-18T00:00:00.000Z,3.03,58.22,14.17,9,18.57,10.332,138
2020-12-19T00:00:00.000Z,11.95,42.7,17.98,14.95,20.8,5.213,66
2020-12-20T00:00:00.000Z,10.18,85.4,29.59,20.95,42.08,15.839,300
2020-12-21T00:00:00.000Z,16.67,116.38,43.88,29.61,73.72,25.906,292
2020-12-22T00:00:00.000Z,26.3,214,102.47,65.48,126.04,37.585,277
2020-12-23T00:00:00.000Z,29.33,140.38,91.1,72.88,101.72,21.406,303
2020-12-24T00:00:00.000Z,19.27,300.7,132.3,53.25,164.55,72.377,279
2020-12-25T00:00:00.000Z,50.15,193.6,104.54,89.85,117,26.83,302
2020-12-26T00:00:00.000Z,79.47,247.63,166.2,144.47,186.27,30.441,288
2020-12-27T00:00:00.000Z,75.7,299.42,169.26,144.38,214.15,44.3,292
2020-12-28T00:00:00.000Z,25.15,140.47,65.97,50.95,80.13,24.036,295
2020-12-29T00:00:00.000Z,8.6,121.8,45.35,26.28,64.39,25.913,285
2020-12-30T00:00:00.000Z,5.93,49.7,30.39,13.82,35.65,11.685,282
2020-12-31T00:00:00.000Z,14.52,118.2,50.58,35.34,65.91,20.726,305
2021-01-01T00:00:00.000Z,20.5,355.67,57.72,39.25,203.46,80.191,288
2021-01-02T00:00:00.000Z,49.75,162.75,109.46,100.45,124.53,19.121,266
2021-01-03T00:00:00.000Z,30.17,160.47,84.5,72.05,110.81,27.498,257
2021-01-04T00:00:00.000Z,40.2,326.14,159.15,93.73,209.38,63.732,236
2021-01-05T00:00:00.000Z,58.72,273.92,147.38,108.18,210.8,54.52,258
2021-01-06T00:00:00.000Z,53.05,206.48,146.6,121.85,168.07,34.687,243
2021-01-07T00:00:00.000Z,2.78,170.27,34.2,18.1,58.25,44.823,262
2021-01-08T00:00:00.000Z,2.04,52.47,12.77,6.46,20.66,10.321,285
2021-01-09T00:00:00.000Z,8.52,62.9,28.83,17.72,36.81,11.431,281
2021-01-10T00:00:00.000Z,7.9,151.4,35.95,22.83,59.83,25.046,277
2021-01-11T00:00:00.000Z,9.4,75.84,26.07,18.64,35.65,14.47,189
2021-01-12T00:00:00.000Z,11.48,156.22,80.88,27.23,105.16,40.439,205
2021-01-13T00:00:00.000Z,32.78,191.85,99.28,76.78,127.43,34.479,263
2021-01-14T00:00:00.000Z,39.72,169.38,121.58,103.4,140.35,23.826,258
2021-01-15T00:00:00.000Z,68.4,334.25,178.55,164.66,190.96,29.365,277
2021-01-16T00:00:00.000Z,62.17,310.83,169.65,121.75,203.75,53.312,255
2021-01-17T00:00:00.000Z,14.63,156.77,35,27.94,53.15,30.053,241
2021-01-18T00:00:00.000Z,13.35,159.19,72.75,34.97,100.03,38.208,232
2021-01-19T00:00:00.000Z,35.29,170.98,97.93,71,119.35,29.516,207
2021-01-20T00:00:00.000Z,45.13,227.77,167.48,135.74,191.89,33.134,257
2021-01-21T00:00:00.000Z,54.33,361.95,218.38,152.44,284.35,78.644,235
2021-01-22T00:00:00.000Z,62.58,517.33,159.1,135.3,190.57,45.92,255
2021-01-23T00:00:00.000Z,93.97,477.77,186.18,159.71,213.92,52.921,252
2021-01-24T00:00:00.000Z,57.4,330.33,133.97,119.11,171.28,64.492,253
2021-01-25T00:00:00.000Z,45.45,137.27,94.93,64.59,112.03,25.545,241
2021-01-26T00:00:00.000Z,44,116.32,72.7,64.84,81.52,11.618,257
2021-01-27T00:00:00.000Z,16.05,90.63,49.3,40.72,56.73,14.524,237
2021-01-28T00:00:00.000Z,8.23,174.98,54.5,22.33,92,43.104,274
2021-01-29T00:00:00.000Z,56.75,171.23,117.63,91.63,148.44,32.217,215
2021-01-30T00:00:00.000Z,109.3,276.64,151.07,127.06,212,47.494,137
2021-01-31T00:00:00.000Z,57.25,143.94,71.59,64.28,75.38,22.337,11
2021-02-01T00:00:00.000Z,36.22,105.8,69.05,61.28,79.09,13.662,170
2021-02-02T00:00:00.000Z,38.58,171.13,79.34,62.79,103.1,28.114,237
2021-02-03T00:00:00.000Z,25.42,113.28,58.5,47.65,68.88,14.904,145
2021-02-04T00:00:00.000Z,23.3,150.65,84.53,61.61,99.59,25.373,257
2021-02-05T00:00:00.000Z,15.05,520.54,67.68,55.35,89.61,39.267,225
2021-02-06T00:00:00.000Z,30.4,139.55,76.43,56.03,98.95,26.797,243
2021-02-07T00:00:00.000Z,22.42,287.39,78.68,61.95,134.25,42.1,239
2021-02-08T00:00:00.000Z,1.05,152.9,11.41,3.28,73.15,44.021,254
2021-02-09T00:00:00.000Z,1.45,40.2,11.13,6.02,19.02,9.892,204
2021-02-10T00:00:00.000Z,28.15,44.58,35.13,33.33,36.61,3.147,68
2021-02-11T00:00:00.000Z,13,125.57,36.28,24.09,46.78,15.905,221
2021-02-12T00:00:00.000Z,13.65,71.97,31.63,25.8,41.29,12.272,261
2021-02-13T00:00:00.000Z,14.02,55.7,38.32,32.79,44.05,7.986,252
2021-02-14T00:00:00.000Z,7.55,86.5,43.89,30.77,52.29,14.909,240
2021-02-15T00:00:00.000Z,32.72,107.53,54.29,40.63,72.97,17.937,242
2021-02-16T00:00:00.000Z,28.42,123.2,60.63,52.16,93.15,24.027,228
2021-02-17T00:00:00.000Z,8.6,51.58,23.35,16.55,31.54,9.232,201
2021-02-18T00:00:00.000Z,20.02,184.43,93.63,64.38,132.9,41.844,261
2021-02-19T00:00:00.000Z,21.85,138.63,70.38,57.92,88.47,27.946,222
2021-02-20T00:00:00.000Z,13.05,117.4,73.18,62.28,78.8,17.071,246
2021-02-21T00:00:00.000Z,18.8,97.93,47.42,41.03,61.75,15.937,251
2021-02-22T00:00:00.000Z,16.17,114.6,46.88,38.72,79.53,22.956,211
2021-02-23T00:00:00.000Z,18.38,115.7,58.33,45.64,69.56,19,225
2021-02-24T00:00:00.000Z,8.57,76.7,31.38,24.15,38.08,13.218,235
2021-02-25T00:00:00.000Z,9.68,80.65,36.15,31.92,41.97,11.305,223
2021-02-26T00:00:00.000Z,23.63,85.38,49.95,41.03,57.28,12.377,223
2021-02-27T00:00:00.000Z,23.25,99.88,54.05,40.42,73.63,18.683,259
2021-02-28T00:00:00.000Z,30.33,163.82,69.88,54.05,93.38,28.925,247
2021-03-01T00:00:00.000Z,10.85,140.5,47.97,27.1,84.25,32.616,235
2021-03-02T00:00:00.000Z,6.13,147.88,52.35,18.32,74.39,39.559,245
2021-03-03T00:00:00.000Z,24.88,183.93,71.4,54.13,87.35,28.491,227
2021-03-04T00:00:00.000Z,12.85,175.45,62.05,49.8,83.55,38.052,226
2021-03-05T00:00:00.000Z,20.35,184.52,79.55,55.4,116.32,36.875,246
2021-03-06T00:00:00.000Z,43.6,157.6,64.77,55.92,85.43,24.375,240
2021-03-07T00:00:00.000Z,16.57,172.07,65.05,51.45,98.15,30.76,259
2021-03-08T00:00:00.000Z,24,181.77,89.95,68.34,126.26,35.946,240
2021-03-09T00:00:00.000Z,12.38,92.25,42.8,34.58,54.5,16.033,251
2021-03-10T00:00:00.000Z,10.07,868.63,44.15,35.2,53.44,58.321,228
2021-03-11T00:00:00.000Z,11.85,99.88,46.63,35.67,63.85,18.23,237
2021-03-12T00:00:00.000Z,16.2,113.2,73.2,52,83.9,19.823,242
2021-03-13T00:00:00.000Z,13.2,145.43,91.22,74.13,102.43,21.659,241
2021-03-14T00:00:00.000Z,20.8,107.1,67.06,58.11,77.7,17.039,237
2021-03-15T00:00:00.000Z,19.48,89.78,43.9,35.45,50.2,12.041,215
2021-03-16T00:00:00.000Z,15.25,100.82,48.79,39.58,61.05,14.904,218
2021-03-17T00:00:00.000Z,17.39,81.5,52.31,44.15,59.15,11.78,254
2021-03-18T00:00:00.000Z,18.55,92.38,56.7,46.08,65.67,14.833,233
2021-03-19T00:00:00.000Z,10.45,103.75,36.03,31.73,44.55,13.757,215
2021-03-20T00:00:00.000Z,13.65,75.45,43.44,36.1,50.2,11.257,230
2021-03-21T00:00:00.000Z,2.1,62.22,9.69,6.53,14.57,10.923,207
2021-03-22T00:00:00.000Z,10.57,116.6,50.92,24.65,77.47,29.289,195
2021-03-23T00:00:00.000Z,20.9,126.27,75.38,62.78,84.5,19.184,221
2021-03-24T00:00:00.000Z,67.59,207.85,152.65,118.71,168.38,31.65,176
2021-03-25T00:00:00.000Z,50.5,242.7,147.62,130.57,167.75,32.305,214
2021-03-26T00:00:00.000Z,30.02,138.5,69.15,56.17,84.57,21.491,179
2021-03-27T00:00:00.000Z,23.15,87.43,48.33,39.95,58.58,14.706,155
2021-03-28T00:00:00.000Z,21.13,129.02,63.24,35.39,107.57,33.981,108
2021-03-29T00:00:00.000Z,69.13,151.13,109.39,100.72,126.75,17.09,186
2021-03-30T00:00:00.000Z,47.8,167.85,99.3,66.56,120.55,30.699,211
2021-03-31T00:00:00.000Z,33.79,150.5,69.34,61.45,106.13,25.06,191
2021-04-01T00:00:00.000Z,35.58,102.68,62.72,54.47,71.84,12.096,174
2021-04-02T00:00:00.000Z,18.73,70.31,41.3,34.5,49.15,10.417,202
2021-04-03T00:00:00.000Z,28.77,76.53,49.97,42.47,62.13,11.853,203
2021-04-04T00:00:00.000Z,15.93,112.27,56.72,34.38,77.86,24.491,197
2021-04-05T00:00:00.000Z,34.6,171.13,116.08,71.65,141.68,38.671,118
2021-04-06T00:00:00.000Z,30.38,173.32,70.23,56.67,82.16,34.888,228
2021-04-07T00:00:00.000Z,21.83,204.4,54.78,45,62.22,18.705,163
2021-04-08T00:00:00.000Z,11.7,70.78,38,27.45,52.67,14.595,179
2021-04-09T00:00:00.000Z,15.23,114.55,48.47,37.86,63.13,16.655,128
2021-04-10T00:00:00.000Z,37.1,229.3,135.63,89.68,179,54.846,120
2021-04-11T00:00:00.000Z,9.4,481.95,49.42,33.9,211.38,95.814,87
2021-04-12T00:00:00.000Z,10.25,64.05,30.4,27.35,35.15,8.178,63
2021-04-13T00:00:00.000Z,10.4,56.08,26.9,21.13,34.45,9.514,58
2021-04-14T00:00:00.000Z,16.25,38.13,24.6,21.3,27.79,4.558,61
2021-04-15T00:00:00.000Z,17.7,54.63,30.58,26.25,35.97,8.093,95
2021-04-16T00:00:00.000Z,10.73,61,29.18,24.65,35.7,9.705,126
2021-04-17T00:00:00.000Z,4.75,67.43,15.85,11.25,27.35,11.418,143
2021-04-18T00:00:00.000Z,35.1,142.15,86.4,73.81,118.9,28.495,131
2021-04-19T00:00:00.000Z,15.75,105.53,26.42,22.1,36.95,19.536,127
2021-04-20T00:00:00.000Z,14.05,50.9,24.9,21.27,28.4,5.646,115
2021-04-21T00:00:00.000Z,7.53,40.47,24.1,18.8,29.95,7.28,115
2021-04-22T00:00:00.000Z,7.4,42.47,25.85,23,29.38,6.307,115
2021-04-23T00:00:00.000Z,13.45,44.17,31.02,27,34.25,6.138,107
2021-04-24T00:00:00.000Z,8.65,69.78,36.13,25.59,42.61,12.131,128
2021-04-25T00:00:00.000Z,17.2,64.7,27.65,23.7,33.28,8.341,155
2021-04-26T00:00:00.000Z,5.57,60.83,21.54,13.65,28.25,11.457,134
2021-04-27T00:00:00.000Z,14.95,86.7,41.97,32.67,46.88,12.581,123
2021-04-28T00:00:00.000Z,2.92,81.78,12.75,8.5,21.1,17.017,76
2021-04-29T00:00:00.000Z,7.68,78.25,31.1,15.49,42.29,20.557,113
2021-04-30T00:00:00.000Z,13.43,80.31,37.75,30.65,55.25,17.137,107
2021-05-01T00:00:00.000Z,25.63,84.13,47.03,41.62,56.55,12.425,136
2021-05-02T00:00:00.000Z,9.23,85.18,27.83,19.8,33.4,15.425,129
2021-05-03T00:00:00.000Z,5.9,40.95,20.27,16.36,23.47,5.467,120
2021-05-04T00:00:00.000Z,11.35,45.05,26.67,22.69,30.29,6.686,121
2021-05-05T00:00:00.000Z,4.18,107.78,13.75,9.19,20.09,12.986,120
2021-05-06T00:00:00.000Z,2.58,79.09,46.15,22.38,55.95,20.213,110
2021-05-07T00:00:00.000Z,7.13,77.55,20.77,16.8,26.25,12.1,121
2021-05-08T00:00:00.000Z,14.75,57.38,32.28,21.38,43.17,11.439,123
2021-05-09T00:00:00.000Z,11.68,55.42,28.1,23.13,32.79,7.312,139
2021-05-10T00:00:00.000Z,11.85,50.08,27.3,22.45,34.67,8.129,129
2021-05-11T00:00:00.000Z,1.63,82.82,25.67,12.34,44.51,19.377,101
2021-05-12T00:00:00.000Z,14,88.28,32.84,29.29,38.17,9.574,112
2021-05-13T00:00:00.000Z,2.6,554.78,23.8,16.11,30.38,58.114,141
2021-05-14T00:00:00.000Z,7.18,422.98,19.3,16.1,25.08,45.457,126
2021-05-15T00:00:00.000Z,11.6,70.43,29.79,24.06,34.84,10.316,140
2021-05-16T00:00:00.000Z,9.94,49.35,27.49,20.42,33.32,8.46,124
2021-05-17T00:00:00.000Z,5.93,39.65,17.75,14.98,21.85,5.987,115
2021-05-18T00:00:00.000Z,5.28,79.18,19.25,15.2,22.4,8.978,102
2021-05-19T00:00:00.000Z,9.77,44.53,21.9,18.1,25.88,6.553,119
2021-05-20T00:00:00.000Z,7.45,40.33,25.17,21.49,29.73,6.137,116
2021-05-21T00:00:00.000Z,5.4,43.88,24.57,15.85,29.73,8.887,122
2021-05-22T00:00:00.000Z,12.15,160,23.33,17.82,41.03,25.566,105
2021-05-23T00:00:00.000Z,1.52,77.4,16.8,13.79,22.22,10.858,157
2021-05-24T00:00:00.000Z,4.7,27.15,10.16,8.05,12.77,4.5,146
2021-05-25T00:00:00.000Z,3.75,113.53,22.05,10.73,46.05,27.143,159
2021-05-26T00:00:00.000Z,14.18,112.2,27.86,19.48,32.14,25.649,76
2021-05-27T00:00:00.000Z,3.43,49.65,22.02,14.43,29.85,10.07,147
2021-05-28T00:00:00.000Z,6,55,28.23,14.75,35.83,11.788,151
2021-05-29T00:00:00.000Z,10.17,75.95,23.72,19.2,42.22,13.931,132
2021-05-30T00:00:00.000Z,1.77,108.9,32.9,18.1,46.45,22.687,160
2021-05-31T00:00:00.000Z,1.25,102.13,23.09,10.73,40.53,31.22,130
2021-06-01T00:00:00.000Z,0.55,105.97,22.22,10.13,35.83,20.144,166
2021-06-02T00:00:00.000Z,3.83,125.55,30.64,22.92,53.97,25.463,128
2021-06-03T00:00:00.000Z,0.98,213.55,29.3,9,54.67,44.779,143
2021-06-04T00:00:00.000Z,2.5,41.25,16.57,6.4,23.09,9.179,144
2021-06-05T00:00:00.000Z,16.73,303.45,64.3,30.73,113.47,57.631,151
2021-06-06T00:00:00.000Z,34.38,168.82,101.46,66.65,136.11,39.266,168
2021-06-07T00:00:00.000Z,2.45,82.88,29.83,19.89,41.7,14.568,298
2021-06-08T00:00:00.000Z,6.38,54.55,17.02,10.43,31.42,11.709,222
2021-06-09T00:00:00.000Z,8.63,60.33,30.13,22.15,41.5,12.02,237
2021-06-10T00:00:00.000Z,4.34,57.42,21.3,13.76,28.59,10.337,153
2021-06-11T00:00:00.000Z,3.75,35.85,14.63,11.9,18.85,6.17,130
2021-06-12T00:00:00.000Z,6.38,21.67,10.71,9.07,14.07,3.569,30
2021-06-22T00:00:00.000Z,2.29,10.7,4.82,3.59,6.34,1.962,33
2021-06-23T00:00:00.000Z,3.42,41.92,15.13,11.14,21.76,7.64,229
2021-06-24T00:00:00.000Z,6.1,123.28,24.65,12.98,46.19,19.724,185
2021-06-25T00:00:00.000Z,1.07,57.33,16.17,8.23,29.45,13.054,277
2021-06-26T00:00:00.000Z,1.75,22.75,11.68,7.1,14.8,4.98,239
2021-06-27T00:00:00.000Z,0.47,24.52,6.22,3.76,9.9,4.101,289
2021-06-28T00:00:00.000Z,0.82,22.02,7.22,4.7,9.85,4.142,255
2021-06-29T00:00:00.000Z,0.95,126.2,10.48,6.7,17.14,12.437,301
2021-06-30T00:00:00.000Z,0.9,26.48,9.26,5.65,12.1,4.624,288
2021-07-01T00:00:00.000Z,5.2,32.47,13.02,9.5,20.63,6.944,138
2021-07-02T00:00:00.000Z,0.77,39.04,14.62,7.18,23.29,9.385,240
2021-07-03T00:00:00.000Z,2.4,69.45,8.89,6.13,12.82,13.137,302
2021-07-04T00:00:00.000Z,3.55,39.45,16.67,11.98,20.7,6.862,294
2021-07-05T00:00:00.000Z,2.85,42.5,15.8,7.15,19.92,7.469,242
2021-07-06T00:00:00.000Z,2.85,33.79,11.73,6.8,16.32,6.042,283
2021-07-07T00:00:00.000Z,0.17,42.63,15.75,1.92,21.52,10.761,250
2021-07-08T00:00:00.000Z,2.4,35.42,8.81,6.28,19,7.973,266
2021-07-09T00:00:00.000Z,1.55,29.23,8.41,6.38,11.85,4.488,302
2021-07-10T00:00:00.000Z,2.78,44.33,15.85,11.45,19.98,7.557,305
2021-07-11T00:00:00.000Z,1.1,34.9,14.23,6.75,19.07,7.499,330
2021-07-12T00:00:00.000Z,3.55,27.45,12.68,9.69,16.64,4.676,242
2021-07-13T00:00:00.000Z,3.28,23.85,13.25,10.88,16.67,4.075,227
2021-07-14T00:00:00.000Z,3.57,45.45,10.97,7.89,14.03,4.51,248
2021-07-15T00:00:00.000Z,1.8,28.25,11.77,7.32,16.75,6.186,282
2021-07-16T00:00:00.000Z,4.28,36.4,13.32,11.02,16.55,4.74,255
2021-07-17T00:00:00.000Z,7.6,147.72,17.14,14.8,19.42,10.798,299
2021-07-18T00:00:00.000Z,6.1,76.78,20.63,15.65,29.69,16.024,261
2021-07-19T00:00:00.000Z,2.38,104.47,26.77,19.72,44.05,19.193,229
2021-07-20T00:00:00.000Z,11.68,68.15,31.8,24.15,45.3,12.1,243
2021-07-21T00:00:00.000Z,2.95,72.28,11,7.4,18.07,14.902,270
2021-07-22T00:00:00.000Z,3.92,87.35,21.67,12.33,46.5,19.488,229
2021-07-23T00:00:00.000Z,1.95,34.65,9.52,6.85,14.23,6.134,250
2021-07-24T00:00:00.000Z,9.1,71.8,16.67,14.07,21.02,7.008,262
2021-07-25T00:00:00.000Z,6.18,80.15,23.8,17.13,31.75,10.315,298
2021-07-26T00:00:00.000Z,4.65,47.97,13.8,10.88,19.27,6.468,301
2021-07-27T00:00:00.000Z,2.29,62.97,9.3,6.1,28.3,13.218,311
2021-07-28T00:00:00.000Z,1.77,105.55,7.35,4.69,13.39,13.747,304
2021-07-29T00:00:00.000Z,5.47,61.2,29.52,23.15,42.86,14.017,289
2021-07-30T00:00:00.000Z,25.88,116.6,49.94,37.4,76.84,23.575,114
2021-07-31T00:00:00.000Z,0.38,58.03,21.03,3.85,31.02,14.41,210
2021-08-01T00:00:00.000Z,0.55,47.38,7.18,3.33,15.95,8.179,242
2021-08-02T00:00:00.000Z,5.28,60.22,19.97,14.08,34.38,13.08,236
2021-08-03T00:00:00.000Z,8.55,99.65,23.3,14.64,38.11,19.919,244
2021-08-04T00:00:00.000Z,10.48,64.93,25.27,21,32.35,8.72,193
2021-08-05T00:00:00.000Z,4.55,89.82,30.2,14.6,43.97,17.948,239
2021-08-06T00:00:00.000Z,1.17,43.6,6.7,4.28,14.85,9.102,303
2021-08-07T00:00:00.000Z,1.23,70.13,14.5,6.78,33.63,15.331,291
2021-08-08T00:00:00.000Z,15.35,100.18,48.2,36.22,68.45,19.214,285
2021-08-09T00:00:00.000Z,1.42,149.57,63.97,10.75,78.88,34.204,228
2021-08-10T00:00:00.000Z,1.4,52.4,16.27,9.36,21.85,12.23,287
2021-08-11T00:00:00.000Z,0.7,53.3,14.48,4.07,32.58,15.297,202
2021-08-12T00:00:00.000Z,1.35,54.28,9.68,6.42,29.04,13.762,269
2021-08-13T00:00:00.000Z,1.83,62.45,22.94,16.02,28.17,9.419,514
2021-08-14T00:00:00.000Z,0.98,45.28,9.35,6.23,13.57,7.434,429
2021-08-15T00:00:00.000Z,7.85,93.97,23.48,15.05,41.97,15.404,445
2021-08-16T00:00:00.000Z,2,58.47,13.88,9.98,24,10.914,487
2021-08-17T00:00:00.000Z,0.63,70.47,12.13,4.38,25.52,18.047,517
2021-08-18T00:00:00.000Z,0.52,28.67,6.92,3.7,10.89,5.327,428
2021-08-19T00:00:00.000Z,3.25,34.79,10.48,8.02,13.52,5.167,518
2021-08-20T00:00:00.000Z,5.88,43.22,15.5,11.98,18.59,5.133,484
2021-08-21T00:00:00.000Z,1.67,30.48,14.23,8.69,18.02,6.007,515
2021-08-22T00:00:00.000Z,3.22,45.67,19.76,13.49,28.49,9.221,496
2021-08-23T00:00:00.000Z,6.75,63.83,32.09,24.42,37.29,10.192,518
2021-08-24T00:00:00.000Z,4.82,57.03,23.45,13.56,31.28,10.824,460
2021-08-25T00:00:00.000Z,3.4,43.88,14.8,10.7,19.07,6.77,499
2021-08-26T00:00:00.000Z,2.38,50.95,11.05,6.07,16.32,10.053,350
2021-08-27T00:00:00.000Z,0.2,39.83,7.63,4.75,9.75,5.409,251
2021-08-29T00:00:00.000Z,7.57,82.9,23.88,12.4,53.95,24.372,128
2021-08-30T00:00:00.000Z,7.32,55.85,16.84,13.54,23.58,10.032,444
2021-08-31T00:00:00.000Z,6.38,57.17,18.98,14.57,23.38,7.08,517
2021-09-01T00:00:00.000Z,4.22,52.9,16.17,11.4,23.15,9.449,499
2021-09-02T00:00:00.000Z,8,47.4,22.27,18.3,33,8.661,493
2021-09-03T00:00:00.000Z,7.35,64.84,35.97,27.67,42.63,10.41,511
2021-09-04T00:00:00.000Z,2.54,51.38,14.35,10.09,19.38,8.311,509
2021-09-05T00:00:00.000Z,0.38,24.73,6.1,3.85,11.43,5.278,438
2021-09-06T00:00:00.000Z,3.42,75.34,22.15,11.43,31.28,15.143,440
2021-09-07T00:00:00.000Z,3.55,66.84,16.13,11.32,20.25,9.98,419
2021-09-08T00:00:00.000Z,0.45,55.28,9.6,5.38,15.5,8.444,534
2021-09-09T00:00:00.000Z,0,59.6,15.82,10.15,25.08,14.334,471
2021-09-10T00:00:00.000Z,2.83,65.72,14.85,10.72,18.88,9.246,520
2021-09-11T00:00:00.000Z,5.28,103.95,30.08,14.77,54.7,22.569,543
2021-09-12T00:00:00.000Z,14.48,144.5,52.33,37.83,65.7,22.515,531
2021-09-13T00:00:00.000Z,6.75,110.18,31.08,17.89,46.99,23.794,521
2021-09-14T00:00:00.000Z,2.5,45.6,17.54,12.51,22.77,8.262,524
2021-09-15T00:00:00.000Z,1.92,75.63,25.35,8.11,33.89,13.566,520
2021-09-16T00:00:00.000Z,1.92,45.42,12.45,8.64,16.95,6.594,520
2021-09-17T00:00:00.000Z,2.25,57,9.9,7.17,15.27,10.306,532
2021-09-18T00:00:00.000Z,2,85.7,15.68,8.93,29.41,16.867,540
2021-09-19T00:00:00.000Z,2.22,66.18,23.48,7.6,32.75,14.493,526
2021-09-20T00:00:00.000Z,8.23,71.33,31.47,24.69,39.09,11.896,504
2021-09-21T00:00:00.000Z,16.23,78.78,35.67,29,46.73,13.489,480
2021-09-22T00:00:00.000Z,10.23,68.03,29.52,21,36.78,10.587,531
2021-09-23T00:00:00.000Z,4.47,87.75,22.4,15.55,34.28,15.459,546
2021-09-24T00:00:00.000Z,0.45,60.1,18.48,11.63,22.58,8.98,541
2021-09-25T00:00:00.000Z,1.05,47.8,14.98,9.69,20.19,7.407,541
2021-09-26T00:00:00.000Z,3.3,44.03,13.76,9.85,18.64,8.029,514
2021-09-27T00:00:00.000Z,9.85,127.95,37.15,22.9,60.54,25.094,305
2021-09-28T00:00:00.000Z,11.15,124.63,23.88,18.38,30.7,19.103,278
2021-09-29T00:00:00.000Z,35.53,61.78,46.3,43.83,48.82,4.332,141
2021-09-30T00:00:00.000Z,2.83,71.65,29.68,22.63,34.88,11.872,526
2021-10-01T00:00:00.000Z,7.13,64.15,30.9,22.57,43.48,13.183,513
2021-10-02T00:00:00.000Z,7.53,68.87,29.83,21.02,37.92,13.074,530
2021-10-03T00:00:00.000Z,13.75,104,40.9,33,53.01,16.953,532
2021-10-04T00:00:00.000Z,7.65,65.65,26.55,21.05,36.09,12.114,537
2021-10-05T00:00:00.000Z,9.15,113.5,23.35,18.5,30.52,11.954,554
2021-10-06T00:00:00.000Z,13.63,114.2,43.52,33.96,54.85,17.769,540
2021-10-07T00:00:00.000Z,8.98,118.57,52.05,28.58,68.72,22.504,546
2021-10-08T00:00:00.000Z,7.4,60.97,18.07,13.55,26.4,10.322,527
2021-10-09T00:00:00.000Z,2.25,70.03,11.13,6.9,18.17,14.312,534
2021-10-10T00:00:00.000Z,0.75,31.3,4.79,2.83,9.14,4.239,468
2021-10-11T00:00:00.000Z,0.25,39.5,5.75,3.75,9.75,6.168,546
2021-10-12T00:00:00.000Z,2.4,23.45,8,6,11.2,4.011,537
2021-10-13T00:00:00.000Z,1.52,31.6,7.43,5.45,9.3,4.473,531
2021-10-14T00:00:00.000Z,0.56,23.8,3.59,2.2,6.18,3.592,540
2021-10-15T00:00:00.000Z,0.85,16.02,3.25,2.2,4.63,1.98,540
2021-10-16T00:00:00.000Z,0.1,13.23,3.4,1.48,5.85,2.93,555
2021-10-17T00:00:00.000Z,1.9,21.45,6.18,4.73,7.68,2.633,321
2021-10-18T00:00:00.000Z,1.63,59.28,6.95,4.65,18.82,15.229,519
2021-10-19T00:00:00.000Z,32.53,232.3,92.18,56.92,131.96,49.758,556
2021-10-20T00:00:00.000Z,5.47,226.38,74.68,31.15,98.43,46.688,512
2021-10-21T00:00:00.000Z,0.7,104.5,7.29,4.3,11.52,20.766,518
2021-10-22T00:00:00.000Z,1.14,34.33,8.1,4.55,11.73,5.474,542
2021-10-23T00:00:00.000Z,4.59,87.72,25.69,14.31,40.64,17.538,544
2021-10-24T00:00:00.000Z,6.72,102.68,28.07,17.39,64.05,25.647,536
2021-10-25T00:00:00.000Z,21,143.13,44.8,31.3,77.31,32.505,374
2021-10-27T00:00:00.000Z,53.67,296.42,156.63,88.35,180.57,56.345,310
2021-10-28T00:00:00.000Z,2.22,110.5,26.54,16.42,55.94,26.911,516
2021-10-29T00:00:00.000Z,0.82,68.5,11.13,6.45,20.17,8.163,543
2021-10-30T00:00:00.000Z,1.1,43.75,6.2,3.7,11.42,9.351,540
2021-10-31T00:00:00.000Z,8.3,76.45,36.6,19.35,49.2,16.196,539
2021-11-01T00:00:00.000Z,4.43,30.83,14.8,11.25,18.73,5.161,493
2021-11-02T00:00:00.000Z,6.78,67.95,27.42,19.6,35.65,12.672,455
2021-11-03T00:00:00.000Z,20.1,172.52,56.69,48.95,81.41,28.483,508
2021-11-04T00:00:00.000Z,2.47,86.75,37.63,23.75,51.97,19.072,551
2021-11-05T00:00:00.000Z,5.6,88.88,33.02,21.45,38.86,14.042,544
2021-11-06T00:00:00.000Z,9.3,66.47,29.57,23.87,34.63,8.886,532
2021-11-07T00:00:00.000Z,2.42,72.8,24.23,16.8,32.36,13.289,521
2021-11-08T00:00:00.000Z,2.2,54.63,9.75,5.79,16.98,9.011,437
2021-11-09T00:00:00.000Z,4.95,94.65,16.85,13.15,22.23,16.489,523
2021-11-10T00:00:00.000Z,4.43,107.55,26.67,12.35,62.28,27.764,499
2021-11-11T00:00:00.000Z,10.77,127.8,58.29,27.92,72.3,24.676,480
2021-11-12T00:00:00.000Z,9.48,62.35,24.73,18.8,31.97,10.234,472
2021-11-13T00:00:00.000Z,9.94,100.32,39.86,23.83,70.72,24.528,523
2021-11-14T00:00:00.000Z,17.07,155.02,66.4,40.2,102.4,36.176,517
2021-11-15T00:00:00.000Z,47.72,218.18,92.2,82.08,107.11,34.847,493
2021-11-16T00:00:00.000Z,81.8,284.02,177.07,139.49,242.07,55.191,493
2021-11-17T00:00:00.000Z,1.3,159.69,11.87,7.3,19.55,25.632,396
2021-11-18T00:00:00.000Z,7.28,183.98,65.97,22.77,112.6,50.499,482
2021-11-19T00:00:00.000Z,41.78,206.88,119.72,101.45,137.63,27.773,423
2021-11-20T00:00:00.000Z,12.25,266.1,54.7,43.96,102.78,54.884,481
2021-11-21T00:00:00.000Z,2.1,81.45,33.65,22,45.97,17.971,527
2021-11-22T00:00:00.000Z,0.82,28.7,5.97,3.91,9.1,4.425,528
2021-11-23T00:00:00.000Z,4.09,46.58,12.12,9.26,15.99,6.912,520
2021-11-24T00:00:00.000Z,4.28,43.92,19.2,14.04,26.38,8.216,532
2021-11-25T00:00:00.000Z,9.63,109.57,42.96,26.64,62.46,21.101,528
2021-11-26T00:00:00.000Z,11.1,112.13,50.73,36.28,75.61,24.545,540
2021-11-27T00:00:00.000Z,20.32,87.32,43.91,37.34,55.5,13.181,524
2021-11-28T00:00:00.000Z,22.42,188.27,68.65,43.88,113.67,43.833,513
2021-11-29T00:00:00.000Z,20.14,179.35,65.03,39.45,91.13,33.099,515
2021-11-30T00:00:00.000Z,6.75,59.65,28.38,21.85,36.58,11.165,499
2021-12-01T00:00:00.000Z,11.93,372.88,44.13,23.8,79.5,43.667,466
2021-12-02T00:00:00.000Z,12,181.57,52.69,30.4,91.13,38.924,462
2021-12-03T00:00:00.000Z,13.38,88.13,34.42,23.33,61.95,20.69,199
2021-12-04T00:00:00.000Z,15.8,198.93,85.99,46.65,111.43,45.846,468
2021-12-05T00:00:00.000Z,13.75,191.8,66.22,43.2,118.7,50.224,155
2021-12-06T00:00:00.000Z,30.25,224.85,96.05,84.53,195.63,55.173,163
2021-12-07T00:00:00.000Z,37.15,289.08,80.56,65.75,109.18,49.866,479
2021-12-08T00:00:00.000Z,35.29,220.65,123.68,71.68,165.73,50.553,507
2021-12-09T00:00:00.000Z,38.88,231.02,111.65,81.52,162.22,46.075,525
2021-12-10T00:00:00.000Z,36.22,184.43,131.55,107.92,149.18,27.863,509
2021-12-11T00:00:00.000Z,30.65,221.85,99.03,80.18,133.13,38.034,517
2021-12-12T00:00:00.000Z,4.47,243.07,67.65,13.8,110.88,59.116,458
2021-12-13T00:00:00.000Z,6.8,131.8,50.07,17.75,76.8,34.205,464
2021-12-14T00:00:00.000Z,46.9,243.38,105.7,74.43,157.52,45.142,459
2021-12-15T00:00:00.000Z,73.38,305.27,198.13,142.88,254.88,57.969,517
2021-12-16T00:00:00.000Z,71.95,336.8,193.05,157.05,232.3,50.822,510
2021-12-17T00:00:00.000Z,8,159.88,43.7,25.78,62.61,32.805,524
2021-12-18T00:00:00.000Z,10.07,108.1,34.99,25.83,44.89,15.994,512
2021-12-19T00:00:00.000Z,11.63,235.57,57.9,31.35,90.2,41.221,531
2021-12-20T00:00:00.000Z,15.95,107.32,44.4,32.17,56.88,17.672,503
2021-12-21T00:00:00.000Z,20.05,257.63,111.45,52.48,161.19,60.672,533
2021-12-22T00:00:00.000Z,37.35,202.9,89.23,73.3,113.45,32.241,518
2021-12-23T00:00:00.000Z,48.88,266.25,116.03,93.45,140.43,35.563,479
2021-12-24T00:00:00.000Z,62.7,305.38,200.52,140.04,252.62,64.069,525
2021-12-25T00:00:00.000Z,61.9,315.2,124.35,111.85,197.18,52.353,491
2021-12-26T00:00:00.000Z,1.83,157.93,74.95,16.82,110.81,47.143,529
2021-12-27T00:00:00.000Z,1.75,47.75,17.7,12.71,24.25,9.204,549
2021-12-28T00:00:00.000Z,10.07,120.7,47.42,36.13,80.03,27.971,533
2021-12-29T00:00:00.000Z,5.07,75.4,23.38,14.15,36.92,14.784,519
2021-12-30T00:00:00.000Z,10.18,88.15,39.13,25.29,50.81,16.172,532
2021-12-31T00:00:00.000Z,18.57,99.78,56.03,42.08,67.75,17.558,548
2022-01-01T00:00:00.000Z,8.48,171.13,56.88,23.88,80.55,35.245,537
2022-01-02T00:00:00.000Z,6.35,300.3,121.8,42.02,194.01,84.215,537
2022-01-03T00:00:00.000Z,117.18,323.08,191.45,167.18,241.57,48.606,530
2022-01-04T00:00:00.000Z,28.4,428.92,82.22,68.84,123.33,103.601,545
2022-01-05T00:00:00.000Z,21.98,164.5,83.85,68.45,98.22,25.819,541
2022-01-06T00:00:00.000Z,18.27,168.65,65.8,54.05,79.75,21.653,557
2022-01-07T00:00:00.000Z,24.02,150.22,83.85,56.75,102.69,28.338,553
2022-01-08T00:00:00.000Z,31.58,198.98,87.54,69.67,112.9,35.309,512
2022-01-09T00:00:00.000Z,9.65,91.13,35.35,26.89,49.28,14.897,505
2022-01-10T00:00:00.000Z,11,133.55,37.09,25.44,63.01,28.243,504
2022-01-11T00:00:00.000Z,10.5,144.07,47.13,26.7,67.77,30.65,531
2022-01-12T00:00:00.000Z,47.5,236.05,85.95,71.04,100.9,34.056,540
2022-01-13T00:00:00.000Z,16.57,221.13,61.84,44.92,96.63,35.812,544
2022-01-14T00:00:00.000Z,132.43,325.27,209.82,180.77,231.68,31.811,518
2022-01-15T00:00:00.000Z,70.4,260.95,182.44,162.63,209.37,35.904,544
2022-01-16T00:00:00.000Z,1.75,214.5,62.72,7.82,110.73,61.195,529
2022-01-17T00:00:00.000Z,1.02,36.75,11.18,6.78,17.23,7.039,547
2022-01-18T00:00:00.000Z,13.4,175.4,52.35,31.73,72.28,28.296,535
2022-01-19T00:00:00.000Z,14.52,122.9,45.85,36.28,62.94,21.314,528
2022-01-20T00:00:00.000Z,53.83,199.18,113.78,95.38,127.05,23.414,546
2022-01-21T00:00:00.000Z,36.9,200.1,97.47,70.28,157.1,46.756,509
2022-01-22T00:00:00.000Z,56.25,275.14,119.97,106.39,154.68,37.755,528
2022-01-23T00:00:00.000Z,31.1,239.63,114.72,72.4,162.43,49.854,523
2022-01-24T00:00:00.000Z,12.4,195.2,46.11,36.58,88.05,41.867,534
2022-01-25T00:00:00.000Z,20.5,129.19,76.38,56.6,88.75,23.227,526
2022-01-26T00:00:00.000Z,37.63,668.75,80.86,71.55,92.25,36.259,494
2022-01-27T00:00:00.000Z,23.65,226.63,55,44.38,78.72,22.889,491
2022-01-28T00:00:00.000Z,14.2,105.85,55.03,41.8,62.65,17.831,521
2022-01-29T00:00:00.000Z,1.4,137.47,6.95,4.8,22.6,34.975,523
2022-01-30T00:00:00.000Z,3,73.03,19.76,9.74,34.65,15.795,540
2022-01-31T00:00:00.000Z,1.5,33.6,9.02,5.72,14.25,6.067,542
2022-02-01T00:00:00.000Z,4.38,37,17,13.5,20.82,5.353,509
2022-02-02T00:00:00.000Z,2.25,72.06,7.9,5.77,11.61,7.993,525
2022-02-03T00:00:00.000Z,5,54.38,19.39,15.2,24.8,8.938,495
2022-02-04T00:00:00.000Z,9.68,116.78,33.64,20.52,40.53,13.506,526
2022-02-05T00:00:00.000Z,18.25,118.68,62.05,44.75,77.78,20.967,535
2022-02-06T00:00:00.000Z,24.25,133.8,68.2,56.64,90.25,20.595,541
2022-02-07T00:00:00.000Z,30.38,182.13,94.8,67,137.3,40.064,530
2022-02-08T00:00:00.000Z,3.67,78.45,26.23,11.6,41.17,17.402,530
2022-02-09T00:00:00.000Z,3.65,50.72,20.45,15.07,26.58,9.552,518
2022-02-10T00:00:00.000Z,25.88,150.68,83.13,65.36,96.87,23.082,513
2022-02-11T00:00:00.000Z,21.98,268.39,78.8,54,133.53,52.774,522
2022-02-12T00:00:00.000Z,3.07,64.3,18.84,10.77,34,13.579,534
2022-02-13T00:00:00.000Z,0.98,44.08,8.07,3.8,17.2,8.839,546
2022-02-14T00:00:00.000Z,5.45,90.25,51.4,24.05,71.7,23.97,547
2022-02-15T00:00:00.000Z,29.67,137.1,67.75,54.38,79.65,19.498,559
2022-02-16T00:00:00.000Z,53.45,223.2,126.81,105.88,139.74,32.549,540
2022-02-17T00:00:00.000Z,6.97,277.2,132.05,95.8,179.77,59.62,543
2022-02-18T00:00:00.000Z,0.4,190.6,35.14,10.88,76.03,42.431,544
2022-02-19T00:00:00.000Z,0.6,98.3,3.99,2.5,10.39,11.786,548
2022-02-20T00:00:00.000Z,1.7,74.73,7.55,5.4,11.29,10.834,544
2022-02-21T00:00:00.000Z,2.02,22.08,7.3,5.67,9.44,2.983,552
2022-02-22T00:00:00.000Z,4.72,34.08,11.02,9.05,13.6,4.508,547
2022-02-23T00:00:00.000Z,7.07,83.85,21.95,15.3,38.5,18.019,551
2022-02-24T00:00:00.000Z,7.5,139.85,52.13,28.98,65.78,27.62,547
2022-02-25T00:00:00.000Z,17.6,143.32,71.03,55.9,87.03,24.87,542
2022-02-26T00:00:00.000Z,51.17,265.5,148.88,115.58,199.87,46.171,553
2022-02-27T00:00:00.000Z,54,297.42,187.48,154.52,215,45.734,538
2022-02-28T00:00:00.000Z,26.13,247.73,121.26,101.88,141.77,43.499,534
2022-03-01T00:00:00.000Z,75.9,282.02,165.44,104.18,198.68,51.462,554
2022-03-02T00:00:00.000Z,20.83,318.38,166.48,104.65,209.23,71.261,446
2022-03-03T00:00:00.000Z,15.75,224.7,64.38,46.37,92.93,58.33,368
2022-03-04T00:00:00.000Z,30.67,274.75,70.31,59.79,77.61,17.951,245
2022-03-05T00:00:00.000Z,21.42,177.3,67.91,51.65,84.6,20.952,278
2022-03-06T00:00:00.000Z,6.78,134,47.97,37.95,73.5,25.753,91
2022-03-07T00:00:00.000Z,19.23,187.2,58.4,29.13,88.25,48.573,99
2022-03-08T00:00:00.000Z,7.82,188,40.42,33.54,48.22,38.825,235
2022-03-09T00:00:00.000Z,16.7,80.68,53.45,44.83,63.89,13.032,257
2022-03-10T00:00:00.000Z,13.68,80.7,42.13,35.1,49.95,11.824,246
2022-03-11T00:00:00.000Z,15.85,94.97,50.55,45.36,61.04,12.098,269
2022-03-12T00:00:00.000Z,14.57,74.03,49.83,41.53,55.67,12,223
2022-03-13T00:00:00.000Z,10.65,92.28,51.45,37.2,61.2,16.769,191
2022-03-14T00:00:00.000Z,32.28,156.4,51.17,45.4,60.5,19.651,155
2022-03-15T00:00:00.000Z,33.35,174.98,119.68,60.67,142.77,42.163,187
2022-03-16T00:00:00.000Z,27.6,114,56.25,42.15,80.53,20.239,266
2022-03-17T00:00:00.000Z,43.17,130.8,65.7,55.26,86.25,19.675,305
2022-03-18T00:00:00.000Z,22.7,167.6,81.4,59.84,95.51,24.668,413
2022-03-19T00:00:00.000Z,21.15,479.92,60.83,53.17,70.47,45.646,471
2022-03-20T00:00:00.000Z,26.65,126.6,53.13,44.08,70.72,15.22,486
2022-03-21T00:00:00.000Z,41.08,188.65,75.38,59.45,108.7,33.841,525
2022-03-22T00:00:00.000Z,2.78,187.35,66.7,49.25,99.32,40.032,555
2022-03-23T00:00:00.000Z,2.4,84.78,14.2,7.7,23.9,20.548,536
2022-03-24T00:00:00.000Z,49.28,144.63,79.7,63.16,98.99,22.145,536
2022-03-25T00:00:00.000Z,47.22,247.07,123.24,74.95,161.43,46.099,554
2022-03-26T00:00:00.000Z,27.67,264.45,98.32,56.64,149.81,55.136,517
2022-03-27T00:00:00.000Z,7.57,87.7,18.98,15.63,24.83,12.129,531
2022-03-28T00:00:00.000Z,12.13,115.63,49.15,27.82,75.79,25.648,552
2022-03-29T00:00:00.000Z,35.1,327.75,88.1,75.55,108.1,36.444,542
2022-03-30T00:00:00.000Z,18.05,233.52,65.01,52.53,148.88,53.893,530
2022-03-31T00:00:00.000Z,1.12,241.68,124.43,6.3,162.82,75.881,548
2022-04-01T00:00:00.000Z,1.65,19.8,7.12,5.14,9.55,3.277,524
2022-04-02T00:00:00.000Z,1.42,113.93,14.82,7.78,22.27,14.119,495
2022-04-03T00:00:00.000Z,5.07,217.65,26.72,17.39,36.38,19.555,552
2022-04-04T00:00:00.000Z,12.05,124.1,38.6,30.85,46.85,17.014,553
2022-04-05T00:00:00.000Z,19.95,138.82,57.6,47.2,74.47,19.927,555
2022-04-06T00:00:00.000Z,63.72,218.05,100.85,89.48,111.25,23.014,125
2022-04-12T00:00:00.000Z,20.5,98.78,40.92,31.63,69.78,20.791,419
2022-04-13T00:00:00.000Z,32,171.57,76.22,64.88,94.49,22.486,525
2022-04-14T00:00:00.000Z,21.45,97.68,48.53,40.88,64.25,16.791,459
2022-04-15T00:00:00.000Z,19.64,114.38,58.84,45.05,74.84,18.168,462
2022-04-16T00:00:00.000Z,4.22,152.3,18.38,11.29,39.04,19.569,493
2022-04-17T00:00:00.000Z,0.56,44.4,8.9,4.18,14.68,6.38,528
2022-04-18T00:00:00.000Z,1.4,69.53,19.52,9.8,27.7,11.186,531
2022-04-19T00:00:00.000Z,7.22,82.38,25.4,18.6,35.67,13.289,262
2022-04-20T00:00:00.000Z,34.97,148.3,93.43,72.15,108.1,26.907,261
2022-04-21T00:00:00.000Z,44.22,117.78,88.91,77.84,98.09,15.112,224
2022-04-22T00:00:00.000Z,20.9,110.47,53,46.45,64.97,19.797,243
2022-04-23T00:00:00.000Z,18.13,87.68,46.55,36.35,57.37,13.765,254
2022-04-24T00:00:00.000Z,15.95,98.37,56.07,40.22,69.4,18.556,262
2022-04-25T00:00:00.000Z,17.27,102.8,43.07,34.42,72.93,21.959,242
2022-04-26T00:00:00.000Z,14.07,97.13,50.2,32.34,63.74,18.59,252
2022-04-27T00:00:00.000Z,14.73,67.05,35.95,28.14,45.55,10.442,265
2022-04-28T00:00:00.000Z,8.19,99.53,39.99,33.83,44.76,12.051,256
2022-04-29T00:00:00.000Z,14.8,77.13,46.15,38.17,54.1,11.601,258
2022-04-30T00:00:00.000Z,0.5,75.31,19.17,12.24,27.49,15.762,256
2022-05-01T00:00:00.000Z,0.5,18.27,5.08,2.6,7.88,3.69,238
2022-05-02T00:00:00.000Z,4.32,55.83,19.39,10.44,38.58,14.945,220
2022-05-03T00:00:00.000Z,5.7,129.93,26.28,13.09,36,17.726,216
2022-05-04T00:00:00.000Z,10.98,119.88,48.1,29,74.81,26.694,251
2022-05-05T00:00:00.000Z,21.58,105.93,45.64,39.59,56.08,14.2,240
2022-05-06T00:00:00.000Z,15.43,118.95,47,29.27,56.75,22.153,255
2022-05-07T00:00:00.000Z,4.4,72.5,25.95,16.63,39.08,14.26,263
2022-05-08T00:00:00.000Z,5.88,56.17,22.98,17.98,27.97,8.045,244
2022-05-09T00:00:00.000Z,7.47,97.65,25.46,19.69,33.65,13.257,240
2022-05-10T00:00:00.000Z,11.27,94.35,26.34,22.92,30.27,8.288,220
2022-05-12T00:00:00.000Z,10.9,94.35,55.4,41.34,67.01,18.812,117
2022-05-13T00:00:00.000Z,3.57,77.34,22.52,10.15,43.05,18.343,243
2022-05-14T00:00:00.000Z,5.43,161.52,74.08,54.97,109.75,39.585,250
2022-05-15T00:00:00.000Z,1.55,94.53,6.33,4.22,10.89,20.04,244
2022-05-16T00:00:00.000Z,1.48,77.95,17.64,5.8,25.46,11.627,245
2022-05-17T00:00:00.000Z,4.9,59.22,26.13,18.05,33.33,11.25,249
2022-05-18T00:00:00.000Z,10.48,46.6,23.12,19.2,29.17,7.457,150
2022-05-20T00:00:00.000Z,16.45,69.7,36.82,33.38,43.6,9.716,102
2022-05-21T00:00:00.000Z,29.08,94.32,51.78,43.44,60.57,12.56,233
2022-05-22T00:00:00.000Z,2.95,62.28,11.55,7.5,21.15,17.064,246
2022-05-23T00:00:00.000Z,0.8,68,7.53,4.65,10.38,7.356,241
2022-05-24T00:00:00.000Z,2.77,121.93,50.97,27.07,70.23,27.75,245
2022-05-25T00:00:00.000Z,32.72,183.68,90.47,55.87,106.43,31.879,241
2022-05-26T00:00:00.000Z,9.02,114.07,38.17,21.2,57.69,21.467,244
2022-05-27T00:00:00.000Z,5.18,75,27.72,22.27,33.54,11.607,240
2022-05-28T00:00:00.000Z,10,62.42,24.84,19.6,32.1,8.791,238
2022-05-29T00:00:00.000Z,4,80.3,30.13,19.98,37.22,12.421,221
2022-05-30T00:00:00.000Z,1.85,179.2,17.05,8.15,31.65,17.918,231
2022-05-31T00:00:00.000Z,4.09,88.65,36.89,29.27,50.47,15.349,232
2022-06-01T00:00:00.000Z,3.6,73.65,25.42,20.48,32.92,12.025,242
2022-06-02T00:00:00.000Z,2.02,38.72,18.73,11.23,22.8,8.256,90
2022-06-03T00:00:00.000Z,3.75,44.15,18.64,13.98,23.77,7.934,156
2022-06-04T00:00:00.000Z,5.85,61.38,21.5,15.36,31.27,10.518,209
2022-06-05T00:00:00.000Z,6.45,48.92,20.13,12.88,32.36,10.431,193
2022-06-06T00:00:00.000Z,0.9,46.05,8.4,3.33,15.73,11.535,182
2022-06-07T00:00:00.000Z,2.65,83.2,12.7,9.32,29.8,20.528,183
2022-06-08T00:00:00.000Z,2.85,77.63,28.56,15.4,39.19,18.93,244
2022-06-09T00:00:00.000Z,16.3,1048.03,40.88,32.29,71.29,114.659,241
2022-06-10T00:00:00.000Z,13.85,67.88,25.11,19.54,34.92,11.721,236
2022-06-11T00:00:00.000Z,24.5,96.4,56.95,45.2,68.68,15.915,226
2022-06-12T00:00:00.000Z,11.65,95.28,29.75,22.22,43.88,15.786,236
2022-06-13T00:00:00.000Z,1.75,51.03,15.82,10.43,20.5,8.783,215
2022-06-14T00:00:00.000Z,3.53,28.38,10.21,7.7,13.3,4.497,186
2022-06-15T00:00:00.000Z,3.55,52.22,12.3,9.03,20.14,10.155,229
2022-06-16T00:00:00.000Z,1.52,84.22,11.55,7.05,15.6,10.777,239
2022-06-17T00:00:00.000Z,3.03,86.53,10.52,7.34,20.18,15.263,193
2022-06-18T00:00:00.000Z,1.6,49.45,8.94,6.05,15.57,11.653,242
2022-06-19T00:00:00.000Z,0.55,136.9,9.15,3.65,17.1,31.27,227
2022-06-20T00:00:00.000Z,1.35,114.8,14.38,4.8,24.24,21.757,196
2022-06-21T00:00:00.000Z,1.33,144.69,11.95,6.35,22.63,31.143,183
2022-06-22T00:00:00.000Z,2.15,75.2,20.9,13.41,29.09,14.82,173
2022-06-23T00:00:00.000Z,8.32,120.65,38.13,23.73,57.04,23.235,157
2022-06-24T00:00:00.000Z,2.78,36.78,14.59,11.55,19.66,6.699,244
2022-06-25T00:00:00.000Z,3.1,34.6,13.18,10.23,17.55,5.905,255
2022-06-26T00:00:00.000Z,4.97,42.03,16.84,14.2,20.13,5.207,254
2022-06-27T00:00:00.000Z,0.73,48.65,14.72,5.99,23.57,11.992,252
2022-06-28T00:00:00.000Z,2.52,72.8,16.98,10.7,25.23,14.277,250
2022-06-29T00:00:00.000Z,2.2,107.15,54.28,21.45,63.55,24.24,254
2022-06-30T00:00:00.000Z,3.63,108.57,33.4,19.59,60.66,22.188,257
2022-07-01T00:00:00.000Z,4.3,46.38,15.93,12.66,21.73,7.621,252
2022-07-02T00:00:00.000Z,2.08,89.2,9.93,7.85,13.18,8.316,255
2022-07-03T00:00:00.000Z,4,55.4,17.3,12.77,23.45,7.532,235
2022-07-04T00:00:00.000Z,6.9,58.08,26.17,16.77,34.95,11.154,242
2022-07-05T00:00:00.000Z,1.1,35.7,12.85,7.57,17.48,6.899,253
2022-07-06T00:00:00.000Z,5.47,118.28,47.84,12.52,69.43,29.029,254
2022-07-07T00:00:00.000Z,3.72,33.29,11.24,8.43,15.57,5.849,160
2022-07-08T00:00:00.000Z,11.02,85.95,30.3,23.92,39.74,11.543,257
2022-07-09T00:00:00.000Z,7.25,105.93,25.29,20.17,35.97,11.79,262
2022-07-10T00:00:00.000Z,10.65,72.59,25.54,22.37,32.58,9.668,248
2022-07-11T00:00:00.000Z,3.28,41.7,12.68,9.8,18.6,8.227,255
2022-07-12T00:00:00.000Z,1.63,39.83,14.02,8.8,19.85,8.064,255
2022-07-13T00:00:00.000Z,3.6,49.37,14.73,8.82,20.13,8.195,235
2022-07-14T00:00:00.000Z,1.27,42.03,8.5,6,12.52,7.508,247
2022-07-15T00:00:00.000Z,4.63,44.38,15.6,11.82,20.48,5.944,251
2022-07-16T00:00:00.000Z,3.7,23.92,10.43,7.94,12.75,3.926,252
2022-07-17T00:00:00.000Z,5.88,31.52,15.64,12.18,19.55,4.934,258
2022-07-18T00:00:00.000Z,1.17,41.3,14.95,7.99,22.84,9.555,253
2022-07-19T00:00:00.000Z,1.02,61.17,12.13,9.98,15.5,9.091,263
2022-07-20T00:00:00.000Z,4.53,60.85,12.4,8.77,18.52,9.482,259
2022-07-21T00:00:00.000Z,3.22,59.22,13.06,7.38,18.57,9.156,242
2022-07-22T00:00:00.000Z,1.52,87.03,11.94,7.15,20.14,17.835,256
2022-07-23T00:00:00.000Z,4.47,71.95,16.85,10.84,24.06,14.785,257
2022-07-24T00:00:00.000Z,3.85,36.28,12.25,8.27,18.3,6.851,255
2022-07-25T00:00:00.000Z,3.72,29.92,13.38,8.65,17.55,5.542,269
2022-07-26T00:00:00.000Z,4.32,31.92,14.25,10.5,18.17,5.249,277
2022-07-27T00:00:00.000Z,5.28,52.08,16.35,12.84,21.3,6.531,277
2022-07-28T00:00:00.000Z,14.02,46.22,28.04,21.97,34.17,7.377,268
2022-07-29T00:00:00.000Z,8.93,63.4,28.27,24.82,31.34,7.288,261
2022-07-30T00:00:00.000Z,4.78,55.75,20.35,13.82,29.45,11.156,267
2022-07-31T00:00:00.000Z,4.78,73.63,18.5,15.1,25.45,10.012,263
2022-08-01T00:00:00.000Z,5.32,56.85,19.2,12.15,32.03,13.125,243
2022-08-02T00:00:00.000Z,4.65,42.05,17.84,13.1,22.33,7.082,254
2022-08-03T00:00:00.000Z,4.34,55.3,17.55,12.68,23.35,9.413,261
2022-08-04T00:00:00.000Z,3.47,52.58,17.3,11.89,25.89,12.234,225
2022-08-05T00:00:00.000Z,3.42,90.82,23.54,15,36.07,16.58,264
2022-08-06T00:00:00.000Z,3.28,54.35,11.95,6.97,28.14,12.909,260
2022-08-07T00:00:00.000Z,3.4,36.88,17.39,11.15,20.74,6.786,201
2022-08-08T00:00:00.000Z,4,40.28,11.98,9.69,15.55,5.817,235
2022-08-09T00:00:00.000Z,7.1,70.75,21.48,14.8,32.6,11.153,267
2022-08-10T00:00:00.000Z,1,26.33,8.82,4.51,16.2,6.761,225
2022-08-11T00:00:00.000Z,0.5,53.35,8.15,5.15,13.77,9.685,209
2022-08-12T00:00:00.000Z,1.42,103.22,43.09,23.67,57.58,23.847,238
2022-08-13T00:00:00.000Z,11.43,101.8,35.97,28.42,41.67,14.56,270
2022-08-14T00:00:00.000Z,0.52,69.34,15.88,6.53,30.48,17.707,251
2022-08-15T00:00:00.000Z,7.68,50.35,17.88,14.8,21.47,7.68,203
2022-08-16T00:00:00.000Z,6.25,35.72,19.02,15.57,23.92,5.684,259
2022-08-17T00:00:00.000Z,9.65,70.97,20.3,15.47,26.1,11.011,204
2022-08-18T00:00:00.000Z,9.98,80.95,34.67,20.98,56.03,18.473,226
2022-08-19T00:00:00.000Z,2.2,96.28,45.05,21.27,54.6,21.783,266
2022-08-20T00:00:00.000Z,5.07,39.83,13,9.1,16.95,6.605,250
2022-08-21T00:00:00.000Z,0.85,48.75,9.16,4.8,18.75,10.057,238
2022-08-22T00:00:00.000Z,1.8,69.9,13.67,6.02,18.73,13.491,164
2022-08-23T00:00:00.000Z,11.57,110.22,25.08,20.98,40.65,21.688,245
2022-08-24T00:00:00.000Z,28.3,102.68,65.3,51.4,78.9,17.344,222
2022-08-25T00:00:00.000Z,1.95,49.03,7.88,5.77,12.13,10.378,245
2022-08-26T00:00:00.000Z,1.65,27.17,9.32,6.41,12.33,4.082,229
2022-08-30T00:00:00.000Z,3.95,41.9,16.95,11.6,23.77,8.332,167
2022-08-31T00:00:00.000Z,6.82,78.22,25.95,15.69,37.4,14.327,257
2022-09-01T00:00:00.000Z,9.3,65.3,18.61,15.13,24.5,8.466,238
2022-09-02T00:00:00.000Z,14.6,64.9,30.25,22.87,44.76,12.493,225
2022-09-03T00:00:00.000Z,27.45,99.88,40.54,35.17,47.42,9.365,187
2022-09-04T00:00:00.000Z,4.75,54.03,11.23,9.16,17.88,8.733,117
2022-09-05T00:00:00.000Z,7.28,57.75,21.5,13.35,30.45,10.492,176
2022-09-06T00:00:00.000Z,6.68,87.05,26.42,15.02,42.97,17.959,243
2022-09-07T00:00:00.000Z,3.8,82.53,39.63,18.64,49.09,17.457,229
2022-09-08T00:00:00.000Z,5.28,50.8,13.75,10.38,19.48,7.142,171
2022-09-09T00:00:00.000Z,8.27,58.47,38.4,28.5,43.29,9.986,244
2022-09-10T00:00:00.000Z,13.23,67.09,38.58,32.47,44.7,9.083,234
2022-09-11T00:00:00.000Z,2.63,58.53,26.57,9.8,36.7,14.585,238
2022-09-12T00:00:00.000Z,16.6,66.84,39.29,29.45,45.6,10.633,217
2022-09-13T00:00:00.000Z,26.73,142,55.1,35.83,83.9,29.413,227
2022-09-14T00:00:00.000Z,24.1,125.68,42.7,36.22,88.45,29.176,239
2022-09-15T00:00:00.000Z,13.7,72.18,37.35,30.63,45.4,11.821,239
2022-09-16T00:00:00.000Z,3.13,90.45,30.55,24.6,52.6,21.582,235
2022-09-17T00:00:00.000Z,7.13,62.6,27.92,17.85,40.67,13.613,225
2022-09-18T00:00:00.000Z,7.28,131.94,20.55,14.93,53.32,30.686,245
2022-09-19T00:00:00.000Z,11.52,111.3,48.2,35.07,67.7,21.972,245
2022-09-20T00:00:00.000Z,6.6,133.88,36.54,27.51,46.64,16.649,212
2022-09-21T00:00:00.000Z,22.42,183.65,49.9,36.92,77.18,29.525,223
2022-09-22T00:00:00.000Z,9.88,56.13,19.69,15.93,28.27,9.39,238
2022-09-23T00:00:00.000Z,12.85,56.95,28.83,22.22,34.99,8.163,232
2022-09-24T00:00:00.000Z,19.27,62.78,35.47,30.66,41.36,8.399,241
2022-09-25T00:00:00.000Z,14.32,57.58,30.21,24.48,37.85,9.108,222
2022-09-26T00:00:00.000Z,16.35,150.13,78.72,36.95,114.53,39.922,223
2022-09-27T00:00:00.000Z,36.2,135.8,60.57,46.5,81.36,21.663,236
2022-09-28T00:00:00.000Z,28.73,101.7,50.2,44.22,57.72,12.624,231
2022-09-29T00:00:00.000Z,12.68,62.58,28.42,23.13,36.58,9.617,222
2022-09-30T00:00:00.000Z,3.22,42.45,24.2,13.53,29.26,9.829,233
2022-10-01T00:00:00.000Z,1.95,70.38,9.69,6.8,16.26,11.75,221
2022-10-02T00:00:00.000Z,2.1,93.75,11.02,5.13,23.85,16.945,130
2022-10-03T00:00:00.000Z,6.8,66.97,34.03,21.14,47.92,16.299,128
2022-10-04T00:00:00.000Z,13.68,78.03,33.72,23.04,41.75,11.998,173
2022-10-05T00:00:00.000Z,14.55,97.53,37.92,31.52,52.35,17.889,170
2022-10-06T00:00:00.000Z,8.13,101.6,34.09,17.95,49.7,22.349,182
2022-10-14T00:00:00.000Z,31.95,101.88,52.45,45.9,70.13,16.326,104
2022-10-15T00:00:00.000Z,7.85,141.77,49.79,18.2,68.59,31.99,258
2022-10-16T00:00:00.000Z,10.5,81.45,22.75,17.8,51,20.004,210
2022-10-17T00:00:00.000Z,13.3,91.8,29.7,21.4,47.13,18.465,251
2022-10-18T00:00:00.000Z,14.25,109.6,28.07,22.63,56.15,25.449,170
2022-10-21T00:00:00.000Z,4.09,34.54,11.78,8.9,17.95,6.17,244
2022-10-22T00:00:00.000Z,5.8,107.43,27.32,13.35,52.35,24.273,258
2022-10-23T00:00:00.000Z,13.8,157.03,61.05,24.48,120.82,48.543,250
2022-10-24T00:00:00.000Z,21.65,152.47,57.45,40.67,85.05,28.619,239
2022-10-25T00:00:00.000Z,25.25,142.35,74.75,62.35,85.12,22.019,241
2022-10-26T00:00:00.000Z,29.63,160.52,102.15,61.97,123.53,35.163,246
2022-10-27T00:00:00.000Z,18.17,61.42,35,30.05,42.47,8.592,242
2022-10-28T00:00:00.000Z,14.77,134.5,61.75,33.61,97.29,34.748,241
2022-10-29T00:00:00.000Z,43.55,164.95,102.05,64.77,128.61,33.388,233
2022-10-30T00:00:00.000Z,13.35,121.82,42.72,34.04,59.15,22.676,239
2022-10-31T00:00:00.000Z,4.22,38.67,12.76,9.64,17.68,6.831,244
2022-11-01T00:00:00.000Z,3.22,85.7,26.19,11.04,55.13,24.601,240
2022-11-02T00:00:00.000Z,8.07,193.7,33.89,21.55,117.24,49.167,236
2022-11-03T00:00:00.000Z,12.9,180.23,79.37,44.32,107.59,38.922,264
2022-11-04T00:00:00.000Z,20.13,162.03,55.31,32.84,67.97,33.098,240
2022-11-05T00:00:00.000Z,25.83,143.18,54.67,39.17,65.47,26.339,248
2022-11-06T00:00:00.000Z,44.3,142.05,80.06,65.68,94.95,18.187,251
2022-11-07T00:00:00.000Z,43,168.98,94.6,66.31,124.45,32.435,242
2022-11-08T00:00:00.000Z,57.05,272.75,91.6,74.5,120.1,40.313,230
2022-11-09T00:00:00.000Z,24.02,269.75,68.34,39.83,92.19,46.943,244
2022-11-10T00:00:00.000Z,30.83,215.05,123.6,82.85,146.07,43.064,251
2022-11-11T00:00:00.000Z,19,146.9,52.54,38.67,66.4,20.942,232
2022-11-12T00:00:00.000Z,18.57,75.97,41.55,35.13,52.13,12.154,237
2022-11-13T00:00:00.000Z,30.1,143.19,54.64,47.75,68.3,18.24,242
2022-11-14T00:00:00.000Z,33.83,186.5,66.55,52.38,81.13,25.363,239
2022-11-15T00:00:00.000Z,47.25,134.77,81.81,61.02,114.79,27.892,56
2022-11-16T00:00:00.000Z,17.89,48.25,36.04,30,40.79,7.222,95
2022-11-17T00:00:00.000Z,5.63,95.93,28.49,19.34,39.32,13.452,240
2022-11-18T00:00:00.000Z,15,54.25,28.49,22.67,33.38,7.374,230
2022-11-19T00:00:00.000Z,15.27,64.9,31.85,26.49,37.24,9.09,229
2022-11-20T00:00:00.000Z,12.63,145.9,48.78,33.6,66.27,23.418,233
2022-11-21T00:00:00.000Z,26.05,185.75,86.17,45.72,103.75,34.324,238
2022-11-22T00:00:00.000Z,33.1,136.93,69.5,47.83,106.22,30.78,239
2022-11-23T00:00:00.000Z,24.52,81.97,49.68,39.78,60.91,13.242,240
2022-11-24T00:00:00.000Z,9.32,58.33,21.98,18.1,27.48,7.906,243
2022-11-25T00:00:00.000Z,21.75,111.3,58.06,42.43,76.54,21.093,236
2022-11-26T00:00:00.000Z,28.58,145.35,65.15,51.97,78.38,21.806,243
2022-11-27T00:00:00.000Z,3.97,67.47,15.55,11.48,22.95,9.409,253
2022-11-28T00:00:00.000Z,9.02,51.3,24.8,20.98,28.15,6.304,234
2022-11-29T00:00:00.000Z,13.93,81.3,26.15,21.22,36.74,12.406,201
2022-11-30T00:00:00.000Z,0.8,50.9,12.25,4.34,20.61,9.708,232
2022-12-01T00:00:00.000Z,1.42,24.15,6.36,4.59,10.3,3.992,222
2022-12-02T00:00:00.000Z,2.08,62.83,14.77,8.4,21.73,11.178,263
2022-12-03T00:00:00.000Z,6.47,113.6,57.67,27.7,74.93,25.686,263
2022-12-04T00:00:00.000Z,2.22,33.83,10.79,6.1,15.4,6.234,254
2022-12-05T00:00:00.000Z,1.07,72.5,19.67,6.28,36.92,18.145,242
2022-12-06T00:00:00.000Z,16.64,157.27,85.47,46.72,129.27,42.582,253
2022-12-07T00:00:00.000Z,38.13,114.47,66.63,57.58,76.59,14.67,250
2022-12-08T00:00:00.000Z,18.7,89.57,49.15,38.58,62.47,15.208,250
2022-12-09T00:00:00.000Z,25.5,123.57,62.25,49.33,81.36,20.659,245
2022-12-10T00:00:00.000Z,19.35,112.68,64.34,40.2,84.67,24.729,254
2022-12-11T00:00:00.000Z,35.22,152.8,78.15,60.75,99.85,26.504,255
2022-12-12T00:00:00.000Z,24.6,196.48,93.37,44.35,120.17,44.051,237
2022-12-13T00:00:00.000Z,38.72,156.68,78.8,58.83,112.67,31.141,247
2022-12-14T00:00:00.000Z,21,198.73,85.75,39.47,136.07,50.484,243
2022-12-15T00:00:00.000Z,20.25,206.52,104.98,74.31,148.12,45.459,248
2022-12-16T00:00:00.000Z,22.55,232.05,95.27,65.38,148.22,50.696,246
2022-12-17T00:00:00.000Z,8.63,65.13,27.02,19.69,36.49,12.615,248
2022-12-18T00:00:00.000Z,10.15,142.4,64.9,23.48,87.82,35.75,247
2022-12-19T00:00:00.000Z,28.95,176.98,77.03,63.17,111.3,30.239,247
2022-12-20T00:00:00.000Z,27.77,163.43,96.62,75.53,120.03,31.694,254
2022-12-21T00:00:00.000Z,24.63,261.52,88.86,48.49,135.4,51.856,240
2022-12-22T00:00:00.000Z,39.72,192.23,76.08,65.38,95.4,30.702,240
2022-12-23T00:00:00.000Z,18.23,144.32,49.13,33.61,59.74,26.749,185
2022-12-24T00:00:00.000Z,36.53,176.43,74.43,56.2,87.85,30.59,222
2022-12-25T00:00:00.000Z,17.17,182.4,66.13,42.74,87.83,38.612,233
2022-12-26T00:00:00.000Z,75.3,129.44,108,93.1,114.4,13.384,53
2022-12-27T00:00:00.000Z,47.08,108,63.5,55.25,70.78,12.342,77
2022-12-28T00:00:00.000Z,2.75,98.38,14.04,6.95,52.83,27.186,222
2022-12-29T00:00:00.000Z,7.47,38.17,21.58,19.19,25.2,4.641,232
2022-12-30T00:00:00.000Z,14.88,119.28,37.15,24.75,54.22,24.882,211
2022-12-31T00:00:00.000Z,28.85,116.6,60.08,49.3,68.05,15.16,214
2023-01-01T00:00:00.000Z,31.13,224.5,74.94,59.55,100.09,38.849,232
2023-01-02T00:00:00.000Z,28.52,184.98,60.63,51.17,72.84,22.89,234
2023-01-03T00:00:00.000Z,22.6,227.3,68.9,46.28,125.9,47.377,203
2023-01-04T00:00:00.000Z,73.25,313.42,118.94,108.82,131.82,35.976,224
2023-01-05T00:00:00.000Z,26.7,149.8,70.63,49.54,96.49,28.686,233
2023-01-06T00:00:00.000Z,18.25,68.03,36.69,31.48,41.9,8.585,238
2023-01-07T00:00:00.000Z,20.5,258,82.88,50.28,157.94,65.944,227
2023-01-08T00:00:00.000Z,57.22,206.48,109.63,99.16,120.85,22.322,241
2023-01-09T00:00:00.000Z,98.22,305.02,194.45,168.46,211.2,42.554,233
2023-01-10T00:00:00.000Z,62.15,295.42,108.43,94.35,136.86,50.912,245
2023-01-11T00:00:00.000Z,24.45,237.93,81.22,56.6,111.99,39.571,233
2023-01-12T00:00:00.000Z,13.1,120.85,66.05,53.9,77.39,19.13,244
2023-01-13T00:00:00.000Z,33.6,156.07,62.5,52.13,88.28,28.24,227
2023-01-14T00:00:00.000Z,45.42,247.2,106.55,83.78,132.1,38.741,242
2023-01-15T00:00:00.000Z,5.63,121.03,19.77,13.29,45.85,33.369,217
2023-01-16T00:00:00.000Z,7.8,86.88,34.57,20.85,41.45,12.404,236
2023-01-17T00:00:00.000Z,17.64,89.9,39.5,32.86,49.13,11.687,241
2023-01-18T00:00:00.000Z,15.7,155.82,44.2,30.75,106.6,42.02,213
2023-01-19T00:00:00.000Z,31.45,201.43,87.15,62.67,109.19,33.455,252
2023-01-20T00:00:00.000Z,71.3,230.15,160.16,124.54,183.76,38.412,252
2023-01-21T00:00:00.000Z,36.54,299.39,161.24,114.93,216.4,59.899,238
2023-01-22T00:00:00.000Z,104.9,274.48,171.46,133.3,208.37,42.664,262
2023-01-23T00:00:00.000Z,10.77,236.3,65.19,44.28,76.2,44.781,222
2023-01-24T00:00:00.000Z,11.9,73.56,32.97,25.38,40.47,11.498,246
2023-01-25T00:00:00.000Z,18.43,113.93,59.92,46.39,76.76,19.878,233
2023-01-26T00:00:00.000Z,17.98,178.47,82.37,51.53,98.38,32.887,255
2023-01-27T00:00:00.000Z,16.5,98.1,44.15,33.63,55.8,18.339,207
2023-01-28T00:00:00.000Z,17.02,260.77,37.78,31.74,58.92,22.551,225
2023-01-29T00:00:00.000Z,21.58,295.05,59.03,40.22,75.41,33.622,241
2023-01-30T00:00:00.000Z,29.48,149.97,84.23,54.85,109.41,29.778,236
2023-01-31T00:00:00.000Z,24.45,123.77,52.58,42.87,66.8,15.877,229
2023-02-01T00:00:00.000Z,37.97,168.27,71.19,57.2,91.38,22.299,238
2023-02-02T00:00:00.000Z,47.13,283.7,101.62,75.84,143.05,64.235,230
2023-02-03T00:00:00.000Z,8.68,837.3,40.74,26.8,55.1,65.844,184
2023-02-04T00:00:00.000Z,18.14,192.45,56.1,43.45,92.55,34.917,238
2023-02-05T00:00:00.000Z,10.25,86.8,47.08,34.7,57.36,15.685,228
2023-02-06T00:00:00.000Z,24.65,172.4,65.4,43.11,111,39.806,209
2023-02-07T00:00:00.000Z,23.7,127.53,44.24,34.28,83.57,29.027,216
2023-02-08T00:00:00.000Z,24.1,61.83,36.29,30.83,42.17,7.542,196
2023-02-09T00:00:00.000Z,28.05,81.59,44.83,38.92,57.71,12.432,233
2023-02-10T00:00:00.000Z,29.1,106.93,50.09,40.95,61.15,14.162,228
2023-02-11T00:00:00.000Z,34.92,92.88,55.55,47.95,65.45,11.935,191
2023-02-12T00:00:00.000Z,40.54,145.32,68.63,55.4,81.09,19.54,219
2023-02-13T00:00:00.000Z,14.97,93.78,57.36,46.97,74.36,19.066,168
2023-02-14T00:00:00.000Z,15.6,62.7,35.45,30.77,41.27,9.185,226
2023-02-15T00:00:00.000Z,16.48,79.03,46.07,35.92,51.01,13.092,193
2023-02-16T00:00:00.000Z,45.08,118.05,73.2,67.06,83.8,12.773,199
2023-02-17T00:00:00.000Z,56.3,207.1,126.97,77.63,167.1,45.613,203
2023-02-18T00:00:00.000Z,33.2,143.13,74.3,65.56,87.07,18.989,230
2023-02-19T00:00:00.000Z,16.47,192.43,53.34,31.85,94.25,36.578,216
2023-02-20T00:00:00.000Z,28,147.75,83.57,50.72,99.78,27.749,239
2023-02-21T00:00:00.000Z,46.28,139.32,76.48,61.28,104.5,23.068,242
2023-02-22T00:00:00.000Z,15.27,415.52,59.15,39.72,124.25,73.995,204
2023-02-23T00:00:00.000Z,27.52,183.63,62.2,47.75,74.56,22.739,187
2023-02-24T00:00:00.000Z,9.18,1824.07,27.99,19.45,92.13,168.909,238
2023-02-25T00:00:00.000Z,8.82,224.73,32.53,19.35,49.8,26.174,194
2023-02-26T00:00:00.000Z,24.5,190.52,63.7,36.7,71.75,26.987,226
2023-02-27T00:00:00.000Z,36.83,128.32,91.28,77.44,103.45,18.529,225
2023-02-28T00:00:00.000Z,38.88,720.65,91.05,80.12,113.1,101.336,204
2023-03-01T00:00:00.000Z,59.55,216.32,120.32,92.6,136.09,29.77,225
2023-03-02T00:00:00.000Z,58.33,217.15,129,114.88,148.59,24.99,249
2023-03-03T00:00:00.000Z,48.5,204.5,104.4,88.42,126.35,30.766,181
2023-03-04T00:00:00.000Z,29.6,94.5,66.15,54.88,73.93,12.554,239
2023-03-05T00:00:00.000Z,61.92,175.15,117.91,104.53,132.97,20.09,232
2023-03-06T00:00:00.000Z,35.7,239.57,77.43,49.9,109.78,38.118,243
2023-03-07T00:00:00.000Z,29.63,262.2,58.31,50.89,66.13,23.481,228
2023-03-08T00:00:00.000Z,25.42,172.82,79.22,64.2,91.35,24.293,172
2023-03-10T00:00:00.000Z,70.3,152.05,96.26,88.47,111.59,17.646,104
2023-03-11T00:00:00.000Z,42.33,123.3,78.09,67.66,87.04,16.544,240
2023-03-12T00:00:00.000Z,10.25,196.57,77.44,21.6,98.04,43.366,248
2023-03-13T00:00:00.000Z,13.23,104.85,59.08,34.47,71.03,21.067,243
2023-03-14T00:00:00.000Z,15.8,156.66,75.77,56.53,87.72,28.639,191
2023-03-15T00:00:00.000Z,40.5,165.23,83.64,61,106.57,28.686,260
2023-03-16T00:00:00.000Z,15.77,74.43,41.28,30.9,47.08,10.909,246
2023-03-17T00:00:00.000Z,25.98,124,48.72,41.3,58.05,12.016,231
2023-03-18T00:00:00.000Z,24.73,220.77,56.3,47.38,64.3,18.051,195
2023-03-19T00:00:00.000Z,9.18,87.03,28.48,23.88,39.9,13.001,241
2023-03-20T00:00:00.000Z,27.55,84.32,60.92,53,67.05,12.172,207
2023-03-21T00:00:00.000Z,52.75,167.25,103.54,87.71,126.35,28.043,228
2023-03-22T00:00:00.000Z,51.85,201.8,78.38,67,94.61,32.976,240
2023-03-23T00:00:00.000Z,57.92,145.88,85.18,73.37,103.23,21.296,237
2023-03-24T00:00:00.000Z,49.53,225.07,84.39,64.25,101.33,25.151,244
2023-03-25T00:00:00.000Z,8.13,132.1,58.24,34.1,72.72,27.546,230
2023-03-26T00:00:00.000Z,8.02,70.22,28.58,14.15,37.79,12.784,194
2023-03-27T00:00:00.000Z,3.75,38.88,17.14,10.73,22.88,7.982,230
2023-03-28T00:00:00.000Z,9.32,103.35,35.24,17.48,47.27,20.497,240
2023-03-29T00:00:00.000Z,12.27,251.55,35.33,26.08,52.72,25.778,207
2023-03-30T00:00:00.000Z,15.02,119.4,63.1,47.45,84.38,25.529,243
2023-03-31T00:00:00.000Z,25.85,336.3,80.13,53.15,133.81,48.864,236
2023-04-01T00:00:00.000Z,16.48,171.65,45.1,33.75,64.34,26.589,142
2023-04-02T00:00:00.000Z,19.35,134.38,47.25,35.82,75.27,26.751,205
2023-04-03T00:00:00.000Z,23.35,207.95,56.1,45.22,67.55,19.582,242
2023-04-04T00:00:00.000Z,43.92,146.22,75.98,60.21,95.45,21.258,236
2023-04-05T00:00:00.000Z,44.25,191.15,82.25,64.06,98.78,23.525,255
2023-04-06T00:00:00.000Z,16.45,147.82,73.38,52.08,90.4,32.095,260
2023-04-07T00:00:00.000Z,15.2,123.03,37.47,27.02,64.47,22.968,104
2023-04-08T00:00:00.000Z,25.95,100.13,47.47,43.47,53.6,10.744,142
2023-04-09T00:00:00.000Z,39.13,431.1,94.95,76.38,118,54.737,264
2023-04-10T00:00:00.000Z,38.97,245.7,135.05,77.27,177.59,56.014,221
2023-04-11T00:00:00.000Z,18.05,248.95,69.2,42.03,114.15,47.756,259
2023-04-12T00:00:00.000Z,26.35,129.85,62.08,44.85,77.55,21.116,259
2023-04-13T00:00:00.000Z,27.3,78.9,47.24,37.83,58.25,12.249,250
2023-04-14T00:00:00.000Z,31.45,296.02,74.75,59.04,96.18,32.398,264
2023-04-15T00:00:00.000Z,29.52,136,91.05,69.31,105.35,22.115,261
2023-04-16T00:00:00.000Z,19.89,199.63,76.56,62.08,89.93,21.746,236
2023-04-17T00:00:00.000Z,34.67,134.94,70.3,58.5,89.05,21.449,252
2023-04-18T00:00:00.000Z,39.83,107.07,70.97,62.54,83.1,15.139,224
2023-04-19T00:00:00.000Z,40.65,163.1,83.85,61.25,120.9,33.563,223
2023-04-20T00:00:00.000Z,47.88,153.19,81.97,72.52,105.75,23.179,257
2023-04-21T00:00:00.000Z,51.72,177.52,108.55,76.18,129,29.851,219
2023-04-22T00:00:00.000Z,42.88,124.75,68.9,63.29,75.8,11.642,229
2023-04-23T00:00:00.000Z,33.47,132.77,54.6,49.35,64.22,14.394,162
2023-04-24T00:00:00.000Z,25.73,72.4,39.94,35.61,46.66,9.166,252
2023-04-25T00:00:00.000Z,3.5,65.3,15.07,9.06,24.04,10.503,261
2023-04-26T00:00:00.000Z,8.32,104.25,35.42,17.48,66.59,25.796,241
2023-04-27T00:00:00.000Z,13.95,71.38,35.54,25.77,55.08,15.483,255
2023-04-28T00:00:00.000Z,10.82,71.9,31.47,27.03,37.64,9.845,180
2023-04-29T00:00:00.000Z,4.15,40.08,13.27,9.94,18.97,6.743,254
2023-04-30T00:00:00.000Z,10.93,52.38,23.89,18.73,33.28,9.336,178
2023-05-01T00:00:00.000Z,8.6,75.59,34.9,27.33,42.5,10.442,250
2023-05-02T00:00:00.000Z,8.6,76.18,31.94,23.02,38.22,12.098,246
2023-05-03T00:00:00.000Z,10.75,43.88,21.65,18.52,27.05,6.13,199
2023-05-04T00:00:00.000Z,16.92,200.63,41.45,36.31,46.94,23.206,253
2023-05-05T00:00:00.000Z,30.02,87.88,44.67,39.04,57.87,12.817,189
2023-05-06T00:00:00.000Z,21.48,80.47,43.36,35.74,54.63,12.475,260
2023-05-07T00:00:00.000Z,10.7,85.95,47.28,33.42,53.95,16.61,205
2023-05-08T00:00:00.000Z,8.6,127.82,21.38,19.23,25.97,9.578,251
2023-05-09T00:00:00.000Z,23.58,105.53,49.92,41.96,63.22,16.134,257
2023-05-10T00:00:00.000Z,15.73,99.7,30.02,22.61,40.47,15.558,249
2023-05-11T00:00:00.000Z,2.8,44.3,11.77,7.85,17.77,7.76,250
2023-05-12T00:00:00.000Z,3.2,33.7,10.82,7.71,15.5,5.564,261
2023-05-13T00:00:00.000Z,3.83,26.05,13.57,9.55,16.14,4.398,246
2023-05-14T00:00:00.000Z,9.3,88.1,22.92,16.16,30.05,10.077,260
2023-05-15T00:00:00.000Z,5.35,63.2,28.4,21.23,34.2,10.693,246
2023-05-16T00:00:00.000Z,11.93,72.09,42.22,31.63,48.02,12.553,193
2023-05-17T00:00:00.000Z,10.77,115.35,45.47,24.12,55.08,24.171,245
2023-05-18T00:00:00.000Z,21.67,87.88,44.08,37.64,51.88,11.574,264
2023-05-19T00:00:00.000Z,29.9,80.75,48.18,43.36,54.2,8.154,264
2023-05-20T00:00:00.000Z,21.77,89,46.45,40.08,51.57,9.024,268
2023-05-21T00:00:00.000Z,28.2,84.72,43.78,40.2,51.42,10.766,258
2023-05-22T00:00:00.000Z,23.35,79.06,50.88,43.13,58.4,10.025,250
2023-05-23T00:00:00.000Z,17.73,66.22,40.34,35.57,46.78,9.687,264
2023-05-24T00:00:00.000Z,7.18,94.97,49.61,31.39,60.69,19.999,256
2023-05-25T00:00:00.000Z,2.27,38.08,22.44,10.52,26.07,8.823,248
2023-05-26T00:00:00.000Z,6.45,56.65,18.57,13.52,31.95,12.332,195
2023-05-27T00:00:00.000Z,8.05,50.8,18.05,14.13,23.4,7.796,215
2023-05-28T00:00:00.000Z,3.15,44.9,16.61,10.02,21.3,8.377,228
2023-05-29T00:00:00.000Z,6.07,51.1,23.35,19.23,30.47,7.478,237
2023-05-30T00:00:00.000Z,8.52,70.78,28.66,19,44.65,15.125,262
2023-05-31T00:00:00.000Z,14.25,97.05,36.45,28.55,49.86,18.386,169
2023-06-01T00:00:00.000Z,11.8,73.18,31.13,24.97,40.53,12.774,265
2023-06-02T00:00:00.000Z,3.25,123.9,24.1,14.74,38.79,25.843,260
2023-06-03T00:00:00.000Z,5.5,111.95,24.05,16.64,32.9,19.846,219
2023-06-04T00:00:00.000Z,9.69,68.59,23.69,19.76,34.13,11.963,276
2023-06-05T00:00:00.000Z,11.32,65.65,24.21,19.32,32.67,10.072,270
2023-06-06T00:00:00.000Z,9.68,164.3,30.42,19.38,44.88,27.569,190
2023-06-07T00:00:00.000Z,10.32,126.03,37.79,15.51,57.48,24.959,261
2023-06-08T00:00:00.000Z,5.85,90.25,40.39,11.62,55.51,21.68,188
2023-06-09T00:00:00.000Z,4.68,73.2,18.64,11.64,24.73,13.827,264
2023-06-10T00:00:00.000Z,11.05,96.82,42.55,26.38,52.95,17.888,279
2023-06-11T00:00:00.000Z,20.83,76.78,38.47,31,51.2,13.235,279
2023-06-12T00:00:00.000Z,6.05,69.28,33.83,14.52,41.11,15.361,277
2023-06-13T00:00:00.000Z,4.75,48.2,19.66,10.65,26.42,9.601,274
2023-06-14T00:00:00.000Z,2.08,40.1,17.29,8.32,22.55,8.267,258
2023-06-15T00:00:00.000Z,3.7,103.9,19.84,12.39,25.5,12.271,268
2023-06-16T00:00:00.000Z,4.38,38.15,15.93,12.3,21.52,6.109,273
2023-06-17T00:00:00.000Z,5.68,30.45,13.75,10.1,18.98,5.502,275
2023-06-18T00:00:00.000Z,3.42,67.72,11.72,8.07,19.63,9.961,270
2023-06-19T00:00:00.000Z,11.05,83.28,18.05,15.4,21.55,10.039,187
2023-06-20T00:00:00.000Z,2.15,200.02,14.02,8.63,21.73,22.189,271
2023-06-21T00:00:00.000Z,4.15,74.75,19.69,11.67,30.32,13.02,268
2023-06-22T00:00:00.000Z,3,41.83,13.75,9.4,20.35,9.05,259
2023-06-23T00:00:00.000Z,1.77,56.7,13.65,6.02,17.82,7.862,268
2023-06-24T00:00:00.000Z,3.92,70.5,15.1,7.32,25.2,13.176,269
2023-06-25T00:00:00.000Z,3.65,73.84,12.27,6.97,25.8,15.236,273
2023-06-26T00:00:00.000Z,2.52,50.7,12.13,8.82,20.26,8.827,241
2023-06-27T00:00:00.000Z,4.17,29.9,10.13,7.9,13.82,4.587,259
2023-06-28T00:00:00.000Z,4.45,28.9,12.91,9.77,17.6,5.169,266
2023-06-29T00:00:00.000Z,4.68,51.65,16.23,13.27,19.63,5.142,263
2023-06-30T00:00:00.000Z,7.6,35.13,15.7,12.26,19.32,5.073,249
2023-07-01T00:00:00.000Z,6.6,136.69,15.84,11.85,23.8,14.903,178
2023-07-02T00:00:00.000Z,5.38,24.23,11.76,9.76,14.28,3.397,256
2023-07-03T00:00:00.000Z,3.63,47.2,15.93,11,21.17,7.679,251
2023-07-04T00:00:00.000Z,3.63,27.95,11.55,8.85,14.3,4.643,199
2023-07-05T00:00:00.000Z,3.55,30.27,10.57,8.57,14.8,4.593,250
2023-07-06T00:00:00.000Z,2.04,28.7,8.86,5.09,15.95,7.121,82
2023-07-10T00:00:00.000Z,2.17,26.88,14.89,11.48,18.38,4.961,118
2023-07-11T00:00:00.000Z,1.95,29.08,15.68,10.17,19.05,6.25,242
2023-07-12T00:00:00.000Z,1.48,28.17,6.26,3.79,12.56,6.371,256
2023-07-13T00:00:00.000Z,4.18,46.83,12.57,9.22,18.25,6.885,245
2023-07-14T00:00:00.000Z,3.65,84.3,14.48,9.35,17.91,8.472,253
2023-07-15T00:00:00.000Z,5.37,55.92,15.38,12.99,19.12,6.356,261
2023-07-16T00:00:00.000Z,7.35,94.7,22.35,14.18,39.78,20.153,254
2023-07-17T00:00:00.000Z,4,74.43,18.23,13.2,26.6,11.393,171
2023-07-18T00:00:00.000Z,5.2,26.6,11.25,9.38,13.25,3.4,253
2023-07-19T00:00:00.000Z,10.63,53.92,30.6,21.81,35,9.242,229
2023-07-20T00:00:00.000Z,15.88,67.06,38.25,30.95,46.81,11.049,276
2023-07-21T00:00:00.000Z,9.4,77.22,30.08,18.77,38.94,12.582,273
2023-07-22T00:00:00.000Z,0.3,35.7,13.32,6.82,17.91,6.682,277
2023-07-23T00:00:00.000Z,1.48,24.38,9.48,7.1,13.18,4.222,275
2023-07-24T00:00:00.000Z,1.23,33.35,11.3,7.68,14.25,5.093,279
2023-07-25T00:00:00.000Z,1.05,29.55,9.73,5.85,14.59,5.7,277
2023-07-26T00:00:00.000Z,4.43,33.42,11.96,9.89,15.31,4.559,276
2023-07-27T00:00:00.000Z,7.88,56.03,20.88,15.35,25.67,7.738,272
2023-07-28T00:00:00.000Z,5.57,47.85,17.25,11.4,23.3,9.017,278
2023-07-29T00:00:00.000Z,5.45,75.28,33.78,25.84,43.44,13.441,277
2023-07-30T00:00:00.000Z,6.13,48.58,19.55,14.38,24.75,8.229,278
2023-07-31T00:00:00.000Z,3.25,47,11.45,7,16.55,8.868,279
2023-08-01T00:00:00.000Z,4.47,138.57,19.72,14.85,31.98,15.632,278
2023-08-02T00:00:00.000Z,6.35,81.68,39.11,33.11,50.92,14.744,256
2023-08-03T00:00:00.000Z,3.55,52.35,16.78,13.26,22.2,8.814,276
2023-08-04T00:00:00.000Z,5.4,46.9,16.02,12.43,21.02,7.948,275
2023-08-05T00:00:00.000Z,1.92,42.6,5.22,3.88,7.43,5.909,269
2023-08-06T00:00:00.000Z,0.25,37.63,10.52,7.15,14.1,5.594,241
2023-08-07T00:00:00.000Z,0.3,23.98,8.14,2.85,12.88,5.987,244
2023-08-08T00:00:00.000Z,0.4,29.67,9.93,4.59,17.61,7.44,212
2023-08-09T00:00:00.000Z,5,43.85,16.3,13.32,21.85,7.333,237
2023-08-10T00:00:00.000Z,12.23,138.25,45.48,29.9,83.93,32.735,240
2023-08-11T00:00:00.000Z,4.72,141,37.57,25.07,65.03,34.461,197
2023-08-12T00:00:00.000Z,4.22,91.97,30,13.65,52.9,22.159,243
2023-08-13T00:00:00.000Z,7.97,75.7,25.23,19.7,31.63,10.915,257
2023-08-14T00:00:00.000Z,3.75,29.7,11.65,9.01,15.26,5.046,265
2023-08-15T00:00:00.000Z,15.57,71.09,40.17,29.02,49.83,12.893,253
2023-08-16T00:00:00.000Z,12.05,72.3,29.56,24.29,38.13,11.559,236
2023-08-17T00:00:00.000Z,15.3,57.67,30.6,26.06,36.08,7.153,209
2023-08-18T00:00:00.000Z,5.57,65.78,24.39,15.85,31.6,11.602,234
2023-08-19T00:00:00.000Z,16.05,111.78,45.35,33.89,69.43,22.489,241
2023-08-20T00:00:00.000Z,0.32,84.5,17.07,11.58,31.14,20.225,213
2023-08-21T00:00:00.000Z,12.15,53.65,22.98,17.77,30.1,8.284,151
2023-08-22T00:00:00.000Z,5.05,72.81,26.45,20.09,33.38,12.802,233
2023-08-23T00:00:00.000Z,1.12,61.28,20.14,14.15,25.83,9.912,251
2023-08-24T00:00:00.000Z,10.15,52.92,19.96,16.14,26.08,7.766,264
2023-08-25T00:00:00.000Z,6.32,63.83,24.08,17.17,36.74,13.32,265
2023-08-26T00:00:00.000Z,2.43,46.03,23.62,14.88,29.55,9.837,258
2023-08-27T00:00:00.000Z,0.63,88.75,15.3,9.94,23.34,12.781,265
2023-08-28T00:00:00.000Z,1.27,108.55,12.9,6.19,25.49,12.991,261
2023-08-29T00:00:00.000Z,3.05,28.07,11.6,7.88,14.05,4.673,259
2023-08-30T00:00:00.000Z,3.33,40.7,17.93,8.11,26.86,10.307,220
2023-08-31T00:00:00.000Z,3.65,69.78,23.2,9.86,36.84,16.379,253
2023-09-01T00:00:00.000Z,9.02,55.25,18.52,14.43,31,10.25,91
2023-09-07T00:00:00.000Z,9.13,92.1,26.42,18.36,68.54,25.514,133
2023-09-08T00:00:00.000Z,8.15,35.53,18,13.9,23.17,5.869,261
2023-09-09T00:00:00.000Z,11.93,116.05,29.22,18.05,61.54,25.904,268
2023-09-10T00:00:00.000Z,19.1,102.93,48.8,33.85,65.78,20.618,263
2023-09-11T00:00:00.000Z,11.33,121.68,44.7,33.53,67.66,24.964,272
2023-09-12T00:00:00.000Z,57.38,129.15,85.28,75.25,93.3,13.793,175
2023-09-17T00:00:00.000Z,0.43,40.58,25,4.67,28.5,12.175,57
2023-09-18T00:00:00.000Z,6.32,75.45,20.7,15.99,27.57,14.405,217
2023-09-19T00:00:00.000Z,6.68,38.92,15.4,11.05,22.4,6.973,225
2023-09-20T00:00:00.000Z,3.97,46.1,14.05,10.14,17.63,5.462,241
2023-09-21T00:00:00.000Z,4.82,37.93,17.47,11.21,25.17,7.615,261
2023-09-22T00:00:00.000Z,1.83,111.2,21.93,9.73,29.36,13.215,260
2023-09-23T00:00:00.000Z,5.75,52.83,15.5,11.23,22.23,9.852,267
2023-09-24T00:00:00.000Z,10.18,45.58,19.63,15.34,25.13,7.06,113
2023-09-25T00:00:00.000Z,18.63,45.28,31.25,26.52,35.21,5.765,92
2023-09-26T00:00:00.000Z,7.4,155.63,19.05,14.35,23.31,11.289,272
2023-09-27T00:00:00.000Z,2.85,78.75,12.3,10.23,15.17,6.199,267
2023-09-28T00:00:00.000Z,3.5,278.05,20.39,10.3,29.29,18.997,268
2023-09-29T00:00:00.000Z,19.53,103.43,50.94,39.03,59.84,14.789,260
2023-09-30T00:00:00.000Z,31.08,109.23,56.95,49.25,65.65,13.109,255
2023-10-01T00:00:00.000Z,9.18,100.05,32.28,24.93,40.7,14.826,265
2023-10-02T00:00:00.000Z,8.4,102.2,30.47,22.02,39.1,14.316,262
2023-10-03T00:00:00.000Z,18.39,116.38,34.53,29,41.17,17.863,259
2023-10-04T00:00:00.000Z,9.02,110.7,38.88,29.34,47.33,14.776,256
2023-10-05T00:00:00.000Z,4.43,73.97,32.96,23.96,39.44,12.419,244
2023-10-06T00:00:00.000Z,7.88,57.17,28,19,35.54,10.258,253
2023-10-07T00:00:00.000Z,2.83,43.8,11.68,6.94,20.38,9.456,261
2023-10-08T00:00:00.000Z,1.85,35.92,10.02,6.47,13.95,5.898,254
2023-10-09T00:00:00.000Z,2.83,70.97,11.68,6.75,15.3,10.662,251
2023-10-10T00:00:00.000Z,4.13,53.58,12.8,9.43,16.5,9.792,265
2023-10-11T00:00:00.000Z,6.82,65.3,16.38,11.99,23.68,11.189,269
2023-10-12T00:00:00.000Z,9.3,53.2,21.38,18.13,24.73,8.235,267
2023-10-13T00:00:00.000Z,12.53,89.53,50.6,27.02,60.74,19.471,265
2023-10-14T00:00:00.000Z,5.23,85.68,18.57,11.16,50.74,22.47,272
2023-10-15T00:00:00.000Z,4.38,46.38,24.13,11.05,31.33,10.616,271
2023-10-16T00:00:00.000Z,11.52,153.57,38.5,23.88,84.6,38.105,255
2023-10-17T00:00:00.000Z,23.33,160.07,64.18,35.9,125.1,43.937,265
2023-10-18T00:00:00.000Z,14.25,164.82,83.13,30.2,117.05,44.641,263
2023-10-19T00:00:00.000Z,4.57,108.05,19.69,14.97,40.64,23.732,260
2023-10-20T00:00:00.000Z,1.83,54.22,12.3,6.89,18.84,10.046,257
2023-10-21T00:00:00.000Z,3.15,79.05,15.7,9.24,35.74,16.548,273
2023-10-22T00:00:00.000Z,6.25,92.75,39.58,15.47,60.7,24.067,247
2023-10-23T00:00:00.000Z,13.63,134.87,41.26,25.28,86.69,34.064,260
2023-10-24T00:00:00.000Z,18.27,220.15,73.68,31.83,111.6,45.865,264
2023-10-25T00:00:00.000Z,22.73,110.32,52.88,43.19,80.13,22.313,273
2023-10-26T00:00:00.000Z,15.3,142.66,52.04,27.05,68.12,32.418,268
2023-10-27T00:00:00.000Z,16.05,161.13,44.84,33.47,59.19,29.547,268
2023-10-28T00:00:00.000Z,23.35,197.43,35.58,31.97,41,13.788,270
2023-10-29T00:00:00.000Z,1.48,45.17,17.07,10.98,26.67,9.768,271
2023-10-30T00:00:00.000Z,4.93,88.47,35.6,11.62,56.74,23.653,268
2023-10-31T00:00:00.000Z,11.23,119.18,51.82,22.84,67.47,28.292,272
2023-11-01T00:00:00.000Z,22.9,141.15,69.45,54.22,82.88,22.457,264
2023-11-02T00:00:00.000Z,33.36,174.8,58,51.45,64.89,17.496,257
2023-11-03T00:00:00.000Z,12.73,98.6,31.73,27.7,38.08,12.634,274
2023-11-04T00:00:00.000Z,9.67,229.07,24.42,17.3,30.58,20.834,268
2023-11-05T00:00:00.000Z,9.32,71.7,30.5,19.84,39.75,13.484,273
2023-11-06T00:00:00.000Z,5.05,47.55,14.55,9.77,21.53,8.138,271
2023-11-07T00:00:00.000Z,10.68,95.55,36.45,19.25,47.93,17.424,272
2023-11-08T00:00:00.000Z,30.67,104.78,56.66,49.15,67.05,13.749,272
2023-11-09T00:00:00.000Z,16.77,70.03,34.11,26.77,42.8,9.751,258
2023-11-10T00:00:00.000Z,9.8,68.31,29.38,23.48,35.17,8.462,273
2023-11-11T00:00:00.000Z,10.3,70.4,36.13,20.32,45.61,14.452,268
2023-11-12T00:00:00.000Z,1.55,55.2,13.12,8.4,22.43,9.975,166
2023-11-13T00:00:00.000Z,0.73,22.23,4.09,2.67,6.6,3.102,275
2023-11-14T00:00:00.000Z,3.5,41.97,18.89,13.3,24.6,7.428,280
2023-11-15T00:00:00.000Z,2.97,1039.13,53.29,25.5,89.82,69.309,274
2023-11-16T00:00:00.000Z,2.85,22.65,7.44,5.75,10.14,3.974,276
2023-11-17T00:00:00.000Z,3.42,158.3,36.63,14.38,62.89,29.078,265
2023-11-18T00:00:00.000Z,13.13,192.3,52.68,30,102.13,44.777,274
2023-11-19T00:00:00.000Z,12.3,158.6,58.67,33.15,100.97,38.739,274
2023-11-20T00:00:00.000Z,25.6,192.38,91.82,63.28,114.55,33.029,273
2023-11-21T00:00:00.000Z,14.57,207.7,85.65,63.95,112.28,34.859,273
2023-11-22T00:00:00.000Z,53.72,251.88,143.55,119.68,163.88,34.775,273
2023-11-23T00:00:00.000Z,33.53,250.95,64.3,55.15,97.05,37.146,274
2023-11-24T00:00:00.000Z,60.97,220,104.27,93.68,121.84,30.613,276
2023-11-25T00:00:00.000Z,64.03,168.43,109.55,89.26,142.24,30.92,21