date,min,max,median,q1,q3,stdev,count
2021-10-10T00:00:00.000Z,1.2,85.1,16.45,7.5,28.1,16.372,478
2021-10-11T00:00:00.000Z,0.8,69,6.8,4.8,9.6,9.172,583
2021-10-12T00:00:00.000Z,6.6,73.3,19.3,15,28.4,10.068,587
2021-10-13T00:00:00.000Z,5.1,253.5,21.6,16.1,33,19.036,588
2021-10-14T00:00:00.000Z,1.1,89.3,7.65,3.2,17.64,13.866,576
2021-10-15T00:00:00.000Z,0.2,72.9,4,1.4,7.95,10.104,588
2021-10-16T00:00:00.000Z,1.9,121.8,8.55,5.2,16.7,18.833,518
2021-10-17T00:00:00.000Z,2.8,97.5,14.4,10,19.75,12.207,492
2021-10-18T00:00:00.000Z,11.4,187.3,21.9,17.7,33.4,16.403,621
2021-10-19T00:00:00.000Z,11,302.3,46,19.4,52.5,30.911,618
2021-10-20T00:00:00.000Z,43,249.3,55.4,48.9,61,16.698,601
2021-10-21T00:00:00.000Z,3.7,113.3,12.1,8.2,22.75,18.691,596
2021-10-22T00:00:00.000Z,9.8,78.7,19.85,15.1,27.4,11.569,608
2021-10-23T00:00:00.000Z,17.4,120.5,39.85,25.9,49.6,17.991,608
2021-10-24T00:00:00.000Z,24.6,90,41.8,35.9,49.3,10.053,608
2021-10-25T00:00:00.000Z,39.7,85,52.1,45.25,61.6,9.921,305
2021-10-27T00:00:00.000Z,60.6,290,76.75,69.9,82.45,21.612,468
2021-10-28T00:00:00.000Z,67.7,205.1,91.1,77.9,110,25.39,617
2021-10-29T00:00:00.000Z,1.8,203.1,49.2,10.4,66.5,32.299,611
2021-10-30T00:00:00.000Z,3.4,94.8,17.2,12.8,26.7,14.091,617
2021-10-31T00:00:00.000Z,3.5,159.8,17.2,11.75,32.75,19.87,632
2021-11-01T00:00:00.000Z,4,132.1,22.3,12.4,39.9,19.659,603
2021-11-02T00:00:00.000Z,28.5,138.7,49.85,39.5,60.8,16.603,110
2021-11-05T00:00:00.000Z,53.6,93.6,60.8,59.25,62.45,5.151,225
2021-11-06T00:00:00.000Z,49.2,432.1,65.09,59.15,73.9,27.506,589
2022-02-01T00:00:00.000Z,25,68.6,38.7,29.5,46.7,9.969,405
2022-02-02T00:00:00.000Z,10.9,149.3,20.7,14.8,28.4,12.237,620
2022-02-03T00:00:00.000Z,16.4,62.2,26.5,24.3,28.6,6.783,611
2022-02-04T00:00:00.000Z,28.2,91.8,43.3,38.6,48.1,11.967,637
2022-02-05T00:00:00.000Z,36.6,382.8,92.5,71.15,104.1,31.053,625
2022-02-06T00:00:00.000Z,47.5,168.5,76.65,59.5,91.45,23.06,612
2022-02-07T00:00:00.000Z,20.5,126.2,37.9,34.85,53.05,22.875,605
2022-02-08T00:00:00.000Z,11.4,69.9,29.7,18.2,40.29,12.899,602
2022-02-09T00:00:00.000Z,6.4,44.8,17.1,12.8,28.3,10.075,609
2022-02-10T00:00:00.000Z,6.5,64.9,21.85,16.3,44.7,16.683,612
2022-02-11T00:00:00.000Z,18.4,676,29.6,23.9,41.15,62.93,616
2022-02-12T00:00:00.000Z,5.3,127.2,28.8,17.89,38.5,15.537,627
2022-02-13T00:00:00.000Z,7.9,135.1,31.4,23.1,41.8,16.111,602
2022-02-14T00:00:00.000Z,20.5,174,47.65,24.75,57.55,26.187,604
2022-02-15T00:00:00.000Z,59.5,128.7,77.55,71.7,115.3,21.53,602
2022-02-16T00:00:00.000Z,26.3,76.6,51.45,43.35,61.85,12.469,616
2022-02-17T00:00:00.000Z,25.2,111.6,51.1,37.15,64.84,15.268,605
2022-02-18T00:00:00.000Z,2.3,845.2,51.2,29.9,72.09,144.339,615
2022-02-19T00:00:00.000Z,1.3,2563.8,14.8,8.55,20.5,149.991,608
2022-02-20T00:00:00.000Z,7.8,119.6,16.89,11.3,24.5,13.783,614
2022-02-21T00:00:00.000Z,13.5,84.2,27,19.1,43.9,16.54,623
2022-02-22T00:00:00.000Z,17.6,135.6,42.4,36.79,53.9,13.425,619
2022-02-23T00:00:00.000Z,35.3,107.7,50,44.3,56.5,8.477,616
2022-02-24T00:00:00.000Z,47.7,104.1,55.1,52.8,62.35,9.891,600
2022-02-25T00:00:00.000Z,78.8,117.5,89.7,85.9,96.9,9.491,627
2022-02-26T00:00:00.000Z,80.3,156.4,110.4,93.5,121.4,16.409,630
2022-02-27T00:00:00.000Z,86.9,160.5,110.6,95.65,127.1,17.675,613
2022-02-28T00:00:00.000Z,91.8,202.2,129.4,114.3,138.4,20.404,623
2022-03-01T00:00:00.000Z,101.9,241.4,160,132.3,180.25,31.027,612
2022-03-02T00:00:00.000Z,73.5,160.2,92.65,83.8,113.5,20.814,616
2022-03-03T00:00:00.000Z,85.3,141.9,105.1,93.4,116.4,13.91,622
2022-03-04T00:00:00.000Z,56.2,101.4,69.45,64.3,74.9,8.855,604
2022-03-05T00:00:00.000Z,24.1,73.8,58.6,41,66.5,14.379,611
2022-03-06T00:00:00.000Z,25.1,81.6,43.1,37.5,53.9,12.706,604
2022-03-07T00:00:00.000Z,42,309.5,52.4,48.95,56.45,31.577,617
2022-03-08T00:00:00.000Z,38.1,129.5,62.6,46.4,72.5,19.714,618
2022-03-09T00:00:00.000Z,46,154.9,83,64.75,105.8,23.971,612
2022-03-10T00:00:00.000Z,39.9,111.7,54.1,50.85,60,13.773,589
2022-03-11T00:00:00.000Z,36.4,69.9,53.2,50.4,56.55,5.356,600
2022-03-12T00:00:00.000Z,37.7,288.3,56.3,48.9,67.15,30.155,616
2022-03-13T00:00:00.000Z,43.7,97.8,52.45,48.2,58.2,8.074,594
2022-03-14T00:00:00.000Z,34.8,61.1,47.4,42.9,50.5,5.663,610
2022-03-15T00:00:00.000Z,48,87.6,61.2,58.3,68.59,6.92,596
2022-03-16T00:00:00.000Z,60.9,126.3,72.9,68.2,77.34,10.744,625
2022-03-17T00:00:00.000Z,57.7,146.8,69.8,64.8,75.4,9.695,615
2022-03-18T00:00:00.000Z,49.3,131.4,69.4,65.6,74.7,9.781,569
2022-03-19T00:00:00.000Z,58.6,129.9,75.65,69.4,88.5,17.383,602
2022-03-20T00:00:00.000Z,60.2,190.8,76.3,66.7,84.4,15.78,610
2022-03-21T00:00:00.000Z,61,114.6,77.1,72.4,82.3,9.933,575
2022-03-22T00:00:00.000Z,3.7,171,70.4,18.64,97.8,40.998,605
2022-03-23T00:00:00.000Z,1.5,125.2,13.5,8.19,16.2,14.952,591
2022-03-24T00:00:00.000Z,7.3,91.7,16.9,13.8,25.8,12.158,599
2022-03-25T00:00:00.000Z,20.1,74.1,45.8,29.5,49.1,12.307,593
2022-03-26T00:00:00.000Z,45.7,89.2,66.3,51.8,70.8,10.342,590
2022-03-27T00:00:00.000Z,6.8,601.6,25.3,22.55,39,49.65,601
2022-03-28T00:00:00.000Z,19.5,151.7,46.6,25,53.3,17.348,602
2022-03-29T00:00:00.000Z,39,111.6,57.9,47.15,63.05,9.951,612
2022-03-30T00:00:00.000Z,22.3,179.2,48.7,37.9,58.9,17.827,594
2022-03-31T00:00:00.000Z,6.7,55,34.6,9.1,44.9,17.003,605
2022-04-01T00:00:00.000Z,3.1,98.2,17.2,13.1,22.1,13.378,603
2022-04-02T00:00:00.000Z,5.5,220.4,12.1,10.35,17.14,15.969,481
2022-04-03T00:00:00.000Z,13.7,92.7,45,21.65,51.65,16.03,596
2022-04-04T00:00:00.000Z,36.4,137,65,54.45,69.34,10.935,604
2022-04-05T00:00:00.000Z,43.9,90.2,69.59,59.05,73.8,9.828,588
2022-04-06T00:00:00.000Z,64.8,184.3,105.55,86.9,117.9,22.503,618
2022-04-07T00:00:00.000Z,42.8,135.5,66.3,58,73.7,20.255,595
2022-04-08T00:00:00.000Z,62.8,120.9,81.59,74.09,86.3,10.196,610
2022-04-09T00:00:00.000Z,63.8,140,83.45,73.84,98.65,16.19,584
2022-04-10T00:00:00.000Z,68.6,142.7,97.3,80,104.3,15.99,597
2022-04-11T00:00:00.000Z,67.4,269.7,91.15,74.8,102.25,26.54,608
2022-04-12T00:00:00.000Z,61.2,94.1,66.5,64.3,69.09,3.872,441
2022-04-13T00:00:00.000Z,57.9,88.7,66.4,63,70.3,4.968,591
2022-04-14T00:00:00.000Z,52.3,132.3,80.59,72.5,86.6,13.116,611
2022-04-15T00:00:00.000Z,13.2,128.3,82.6,77.55,100,27.293,609
2022-04-16T00:00:00.000Z,10.4,47.8,22.9,15.6,26.6,8.627,610
2022-04-17T00:00:00.000Z,3.1,110.2,11.7,8.4,16.7,7.984,607
2022-04-18T00:00:00.000Z,3,49.3,14.8,9.3,24,9.707,620
2022-04-19T00:00:00.000Z,21.8,69.5,44,34.3,48.9,9.309,605
2022-04-20T00:00:00.000Z,51.6,108.5,73.6,67.3,79.6,9.648,621
2022-04-21T00:00:00.000Z,72.5,270.8,102,85.2,113.8,24.156,602
2022-04-22T00:00:00.000Z,63.5,145.6,72.9,66.6,77.7,10.055,614
2022-04-23T00:00:00.000Z,9.5,74.6,60,56.6,63.5,15.001,594
2022-04-24T00:00:00.000Z,60.8,82.4,71.3,68.6,74.9,4.384,602
2022-04-25T00:00:00.000Z,65.9,192.9,76.2,72.2,83.5,17.474,610
2022-04-26T00:00:00.000Z,62.3,120.6,73.9,69.9,84.9,12.806,603
2022-04-27T00:00:00.000Z,54.4,97.7,66.95,61.95,74.55,10.423,596
2022-04-28T00:00:00.000Z,34.8,85.6,65.7,48.4,69.75,12.357,612
2022-04-29T00:00:00.000Z,37,148.2,51.2,44.1,57.4,11.687,618
2022-04-30T00:00:00.000Z,0.3,89.8,51.3,5.8,58.2,23.823,599
2022-05-01T00:00:00.000Z,3.6,31.1,12.6,6,15.5,5.906,594
2022-05-02T00:00:00.000Z,12.6,177.8,27.55,18.8,32.7,15.123,612
2022-05-03T00:00:00.000Z,15.4,97.7,38.6,22.2,44.35,12.726,600
2022-05-04T00:00:00.000Z,26.3,84.6,59.8,48.4,63.8,12.421,612
2022-05-05T00:00:00.000Z,49.4,111.4,71.8,66.5,74.9,8.175,602
2022-05-06T00:00:00.000Z,49.8,157.5,69.75,55.2,76.59,12.778,596
2022-05-07T00:00:00.000Z,25.9,87.3,68.3,45.25,72.59,18.174,613
2022-05-08T00:00:00.000Z,26.4,64.1,38.6,33.25,46.7,8.15,597
2022-05-09T00:00:00.000Z,27.4,52.2,39.5,33.2,42.7,5.898,611
2022-05-10T00:00:00.000Z,22.8,177.9,41.1,33.75,54,19.998,609
2022-05-11T00:00:00.000Z,34.1,71.1,58.8,50.9,60.8,7.193,605
2022-05-12T00:00:00.000Z,3.6,36.8,12.9,7.2,19.7,7.959,604
2022-05-13T00:00:00.000Z,4.8,782.5,12.4,8.6,37.75,173.103,597
2022-05-14T00:00:00.000Z,4.3,47.6,21.15,11.95,30.6,11.12,600
2022-05-15T00:00:00.000Z,0.2,71.9,10,7.3,18.05,10.05,581
2022-05-16T00:00:00.000Z,6,31.2,11.5,9.5,17.9,5.621,367
2022-05-17T00:00:00.000Z,25,59.4,36.79,31.1,43.2,8.44,283
2022-05-18T00:00:00.000Z,33.1,75.3,58.3,49.6,70.9,11.288,604
2022-05-19T00:00:00.000Z,36.8,198.7,61.05,51.8,69.3,12.816,598
2022-05-20T00:00:00.000Z,16.4,201.3,62.5,59.5,70,20.316,571
2022-05-21T00:00:00.000Z,8.3,78.2,17.2,14.5,21.6,9.102,613
2022-05-22T00:00:00.000Z,0,49.6,6.35,2.7,14.4,9.247,594
2022-05-23T00:00:00.000Z,0,64.7,5.35,2.29,10.6,6.88,602
2022-05-24T00:00:00.000Z,0.9,55.3,5.6,3.6,11,8.758,573
2022-05-25T00:00:00.000Z,2.4,47.1,16.2,12.35,23.55,9.601,616
2022-05-26T00:00:00.000Z,25.3,124.7,45.2,37.4,53.1,12.833,605
2022-05-27T00:00:00.000Z,40.7,70.9,51.65,45.55,55.8,6.65,84
2022-05-28T00:00:00.000Z,95319,95319,95319,95319,95319,0,1
2022-05-29T00:00:00.000Z,20.8,52,25.3,23.5,32.5,8.972,290
2022-05-30T00:00:00.000Z,1,143.9,6.7,2.8,43.6,25.105,633
2022-05-31T00:00:00.000Z,5,53,13.2,9.6,20.05,9.615,656
2022-06-01T00:00:00.000Z,5.4,62.7,34.1,11.3,43.1,16.085,635
2022-06-02T00:00:00.000Z,10.6,59.1,40.7,31.6,45.3,10.754,641
2022-06-03T00:00:00.000Z,22.1,51,37.7,31.3,41.7,6.348,660
2022-06-04T00:00:00.000Z,36,63.6,49.7,45.65,53.4,4.828,624
2022-06-05T00:00:00.000Z,3.7,170.8,58.9,38,70.09,27.104,655
2022-06-06T00:00:00.000Z,2.7,16.8,7,5.7,8.69,3.018,643
2022-06-07T00:00:00.000Z,4.3,113.7,18.14,12.15,24.95,9.013,652
2022-06-08T00:00:00.000Z,12.6,66.3,28.2,25.3,31.7,8.239,645
2022-06-09T00:00:00.000Z,21,58.9,36.45,28.45,43.05,8.487,664
2022-06-10T00:00:00.000Z,7.1,74.9,41.95,12.9,47.6,18.043,642
2022-06-11T00:00:00.000Z,6.5,49.1,12.6,10,15.85,6.511,652
2022-06-12T00:00:00.000Z,18.2,69.5,50.05,43.4,55.1,11.293,662
2022-06-13T00:00:00.000Z,5.7,63.3,39.6,8.5,47.2,19.297,639
2022-06-14T00:00:00.000Z,2.2,59.5,8.1,6.8,9.7,4.743,645
2022-06-15T00:00:00.000Z,7.4,47,19.2,11.3,26,9.6,651
2022-06-16T00:00:00.000Z,22.5,74,43.5,35.4,47.2,8.879,650
2022-06-17T00:00:00.000Z,30,66.3,45.9,41.8,54.1,8.47,570
2022-06-18T00:00:00.000Z,17,64.4,36,26.6,46.5,12.457,667
2022-06-19T00:00:00.000Z,20.1,58.7,38.45,31.05,43.4,8.527,636
2022-06-20T00:00:00.000Z,16.4,69,42,32.29,47.2,10.454,649
2022-06-21T00:00:00.000Z,22.3,242.7,46.7,38.29,73.25,27.708,656
2022-06-22T00:00:00.000Z,3.3,107.5,32.95,7.7,43.1,21.434,644
2022-06-23T00:00:00.000Z,0.7,59.7,18.8,2.6,22.1,12.997,627
2022-06-24T00:00:00.000Z,3.9,56.6,29.7,14.15,36.2,11.814,664
2022-06-25T00:00:00.000Z,17.3,85.3,34.5,27.55,41.15,8.819,657
2022-06-26T00:00:00.000Z,27.2,68.8,44.4,35.4,52.6,10.472,654
2022-06-27T00:00:00.000Z,25.6,75.4,44.4,37.5,51.7,9.647,638
2022-06-28T00:00:00.000Z,0.3,72.6,49.6,29.6,55.55,20.536,637
2022-06-29T00:00:00.000Z,0.8,39.7,9.4,5.6,13.5,7.389,608
2022-06-30T00:00:00.000Z,3.4,35.6,10.6,7.2,12.45,4.844,625
2022-07-01T00:00:00.000Z,8.5,75.8,15.3,12.95,17.55,4.829,645
2022-07-02T00:00:00.000Z,8.9,43.2,16.7,13.7,20.3,5.629,636
2022-07-03T00:00:00.000Z,3.3,53.3,26.6,9.1,32,12.163,642
2022-07-04T00:00:00.000Z,5.3,232.4,36.1,23.8,42.4,16.361,642
2022-07-05T00:00:00.000Z,3.3,55.1,10.2,8.7,41.4,17.332,641
2022-07-06T00:00:00.000Z,5.2,41,20,11.4,29.4,9.615,641
2022-07-07T00:00:00.000Z,33.2,55.1,42.6,39.7,46.6,4.701,423
2022-07-08T00:00:00.000Z,0.4,123.9,6.2,4.2,8.55,8.682,604
2022-07-09T00:00:00.000Z,11.1,59.3,34.5,31.3,40,8.08,635
2022-07-10T00:00:00.000Z,15.7,62.8,39.4,30.5,43.6,11.269,635
2022-07-11T00:00:00.000Z,19.9,228.2,38,28.4,47.5,26.122,639
2022-07-12T00:00:00.000Z,9.4,79,25.2,17.4,27.6,11.817,638
2022-07-13T00:00:00.000Z,5.1,69.1,17.25,14.3,27.05,12.401,636
2022-07-14T00:00:00.000Z,8.8,53,27.1,17.4,31,8.193,619
2022-07-15T00:00:00.000Z,14.3,51,28.4,26.1,33.4,7.232,631
2022-07-16T00:00:00.000Z,25.5,58.2,43.5,38.9,46.4,7.553,656
2022-07-17T00:00:00.000Z,27.8,70.7,51.5,38.3,56.6,9.774,631
2022-07-18T00:00:00.000Z,0.2,64,43.6,1.7,54.15,23.978,629
2022-07-19T00:00:00.000Z,6.9,59.2,30.6,23,41.4,11.698,651
2022-07-20T00:00:00.000Z,13.4,68.7,30.1,20.55,45.6,14.514,641
2022-07-21T00:00:00.000Z,0,117.6,8.69,6.3,15.1,10.477,663
2022-07-22T00:00:00.000Z,5,35.9,14.55,9.19,19.5,5.912,632
2022-07-23T00:00:00.000Z,11.6,63.9,29.8,23.65,32.9,9.16,668
2022-07-24T00:00:00.000Z,32.3,64.1,47.8,42.7,50.8,6.606,645
2022-07-25T00:00:00.000Z,35.8,93.8,52.7,46.2,57.25,8.422,625
2022-07-26T00:00:00.000Z,37,94.4,56.7,50,60.8,9.36,622
2022-07-27T00:00:00.000Z,39.8,74,56.35,49.9,62.3,8.946,626
2022-07-28T00:00:00.000Z,44.7,84.7,58.4,55.6,61.9,6.048,626
2022-07-29T00:00:00.000Z,4.9,416.7,58.8,7.9,64.3,41.572,659
2022-07-30T00:00:00.000Z,16,129.3,49.2,21.45,52.6,19.161,648
2022-07-31T00:00:00.000Z,15.1,227.2,30.8,19.6,51.9,22.996,662
2022-08-01T00:00:00.000Z,23.7,73.2,40.8,33.7,44.3,7.222,601
2022-08-02T00:00:00.000Z,15.3,51.3,32.7,27.5,38,7.795,643
2022-08-03T00:00:00.000Z,17.6,85.8,32.8,28.2,36.79,7.265,672
2022-08-04T00:00:00.000Z,5.2,187.6,18,6.7,49.8,30.571,550
2022-08-05T00:00:00.000Z,6.8,110.8,18.1,13.85,31.2,15.032,532
2022-08-06T00:00:00.000Z,6.9,73,15.7,11.45,20.2,7.295,664
2022-08-07T00:00:00.000Z,2.4,47.1,11.3,9,15.85,6.756,656
2022-08-08T00:00:00.000Z,8.9,214.9,14.85,11.1,24.25,23.472,668
2022-08-09T00:00:00.000Z,10.5,135.3,22.8,16.39,31.2,13.974,642
2022-08-10T00:00:00.000Z,1.6,120,18.39,11.3,29.2,17.136,670
2022-08-11T00:00:00.000Z,0.7,168.9,10.3,4.45,15.75,16.756,652
2022-08-12T00:00:00.000Z,2.9,60.8,31.1,8.3,37.7,14.532,638
2022-08-13T00:00:00.000Z,17.5,107.5,41.2,34.2,44.5,12.218,634
2022-08-14T00:00:00.000Z,23.1,60.8,35,28.4,40.6,7.38,473
2022-08-15T00:00:00.000Z,26.6,53.8,43.1,35.15,46.55,7.038,657
2022-08-16T00:00:00.000Z,23.7,70.4,40.95,31.2,49,10.394,658
2022-08-17T00:00:00.000Z,14.5,233.2,35.95,32.6,43.5,18.593,642
2022-08-18T00:00:00.000Z,30.1,64.5,48.5,44.5,54.4,8.333,651
2022-08-19T00:00:00.000Z,0.5,73.4,52.7,7.6,60.4,25.155,640
2022-08-20T00:00:00.000Z,0.9,84.1,22.5,15.45,28.05,13.66,620
2022-08-21T00:00:00.000Z,1.2,95.5,7.3,5,12.4,10.624,650
2022-08-22T00:00:00.000Z,7,96.8,22.2,14.9,27,11.388,667
2022-08-23T00:00:00.000Z,30.3,65.7,44.7,38.3,52.4,8.054,671
2022-08-24T00:00:00.000Z,16,146.8,32,25.9,35.6,9.4,649
2022-08-25T00:00:00.000Z,6.9,48.3,17.1,14.4,25.1,8.372,637
2022-08-26T00:00:00.000Z,0.1,73.2,9.8,7.5,17,11.244,661
2022-08-27T00:00:00.000Z,15.1,61.4,23,19.5,32.1,8.012,671
2022-08-28T00:00:00.000Z,21.1,50.2,32.8,29,37.1,5.526,655
2022-08-29T00:00:00.000Z,33.7,56.2,46.2,39.54,48.8,5.412,657
2022-08-30T00:00:00.000Z,27.5,53.3,44.6,38.79,48.5,5.607,636
2022-08-31T00:00:00.000Z,22.7,65,52,40.79,56.3,9.149,643
2022-09-01T00:00:00.000Z,16.3,73,29.1,25.2,34.9,9.466,676
2022-09-02T00:00:00.000Z,25.4,71.8,34.3,30.35,43.15,9.809,660
2022-09-03T00:00:00.000Z,16.8,63.9,50.6,46.5,53.3,6.564,641
2022-09-04T00:00:00.000Z,2.5,61.3,10.7,6.6,12.2,5.062,633
2022-09-05T00:00:00.000Z,16.7,64.5,20.5,19.2,23.2,5.314,659
2022-09-06T00:00:00.000Z,23.3,57.5,34.7,30.3,40.7,5.802,645
2022-09-07T00:00:00.000Z,32.6,171.6,47.7,41.2,52.4,11.649,666
2022-09-08T00:00:00.000Z,3.7,78,12,6.8,40,18.18,618
2022-09-09T00:00:00.000Z,3.8,113.9,9.9,7.9,14.1,8.317,625
2022-09-10T00:00:00.000Z,4.7,41,9.6,7.4,11.9,5.266,610
2022-09-11T00:00:00.000Z,6.3,275.7,24.9,19,32.4,16.197,646
2022-09-12T00:00:00.000Z,15.4,55.5,35.6,24.4,44.85,10.552,585
2022-09-13T00:00:00.000Z,17.4,47.8,28.2,21.4,36.2,8.151,283
2022-09-15T00:00:00.000Z,52.5,75.6,61.8,56.1,67.5,5.908,255
2022-10-16T00:00:00.000Z,49.2,76.8,59.7,56.8,62.3,4.306,406
2022-10-17T00:00:00.000Z,30.1,74.3,56.4,41.2,60.4,11.242,655
2022-10-18T00:00:00.000Z,27.2,126.6,52.45,37,62.2,15.813,466
2022-10-21T00:00:00.000Z,8,78.1,25.1,17,35.4,14.137,643
2022-10-22T00:00:00.000Z,18.3,211.7,29.9,25.5,34.8,18.302,664
2022-10-23T00:00:00.000Z,17.4,225.2,41.15,28.4,45.1,20.479,674
2022-10-24T00:00:00.000Z,31.8,191.7,64.8,56.2,70,17.403,662
2022-10-25T00:00:00.000Z,54.4,280.8,66.6,60.35,78.84,23.172,641
2022-10-26T00:00:00.000Z,52.4,263.4,57.3,55.6,62,26.333,664
2022-10-27T00:00:00.000Z,44.3,157.8,55.2,50.8,60.95,13.162,645
2022-10-28T00:00:00.000Z,41.1,227.9,48.6,46.3,60.4,16.157,665
2022-10-29T00:00:00.000Z,48.7,287.5,63.2,61.2,64.8,18.344,636
2022-10-30T00:00:00.000Z,41.8,127.3,54.7,51.8,56.5,5.721,489
2022-10-31T00:00:00.000Z,11.7,204.4,28.2,22.4,43.8,20.664,643
2022-11-01T00:00:00.000Z,13.4,329.5,39.9,23,48.45,28.618,656
2022-11-02T00:00:00.000Z,29.7,166.4,49.55,46.4,56.6,15.147,676
2022-11-03T00:00:00.000Z,20.4,127.7,51.1,47.8,54.1,11.778,625
2022-11-04T00:00:00.000Z,33.5,250.5,56.7,52.6,64.4,23.779,671
2022-11-05T00:00:00.000Z,51.1,345.2,63.7,60.3,66.9,25.828,657
2022-11-06T00:00:00.000Z,66.6,173.9,78.9,75.4,89.25,17.102,665
2022-11-07T00:00:00.000Z,72.5,248.7,79,76.4,83.6,15.937,666
2022-11-08T00:00:00.000Z,72.2,132.8,81.5,78.2,89.5,9.242,670
2022-11-09T00:00:00.000Z,69.5,337.8,79.7,76.9,87.3,32.68,681
2022-11-10T00:00:00.000Z,56,301.8,72.3,68.9,78.2,42.084,666
2022-11-11T00:00:00.000Z,58.8,169.5,75,66.2,81.3,13.467,644
2022-11-12T00:00:00.000Z,42,173.9,58.4,54.2,60.7,14.665,670
2022-11-13T00:00:00.000Z,38.8,231.7,58.6,53.7,61,17.835,668
2022-11-14T00:00:00.000Z,53.9,252.9,68.9,66,71,14.286,663
2022-11-15T00:00:00.000Z,27.1,87.5,65.2,54.5,71.3,13.745,651
2022-11-16T00:00:00.000Z,33.1,83.6,48.3,42,53.8,9.722,668
2022-11-17T00:00:00.000Z,25.9,78.5,45.9,37,62.45,14.046,633
2022-11-18T00:00:00.000Z,13.8,146,37.79,21.35,44.6,14.742,660
2022-11-19T00:00:00.000Z,14.1,295.2,35.6,32.6,43.4,19.732,658
2022-11-20T00:00:00.000Z,10.4,72.5,26.35,18.6,30.8,8.959,658
2022-11-21T00:00:00.000Z,36.2,387,56.8,46.8,60.4,37.203,662
2022-11-22T00:00:00.000Z,48.7,635.7,58.65,53.2,63,35.605,662
2022-11-23T00:00:00.000Z,32.6,432.2,61.9,58,64.59,29.438,658
2022-11-24T00:00:00.000Z,14.9,189.7,34.5,24,46.6,18.37,666
2022-11-25T00:00:00.000Z,14.5,216.2,32,26.8,41.8,21.132,675
2022-11-26T00:00:00.000Z,15.8,291.1,36.95,32.65,47.15,29.986,660
2022-11-27T00:00:00.000Z,18.8,73.2,40,34.79,46.8,9.599,654
2022-11-28T00:00:00.000Z,35.3,134,48.1,43.7,53.65,13.997,656
2022-11-29T00:00:00.000Z,45,304.4,55.8,52.5,59.1,24.078,651
2022-11-30T00:00:00.000Z,0.6,334.2,49.9,3.65,59.5,38.258,645
2022-12-01T00:00:00.000Z,1.8,23.4,6,4.2,8.55,3.399,588
2022-12-02T00:00:00.000Z,9,356.6,18.9,15.5,35.65,44.701,680
2022-12-03T00:00:00.000Z,21.4,345.9,37,31.2,52.2,26.449,669
2022-12-04T00:00:00.000Z,6.1,64.6,22,13.6,33.2,12.946,679
2022-12-05T00:00:00.000Z,5.8,111.4,45.5,17,54.1,21.571,667
2022-12-06T00:00:00.000Z,38.5,254.9,51.4,47.65,56.45,26.846,657
2022-12-07T00:00:00.000Z,54.4,223.9,69.7,61.4,75.95,16.581,657
2022-12-08T00:00:00.000Z,31.6,261.4,49.6,42.8,55.5,25.494,678
2022-12-09T00:00:00.000Z,26.5,227.4,50.15,43.45,56.3,18.653,656
2022-12-10T00:00:00.000Z,38.8,236.1,51.5,49.3,59.2,18.787,665
2022-12-11T00:00:00.000Z,49.4,156.9,60.3,58.9,63.45,16.077,652
2022-12-12T00:00:00.000Z,52.2,234.8,60.7,57.15,66.7,20.355,649
2022-12-13T00:00:00.000Z,60.1,267.2,76.09,71.4,81.59,17.032,660
2022-12-14T00:00:00.000Z,58.7,215.7,72.55,66.4,82.85,16.949,672
2022-12-15T00:00:00.000Z,59.3,162.1,86.7,79.9,100.5,19.436,655
2022-12-16T00:00:00.000Z,79,428.5,118.2,103.2,136.69,32.622,668
2022-12-17T00:00:00.000Z,53,259.8,64.59,61,73.09,16.384,672
2022-12-18T00:00:00.000Z,29.8,123.8,63.3,53.1,66.09,13.415,669
2022-12-19T00:00:00.000Z,55.4,128.2,81.3,65.1,88.6,15.613,663
2022-12-20T00:00:00.000Z,79.2,158,109,93.7,123.2,18.302,662
2022-12-21T00:00:00.000Z,82.8,259.9,121.8,104,141.1,30,619
2022-12-22T00:00:00.000Z,74.7,248.9,100.15,87.8,126.7,34.439,676
2022-12-23T00:00:00.000Z,56.6,257.7,73.2,69.9,99.75,32.067,633
2022-12-24T00:00:00.000Z,61,610.3,80.8,73.2,92.1,56.296,651
2022-12-25T00:00:00.000Z,65.9,144.5,79.84,75.6,87.45,11.355,672
2022-12-26T00:00:00.000Z,72.8,474.6,95.7,87.15,105.35,34.269,637
2022-12-27T00:00:00.000Z,61.6,298,79.59,70.4,87.8,30.83,634
2022-12-28T00:00:00.000Z,9.7,610,20.35,15.3,56.05,55.983,656
2022-12-29T00:00:00.000Z,13.7,214.1,38.35,29.2,53.8,28.972,646
2022-12-30T00:00:00.000Z,35.4,590.4,48.8,42.2,67.4,53.917,667
2022-12-31T00:00:00.000Z,44,239.7,56.65,53.05,60.7,15.892,640
2023-01-01T00:00:00.000Z,34.3,257.9,57.9,49.2,69.59,36.942,669
2023-01-02T00:00:00.000Z,37.1,408.9,63.35,59.1,73.9,26.612,606
2023-01-03T00:00:00.000Z,55.1,475,62.2,60,80.2,41.425,664
2023-01-04T00:00:00.000Z,61.5,155,105.8,74.4,112.2,22.222,651
2023-01-05T00:00:00.000Z,84.2,470.8,116.5,90.4,162,76.469,663
2023-01-06T00:00:00.000Z,49.2,180.8,63.35,56.1,81,18.187,622
2023-01-07T00:00:00.000Z,50.8,445.6,68.3,61.5,77.75,41.741,649
2023-01-08T00:00:00.000Z,57.8,358.3,79.55,68.05,98.2,27.42,660
2023-01-09T00:00:00.000Z,71.7,128.3,98,77.95,102.7,13.025,673
2023-01-10T00:00:00.000Z,93.1,168.4,148,120.75,152.9,20.51,644
2023-01-11T00:00:00.000Z,76.6,749.9,97.1,83,122.45,68.764,652
2023-01-12T00:00:00.000Z,56.7,156,73.3,68.59,84,17.34,626
2023-01-13T00:00:00.000Z,58,159,75.59,65.9,87.3,14.371,626
2023-01-14T00:00:00.000Z,66.5,336,88.95,80.25,108.75,26.325,628
2023-01-15T00:00:00.000Z,16.7,707.1,60.1,25.6,123,92.611,659
2023-01-16T00:00:00.000Z,37.9,527,58.85,50.95,74.15,76.605,660
2023-01-17T00:00:00.000Z,44.2,319.5,57,52,61.85,29.298,660
2023-01-18T00:00:00.000Z,46.9,549,55.2,52.6,61.75,64.575,644
2023-01-19T00:00:00.000Z,56.2,1155.6,125.25,89.75,168.85,148.244,684
2023-01-20T00:00:00.000Z,65.3,248.7,78.59,73.59,90.2,25.795,647
2023-01-21T00:00:00.000Z,65.9,195,83.1,74.8,96.55,19.334,629
2023-01-22T00:00:00.000Z,73.4,122.4,89.3,85,95.1,9.069,666
2023-01-23T00:00:00.000Z,24.8,117.7,81.55,35.4,88.5,28.108,666
2023-01-24T00:00:00.000Z,29.6,92.7,45.5,41.1,51.85,10.263,665
2023-01-25T00:00:00.000Z,41.8,340.3,72.4,62.8,79.15,26.776,665
2023-01-26T00:00:00.000Z,53.7,219,76.59,66.8,92.4,26.184,655
2023-01-27T00:00:00.000Z,46.6,57.8,54.1,50.9,55.3,2.696,645
2023-01-28T00:00:00.000Z,56.3,212.2,72.3,65,99.9,31.106,641
2023-01-29T00:00:00.000Z,64.8,94.9,71.8,68.84,74.95,7.723,645
2023-01-30T00:00:00.000Z,66.6,113,91.3,75.4,102,14.201,643
2023-01-31T00:00:00.000Z,80,156.3,97.6,92.45,102.2,10.603,653
2023-02-01T00:00:00.000Z,103.5,454.9,143.9,125.75,211.2,72.893,629
2023-02-02T00:00:00.000Z,95.6,299.6,120.2,102.35,138.65,49.117,629
2023-02-03T00:00:00.000Z,77.6,130.4,107,95.4,117.9,13.686,563
2023-02-04T00:00:00.000Z,42.1,210.4,72.7,59.9,116.3,44.397,628
2023-02-05T00:00:00.000Z,22.1,69,37.5,30.4,44.4,9.07,657
2023-02-06T00:00:00.000Z,18.2,53.6,30.6,25.4,42.5,9.439,638
2023-02-07T00:00:00.000Z,15.5,58.8,27.5,22.05,43.2,11.007,621
2023-02-08T00:00:00.000Z,15.7,73.4,42.2,19,53.85,17.911,620
2023-02-09T00:00:00.000Z,17.7,51.4,32.3,26.75,36.5,7.44,500
2023-02-10T00:00:00.000Z,17,66.1,40.5,35.5,45.9,9.1,623
2023-02-11T00:00:00.000Z,43.8,65.2,58.6,56.8,60.5,3.322,313
2023-02-19T00:00:00.000Z,44.8,274.2,51.6,49.8,61.7,23.334,362
2023-02-20T00:00:00.000Z,42.5,122.3,51.7,48,55,8.797,639
2023-02-21T00:00:00.000Z,57.8,136.1,97.2,85.75,112,15.972,649
2023-02-22T00:00:00.000Z,66.5,109.8,75.4,73,79.8,10.458,647
2023-02-23T00:00:00.000Z,68.2,128,74,71.59,78.65,11.54,656
2023-02-24T00:00:00.000Z,14.3,189.6,32,22.3,71.3,30.188,678
2023-02-25T00:00:00.000Z,34,291.7,50.6,43.4,64.3,22.338,656
2023-02-26T00:00:00.000Z,51.8,258.8,73.2,62.95,76.95,21.445,653
2023-02-27T00:00:00.000Z,60.1,311.6,99.45,89.6,107.9,33.796,662
2023-02-28T00:00:00.000Z,80,179.8,104.2,93.05,115.2,17.428,664
2023-03-01T00:00:00.000Z,71.1,216.5,95,85.6,116.2,21.214,683
2023-03-02T00:00:00.000Z,80.8,242.6,95.9,91.2,105.9,21.468,655
2023-03-03T00:00:00.000Z,45.1,348.2,103.6,97.6,110,26.481,649
2023-03-04T00:00:00.000Z,47,294.2,59.6,50.4,65.05,28.008,621
2023-03-05T00:00:00.000Z,55.9,172.4,74.15,68.09,76.59,17.745,598
2023-03-06T00:00:00.000Z,61.9,188.6,94.8,84.4,119.7,28.66,639
2023-03-07T00:00:00.000Z,62.7,248.2,79.2,77,83.4,27.067,639
2023-03-08T00:00:00.000Z,56.6,197,67.6,63.35,74.75,19.271,649
2023-03-09T00:00:00.000Z,47.4,107.9,60.7,58.1,66.09,11.953,626
2023-03-10T00:00:00.000Z,67.4,390.1,101.5,94.05,109.4,26.894,661
2023-03-11T00:00:00.000Z,59.6,178.7,74.3,65.5,93.95,18.896,617
2023-03-12T00:00:00.000Z,7.1,147.9,63.6,54.9,67.2,19.004,643
2023-03-13T00:00:00.000Z,13.8,137.6,33.25,26,43.45,15.583,652
2023-03-14T00:00:00.000Z,41,84.9,67.75,58.9,72.59,9.319,646
2023-03-15T00:00:00.000Z,43.8,180.7,89.7,83.55,96.35,19.703,653
2023-03-16T00:00:00.000Z,25.2,243.7,46.1,41.1,54.3,22.665,655
2023-03-17T00:00:00.000Z,55.1,215.4,68.59,61.6,76.8,22.134,662
2023-03-18T00:00:00.000Z,58.1,95.6,68.2,63.9,72.8,6.327,660
2023-03-19T00:00:00.000Z,53.2,221.4,64.2,60.8,68.2,13.178,648
2023-03-20T00:00:00.000Z,58.4,119,72.8,68.9,76.7,7.659,663
2023-03-21T00:00:00.000Z,64,125.8,88.4,73.6,96.2,13.514,649
2023-03-22T00:00:00.000Z,71.4,181.5,87.6,77.1,98.1,17.815,661
2023-03-23T00:00:00.000Z,83.3,196.3,117.4,93.9,127.5,18.707,674
2023-03-24T00:00:00.000Z,63.6,163.3,112.4,88,127.6,26.383,651
2023-03-25T00:00:00.000Z,8.9,194.5,78.1,20.8,87.2,37.5,676
2023-03-26T00:00:00.000Z,12.4,198,32.1,27.5,40.4,16.557,683
2023-03-27T00:00:00.000Z,18.1,245.9,32.1,24.3,37.1,24.002,685
2023-03-28T00:00:00.000Z,24.4,78.6,47.2,40.54,51.05,9.76,653
2023-03-29T00:00:00.000Z,10.2,113.1,28.9,19.7,39.7,14.224,663
2023-03-30T00:00:00.000Z,12.1,195.2,45.7,36.2,52.8,27.108,643
2023-03-31T00:00:00.000Z,24.4,105.8,63.2,33.4,69.8,18.475,687
2023-04-01T00:00:00.000Z,29.5,182.7,55.9,51.1,59.1,14.084,683
2023-04-02T00:00:00.000Z,20,70,46.9,34.1,54.4,11.975,681
2023-04-03T00:00:00.000Z,55.5,91.7,71.1,66.8,74.3,6.058,658
2023-04-04T00:00:00.000Z,64.7,126.6,83,78.59,94.35,10.661,665
2023-04-05T00:00:00.000Z,79.6,623.2,102.5,88.8,125.6,33.617,673
2023-04-06T00:00:00.000Z,31.4,242.7,107.7,58.55,123.2,37.344,668
2023-04-07T00:00:00.000Z,27,271.5,67.1,57.25,76.5,23.366,644
2023-04-08T00:00:00.000Z,46.8,272.2,63.7,57.1,68.59,25.103,667
2023-04-09T00:00:00.000Z,30.3,247.2,57.3,50.6,62.9,24.562,662
2023-04-10T00:00:00.000Z,27.5,472.9,48.1,43.2,51.85,32.012,665
2023-04-11T00:00:00.000Z,33,61.5,49.5,43.8,51.6,5.545,675
2023-04-12T00:00:00.000Z,39,72.7,53.05,50.4,59.5,5.827,658
2023-04-13T00:00:00.000Z,49.3,54.9,52.9,52.15,53.7,1.179,52
2023-04-14T00:00:00.000Z,38.6,38.6,38.6,38.6,38.6,0,1
2023-04-15T00:00:00.000Z,25.4,97.7,42,37.65,45.9,11.233,669
2023-04-16T00:00:00.000Z,47.1,170.7,61.05,56.3,66.59,12.594,678
2023-04-17T00:00:00.000Z,55.8,650.1,77.5,70.55,89.35,72.498,656
2023-04-18T00:00:00.000Z,47.9,212.8,69.34,58.3,106.7,42.111,674
2023-04-19T00:00:00.000Z,64.1,110.7,73.4,68.59,79.4,6.469,661
2023-04-20T00:00:00.000Z,64.3,102.2,74.34,67.65,84.15,9.684,660
2023-04-21T00:00:00.000Z,66.2,181.7,105.65,72.4,115.6,25.538,664
2023-04-22T00:00:00.000Z,62.5,112,77.8,69.09,96.5,14.347,655
2023-04-23T00:00:00.000Z,47.2,114,68,58.45,78.95,12.492,661
2023-04-24T00:00:00.000Z,38.1,69,53.9,46.2,59.7,8.335,671
2023-04-25T00:00:00.000Z,2.8,95.2,21.5,14.3,27.6,13.163,664
2023-04-26T00:00:00.000Z,15.4,75.8,28.4,24.45,34,9.131,676
2023-04-27T00:00:00.000Z,44,98.5,63.1,53.9,66.7,9.196,657
2023-04-28T00:00:00.000Z,14.9,203.9,55.7,52.15,59.95,19.833,664
2023-04-29T00:00:00.000Z,17,75.4,23.35,20.2,35,9.516,666
2023-04-30T00:00:00.000Z,19.6,80.5,30.95,27.1,36.15,8.134,672
2023-05-01T00:00:00.000Z,21.5,64.3,36.85,32.29,47.3,9.026,658
2023-05-02T00:00:00.000Z,33.1,186.8,49.6,46.1,54.4,15.131,660
2023-05-03T00:00:00.000Z,28.2,144.5,50.9,42.8,60.4,13.649,666
2023-05-04T00:00:00.000Z,45.8,79,52.3,49.95,56.9,6.79,652
2023-05-05T00:00:00.000Z,52.2,93.8,65.09,57.5,68.2,6.62,651
2023-05-06T00:00:00.000Z,51,171.3,65.3,63.5,67.55,12.104,657
2023-05-07T00:00:00.000Z,5.8,82.6,61.15,10.7,68,26.249,654
2023-05-08T00:00:00.000Z,6.2,230.7,14.1,11.2,19.6,24.077,652
2023-05-09T00:00:00.000Z,4.1,355.5,14.6,10.8,20.7,28.396,656
2023-05-10T00:00:00.000Z,4.4,111.9,21.1,14.9,39.1,15.548,617
2023-05-11T00:00:00.000Z,10,72.3,16.5,12.4,29.2,11.457,646
2023-05-12T00:00:00.000Z,11.1,47.5,16.8,15.1,19.4,5.471,659
2023-05-13T00:00:00.000Z,11,115.5,35.45,21,41.3,15.073,676
2023-05-14T00:00:00.000Z,5.5,208,16.3,12.5,25,20.358,669
2023-05-15T00:00:00.000Z,23.4,151.8,49.7,36.5,53.3,25.573,666
2023-05-16T00:00:00.000Z,36.8,305.4,50.2,45.35,52.4,18.651,593
2023-05-17T00:00:00.000Z,38.5,139.7,47.5,45.3,53,9.746,661
2023-05-18T00:00:00.000Z,33.1,287.2,48.75,42.3,52.3,31.464,656
2023-05-19T00:00:00.000Z,57.9,223.9,62.75,60.8,67.2,16.789,658
2023-05-20T00:00:00.000Z,57.7,269.6,61.8,60.5,65.2,16.286,646
2023-05-21T00:00:00.000Z,49.4,132.5,57.7,54.6,61.2,8.857,652
2023-05-22T00:00:00.000Z,44,124.9,60.7,53.2,62.6,8.819,663
2023-05-23T00:00:00.000Z,10.8,94.9,60.95,54.1,63.6,17.449,660
2023-05-24T00:00:00.000Z,11.7,60.7,24.7,17.89,30.4,10.174,655
2023-05-25T00:00:00.000Z,14.6,62.7,28.7,22.7,37.5,10.423,649
2023-05-26T00:00:00.000Z,13,62.8,26.75,17.85,31.5,8.106,660
2023-05-27T00:00:00.000Z,18.6,69,36.4,28.8,42.6,11.664,658
2023-05-28T00:00:00.000Z,12.2,57.4,30.6,22.4,35.8,9.537,672
2023-05-29T00:00:00.000Z,12.7,61.4,26,19.4,41.2,12.965,670
2023-05-30T00:00:00.000Z,35.5,78.9,47.7,44,54.6,7.889,655
2023-05-31T00:00:00.000Z,26.8,68.5,48,44.1,55,9.606,646
2023-06-01T00:00:00.000Z,14.5,63.2,43.8,28.4,50.9,13.506,650
2023-06-02T00:00:00.000Z,7,65.9,25.2,13.6,41.05,15.43,616
2023-06-03T00:00:00.000Z,7,69.8,14.7,11.2,26,17.773,644
2023-06-04T00:00:00.000Z,10.6,61.3,29.9,17.1,39.6,11.887,638
2023-06-05T00:00:00.000Z,19.9,65.9,30.8,26.85,38,9.293,636
2023-06-06T00:00:00.000Z,7.7,83.4,23.9,18.05,30.9,12.028,649
2023-06-07T00:00:00.000Z,11.4,552.5,21.9,15.65,31.1,50.471,637
2023-06-08T00:00:00.000Z,1.5,60.8,11.9,7.5,44.3,19.059,641
2023-06-09T00:00:00.000Z,10.7,354.7,18,15.3,22.6,19.125,629
2023-06-10T00:00:00.000Z,19.3,57.2,28.2,25.1,32.5,7.919,672
2023-06-11T00:00:00.000Z,35.9,85.2,58.6,51.7,67.5,10.247,406
2023-06-12T00:00:00.000Z,15,151.4,54.6,19.8,63.3,26.372,646
2023-06-13T00:00:00.000Z,2.5,38,19.39,12.2,26,9.579,646
2023-06-14T00:00:00.000Z,8.7,38.8,13.2,11.6,14.7,3.514,552
2023-06-15T00:00:00.000Z,15.1,93.8,33.4,26.7,37.9,11.072,644
2023-06-16T00:00:00.000Z,8.2,52.4,31.3,23.7,43.55,12.428,673
2023-06-17T00:00:00.000Z,10.6,65.3,21.5,16.5,29.1,8.609,646
2023-06-18T00:00:00.000Z,7.7,47.8,22.95,11.1,29.3,11.092,640
2023-06-19T00:00:00.000Z,12.7,50.1,35.45,23.4,41,9.434,654
2023-06-20T00:00:00.000Z,12.1,67.7,31.1,15.2,38.2,12.375,650
2023-06-21T00:00:00.000Z,11.8,61.1,24.8,21.7,34.25,11.539,657
2023-06-22T00:00:00.000Z,0.2,62.3,23.5,18.2,38.79,15.16,640
2023-06-23T00:00:00.000Z,0.2,57.6,9.15,2.6,11.4,7.363,618
2023-06-24T00:00:00.000Z,0,209.4,2.7,1.3,6.1,20.697,626
2023-06-25T00:00:00.000Z,1.8,79.7,6.3,5,8.6,10.836,633
2023-06-26T00:00:00.000Z,4.1,48.7,18.3,9,22.4,10.489,635
2023-06-27T00:00:00.000Z,6.3,36.8,20.7,16.1,25.2,6.028,678
2023-06-28T00:00:00.000Z,10.5,33.1,16.4,14.15,20.45,5.16,668
2023-06-29T00:00:00.000Z,13.5,39.8,22.9,20.2,28.8,6.258,609
2023-06-30T00:00:00.000Z,18.2,72.8,33.3,30.6,38.1,6.981,656
2023-07-01T00:00:00.000Z,0.4,65.1,30.5,4.3,39.5,18.03,635
2023-07-02T00:00:00.000Z,6.1,59.1,22.2,19.8,24.2,9.554,649
2023-07-03T00:00:00.000Z,1,101.7,9,2.9,24.2,17.378,615
2023-07-04T00:00:00.000Z,3.6,108.7,7.45,5.5,19.5,11.069,640
2023-07-05T00:00:00.000Z,7.8,38.4,16.6,13.9,25.3,6.739,609
2023-07-06T00:00:00.000Z,11.4,49.6,17.89,15.2,24.5,8.69,627
2023-07-07T00:00:00.000Z,19.1,63.2,29.4,24.3,34.5,7.963,675
2023-07-08T00:00:00.000Z,4.7,34.6,17.64,9.9,30.1,10.172,654
2023-07-09T00:00:00.000Z,6.8,26.6,14,10.3,17.5,4.386,643
2023-07-10T00:00:00.000Z,17.9,316.8,30.3,23.4,39.6,35.778,663
2023-07-11T00:00:00.000Z,1,73.5,27.4,4.4,35.4,16.18,659
2023-07-12T00:00:00.000Z,1.1,66.6,4.2,2.85,12.75,11.384,404
2023-07-13T00:00:00.000Z,7.9,31.7,19,12.8,22.9,5.812,651
2023-07-14T00:00:00.000Z,10.1,523.8,33.1,24.6,39,33.707,623
2023-07-15T00:00:00.000Z,5,250.4,9,7.2,13.8,27.367,636
2023-07-16T00:00:00.000Z,6.8,132.2,14.7,12.4,18.5,11.329,638
2023-07-17T00:00:00.000Z,7.6,39,20.1,16,24.75,6.516,652
2023-07-18T00:00:00.000Z,10.2,47.6,21.7,16.3,26.8,9.02,658
2023-07-19T00:00:00.000Z,2.7,86.9,10.2,6.3,13.05,12.237,645
2023-07-20T00:00:00.000Z,8.3,38.6,17.4,14.3,19.2,4.082,676
2023-07-21T00:00:00.000Z,14,148.4,30.2,21.7,32.7,13.584,635
2023-07-22T00:00:00.000Z,19.3,58.2,31.8,26.85,37.29,8.439,617
2023-07-23T00:00:00.000Z,10.7,42.5,22.2,18.14,26.9,7.235,653
2023-07-24T00:00:00.000Z,11.5,39.2,20,16.6,26.6,6.928,618
2023-07-25T00:00:00.000Z,17.6,57.5,31.65,25.75,37.25,7.564,628
2023-07-26T00:00:00.000Z,23.7,77.9,34.7,30.5,43.25,8.825,248
2023-07-27T00:00:00.000Z,0.1,49.1,38.79,7.5,41.4,16.615,514
2023-07-28T00:00:00.000Z,2.3,240.9,11.1,8,16,23.837,622
2023-07-29T00:00:00.000Z,15.1,39.5,21.3,18.5,23.7,4.744,297
2023-07-30T00:00:00.000Z,13.4,37.4,26.1,23.5,29,5.47,631
2023-07-31T00:00:00.000Z,2.5,109,10.1,8.3,15.5,10.861,660
2023-08-01T00:00:00.000Z,0.2,61.4,6.3,1.6,13.6,8.61,650
2023-08-02T00:00:00.000Z,1.9,32.4,10.1,8.6,12.5,3.231,643
2023-08-03T00:00:00.000Z,1.5,24.4,5.4,3.6,11,4.45,614
2023-08-04T00:00:00.000Z,1.5,20.5,5.7,4,7.8,2.866,629
2023-08-05T00:00:00.000Z,0.8,18,6.4,5,8.5,2.831,645
2023-08-06T00:00:00.000Z,3.3,54.6,8.5,6.3,14.9,7.46,615
2023-08-07T00:00:00.000Z,1.8,22.5,6.4,4.34,8.9,3.579,637
2023-08-08T00:00:00.000Z,0,54.3,8.19,3.1,12,6.511,587
2023-08-09T00:00:00.000Z,1,26.5,8.69,6.1,16.89,6.229,627
2023-08-10T00:00:00.000Z,2.3,111.1,10.5,6,14.75,13.723,657
2023-08-11T00:00:00.000Z,0.3,17,3.7,1.6,7,3.297,637
2023-08-12T00:00:00.000Z,1.9,49.3,8.19,4.8,10.9,6.939,642
2023-08-13T00:00:00.000Z,4.2,44.7,15.25,8.19,22.6,9.076,662
2023-08-14T00:00:00.000Z,2.1,198.9,32.7,12.65,39.2,26.017,653
2023-08-15T00:00:00.000Z,4.4,19.6,12,10.1,13.8,2.844,638
2023-08-16T00:00:00.000Z,9.2,32.2,15.5,13.5,19.6,5.368,627
2023-08-17T00:00:00.000Z,3,72.3,26.1,23.6,28,5.451,651
2023-08-18T00:00:00.000Z,1,62.2,5.9,4.2,8.3,7.866,650
2023-08-19T00:00:00.000Z,0.3,400.2,12.1,8.85,17.85,49.586,628
2023-08-20T00:00:00.000Z,1.3,37.6,12.6,9.6,16.89,5.258,639
2023-08-21T00:00:00.000Z,11,245.5,27.7,24.6,30.2,21.401,658
2023-08-22T00:00:00.000Z,11.4,86.9,25,17.89,28.2,7.743,667
2023-08-23T00:00:00.000Z,0.4,139.5,27,11.05,32.2,18.668,645
2023-08-24T00:00:00.000Z,0,247.7,6,3.1,10,22.127,610
2023-08-25T00:00:00.000Z,0,69.9,6.8,2.04,9.15,8.933,565
2023-08-26T00:00:00.000Z,7.1,38.8,19.4,11,23.7,7.729,511
2023-08-27T00:00:00.000Z,2.5,39.1,18.8,4.75,29.1,11.402,644
2023-08-28T00:00:00.000Z,2,91.3,11.25,6.1,14.7,10.894,634
2023-08-29T00:00:00.000Z,7.3,98.4,14.3,11.9,16.6,12.042,641
2023-08-30T00:00:00.000Z,9,40.1,19.8,12.7,22.1,5.988,607
2023-08-31T00:00:00.000Z,11.5,56.9,26.6,19.5,30,7.991,651
2023-09-01T00:00:00.000Z,11.9,122.5,26.4,23.1,30,12.924,626
2023-09-02T00:00:00.000Z,15.4,35.5,26.1,22.8,29.6,4.73,620
2023-09-03T00:00:00.000Z,7.6,143,38,19.64,52.5,21.566,637
2023-09-04T00:00:00.000Z,5.3,40.5,9.69,8.4,11.55,3.617,660
2023-09-05T00:00:00.000Z,5.9,82.1,13.95,11.2,16.8,6.637,622
2023-09-06T00:00:00.000Z,8,38.3,20.39,14.8,25,6.713,647
2023-09-07T00:00:00.000Z,4.6,115.7,14.7,8,18.6,15.555,634
2023-09-08T00:00:00.000Z,5.8,99.2,12.1,9.1,13.95,7.87,629
2023-09-09T00:00:00.000Z,2.8,45.8,6.8,4.75,10,7.984,649
2023-09-10T00:00:00.000Z,3,93.4,11.9,9.6,15.2,9.624,637
2023-09-11T00:00:00.000Z,6.5,44.8,26.2,12.6,32.3,11.403,651
2023-09-12T00:00:00.000Z,0,57.3,31.2,1.5,34.6,16.772,607
2023-09-13T00:00:00.000Z,1.6,141.7,7.8,6.5,51.3,29.722,387
2023-09-14T00:00:00.000Z,7.2,298.5,12.5,10.4,31.5,42.467,649
2023-09-15T00:00:00.000Z,8.1,164.3,11.9,10.4,16.3,23.602,639
2023-09-16T00:00:00.000Z,3.4,54.4,7.9,5.45,16.1,7.251,656
2023-09-17T00:00:00.000Z,5.9,25,10.15,8.19,12.5,2.92,632
2023-09-18T00:00:00.000Z,13.1,60.3,23.6,18.4,26.1,6.421,638
2023-09-19T00:00:00.000Z,6.2,47.1,17.3,12.4,22.35,7.802,613
2023-09-20T00:00:00.000Z,9.5,53,18.2,15.7,28.5,8.894,614
2023-09-21T00:00:00.000Z,15.2,103.1,34.75,22.7,39.7,15.158,622
2023-09-22T00:00:00.000Z,22.7,47.1,31.45,27,35.79,5.265,614
2023-09-23T00:00:00.000Z,16.1,61.9,30.1,20.5,36.6,10.799,645
2023-09-24T00:00:00.000Z,17.6,184.4,34.6,27.3,38.4,13.075,655
2023-09-25T00:00:00.000Z,11,310.1,32.54,24.6,39.79,39.105,650
2023-09-26T00:00:00.000Z,4.3,134.5,11.8,9.2,18.39,11.132,648
2023-09-27T00:00:00.000Z,1.8,21.3,7.9,6.5,9.25,3.054,637
2023-09-28T00:00:00.000Z,2.1,100.7,6.7,4.2,8.5,9.493,639
2023-09-29T00:00:00.000Z,4.8,16.4,8.8,7.1,11.6,2.524,638
2023-09-30T00:00:00.000Z,9.5,34.3,16,14.4,18.89,4.341,637
2023-10-01T00:00:00.000Z,19.3,98.6,38.7,32.7,44.5,14.788,640
2023-10-02T00:00:00.000Z,14.7,50.7,33.4,27.2,37.5,8.225,683
2023-10-03T00:00:00.000Z,22.5,70.3,39.1,34.2,43.2,8.074,665
2023-10-04T00:00:00.000Z,27.8,168.6,43.7,40,46.3,7.955,647
2023-10-05T00:00:00.000Z,28.8,483.8,48.9,42.2,53.9,35.05,660
2023-10-06T00:00:00.000Z,2.5,58.1,21.8,7.35,30,13.019,640
2023-10-07T00:00:00.000Z,0.1,61.7,3.8,2.5,8.7,5.643,609
2023-10-08T00:00:00.000Z,2.8,35.1,7.9,5.8,10.4,3.551,647
2023-10-09T00:00:00.000Z,10.2,346.1,16.6,13,19.8,16.21,677
2023-10-10T00:00:00.000Z,10.8,56.7,25.5,16.89,30.7,9.463,650
2023-10-11T00:00:00.000Z,18.4,51.6,29.75,25.35,38.2,7.987,652
2023-10-12T00:00:00.000Z,19.1,94.5,26.4,23.2,32.9,7.786,661
2023-10-13T00:00:00.000Z,20.1,301.5,30.05,26.5,35.3,39.299,658
2023-10-14T00:00:00.000Z,0.1,65.4,3.7,2.4,20.5,9.895,662
2023-10-15T00:00:00.000Z,1.3,109.1,12.75,7,16.1,14.429,654
2023-10-16T00:00:00.000Z,11.9,41.4,27.1,19.1,30.6,6.895,650
2023-10-17T00:00:00.000Z,21.6,53.7,38.4,28.7,41,7.601,635
2023-10-18T00:00:00.000Z,24.3,74.7,37.5,34.6,40.8,6.749,653
2023-10-19T00:00:00.000Z,15.8,59,37.4,33.6,42.9,8.446,658
2023-10-20T00:00:00.000Z,8.8,99.4,20.8,12.4,36.2,14.134,650
2023-10-21T00:00:00.000Z,8.3,40.8,20.3,12.3,26.3,7.644,658
2023-10-22T00:00:00.000Z,19.7,47.1,32.7,29.3,37,5.582,674
2023-10-23T00:00:00.000Z,24.8,63.2,41.9,36.1,47.9,8.175,632
2023-10-24T00:00:00.000Z,28.5,48.5,35.4,33.5,38,3.633,627
2023-10-25T00:00:00.000Z,25.8,59,38.54,33.1,44.1,6.783,638
2023-10-26T00:00:00.000Z,23.4,62,36.7,34.8,41.3,6.179,646
2023-10-27T00:00:00.000Z,29.7,78.6,41.8,37,45.9,9.013,307
2023-11-05T00:00:00.000Z,26.4,54.6,44.4,41.6,46.3,4.893,601
2023-11-06T00:00:00.000Z,7.7,128.6,28.3,13.6,46.2,19.545,639
2023-11-07T00:00:00.000Z,7.2,115.9,15.7,13.4,18.6,12.317,636
2023-11-08T00:00:00.000Z,24.3,46.3,32.4,30.2,34.8,4.062,639
2023-11-09T00:00:00.000Z,31.1,56.7,35.79,34.6,37.3,2.841,503
2023-11-10T00:00:00.000Z,28.8,59.7,35.29,33.7,39.3,5.484,651
2023-11-11T00:00:00.000Z,27.4,94.5,38.2,34.6,42.6,9.988,636
2023-11-12T00:00:00.000Z,1.8,53.1,19.05,5.9,29.4,13.109,386
2023-11-13T00:00:00.000Z,0.1,16.7,3,2.1,4.4,2.267,655
2023-11-14T00:00:00.000Z,2.6,35,12.5,6.8,19.85,7.025,644
2023-11-15T00:00:00.000Z,3.8,99.1,24.2,20.6,27.4,16.126,654
2023-11-16T00:00:00.000Z,2.2,67.4,9.55,7.5,11.4,5.839,646
2023-11-17T00:00:00.000Z,9.7,50.8,17.3,15.3,20.3,7.035,671
2023-11-18T00:00:00.000Z,11.9,69.6,28.9,24.8,33.2,10.891,671
2023-11-19T00:00:00.000Z,8.4,65.7,26,22.15,31.85,11.768,676
2023-11-20T00:00:00.000Z,17.2,73.7,42.4,29.4,51.8,14.223,691
2023-11-21T00:00:00.000Z,42.5,72.7,57.4,49.2,61.4,6.893,663
2023-11-22T00:00:00.000Z,45.2,136.2,60.95,54.8,64.8,15.003,676
2023-11-23T00:00:00.000Z,38.3,190.6,52.6,45.8,62.6,25.033,676
2023-11-24T00:00:00.000Z,42,136.2,56.4,53.7,59.4,11.55,672
2023-11-25T00:00:00.000Z,54.4,62.5,57.6,56,59.8,2.289,51