date,min,max,median,q1,q3,stdev,count
2022-05-28T00:00:00.000Z,6.3,39.6,20.9,18.2,22.95,4.673,465
2022-05-29T00:00:00.000Z,4.7,58.7,24.1,19.8,26.8,6.467,627
2022-05-30T00:00:00.000Z,0,53.4,20.3,14.05,28.05,10.102,608
2022-05-31T00:00:00.000Z,17.4,39.7,27.4,24.4,30.2,3.83,612
2022-06-01T00:00:00.000Z,1.3,37,23.35,21.4,28.2,7.01,628
2022-06-02T00:00:00.000Z,3.4,33.1,20.3,11.95,23.5,7.199,621
2022-06-03T00:00:00.000Z,10.8,27.9,19.5,16.1,21.8,3.864,634
2022-06-04T00:00:00.000Z,13.1,35.2,24.9,18.89,28.1,5.465,589
2022-06-05T00:00:00.000Z,7.6,92.1,26.1,22,30,6.287,640
2022-06-06T00:00:00.000Z,1.4,30.8,18.35,11.3,23.3,8.145,622
2022-06-07T00:00:00.000Z,9.1,40.2,20.7,16.1,25.3,7.077,626
2022-06-08T00:00:00.000Z,0.6,189.9,24.7,14.3,29.3,12.632,621
2022-06-09T00:00:00.000Z,21,77,32.4,26.95,36.29,6.979,637
2022-06-10T00:00:00.000Z,14.7,67.7,26.2,24.5,29,9.662,620
2022-06-11T00:00:00.000Z,19.4,110.7,34.95,32.29,39.2,7.589,618
2022-06-12T00:00:00.000Z,13.4,135.1,29.15,25.4,31.55,7.715,624
2022-06-13T00:00:00.000Z,1,40.7,19,12,26.3,9.018,630
2022-06-14T00:00:00.000Z,2.6,27.8,15.8,12.6,18.8,4.682,631
2022-06-15T00:00:00.000Z,7.5,37.9,19.5,15.95,23.6,5.654,620
2022-06-16T00:00:00.000Z,4.1,28.7,11.3,8.3,14.4,4.664,639
2022-06-17T00:00:00.000Z,4.8,70.8,14.6,10.7,19.3,10.047,577
2022-06-18T00:00:00.000Z,4.2,32.7,11.5,8.4,18.5,7.31,635
2022-06-19T00:00:00.000Z,1.8,96.5,13.4,6.2,23.7,18.36,613
2022-06-20T00:00:00.000Z,2.4,106.4,20.1,8.8,26.6,21.657,631
2022-06-21T00:00:00.000Z,4.9,137.6,20,12.95,31.55,30.21,641
2022-06-22T00:00:00.000Z,3.6,89.4,23.6,14.55,33.79,17.287,640
2022-06-23T00:00:00.000Z,11.4,83.9,34.45,27.85,46.65,17.818,620
2022-06-24T00:00:00.000Z,6.6,31.9,21.6,15.45,24.8,6.36,620
2022-06-25T00:00:00.000Z,8.9,32.4,20.6,15.7,22.5,4.34,628
2022-06-26T00:00:00.000Z,7.3,38.9,23.3,21.8,25.2,4.706,623
2022-06-27T00:00:00.000Z,7.4,43.1,18.5,11.1,27.6,9.853,630
2022-06-28T00:00:00.000Z,13.4,49.7,24.3,18.3,29,7.3,615
2022-06-29T00:00:00.000Z,1.8,56.2,32,19.1,40.2,14.299,630
2022-06-30T00:00:00.000Z,8,73.4,27.9,21.3,34.9,10.961,642
2022-07-01T00:00:00.000Z,17.3,28.1,22.4,20.9,23.8,2.176,630
2022-07-02T00:00:00.000Z,3.6,55.8,15.8,11.9,21.4,7.335,629
2022-07-03T00:00:00.000Z,8.1,36,24.6,19.1,26.6,5.578,636
2022-07-04T00:00:00.000Z,10.8,43.8,25.8,19.6,30.7,6.759,628
2022-07-05T00:00:00.000Z,0.2,32,13.9,10.8,18.75,7.884,636
2022-07-06T00:00:00.000Z,4,52.6,25.75,9.3,33.1,12.851,618
2022-07-07T00:00:00.000Z,6.8,36.1,20.25,13.7,25,6.352,430
2022-07-08T00:00:00.000Z,9.2,70.5,24.6,19.9,29.5,7.062,609
2022-07-09T00:00:00.000Z,15.2,51.6,25.1,20.7,29,5.8,627
2022-07-10T00:00:00.000Z,13.1,40.5,25.2,21.4,27.4,4.907,619
2022-07-11T00:00:00.000Z,9.5,75,17.39,14.5,20.7,5.471,623
2022-07-12T00:00:00.000Z,2.2,38.7,15.55,9.6,20.39,7.652,622
2022-07-13T00:00:00.000Z,2.4,68.8,25.5,21.85,30.8,8.639,640
2022-07-14T00:00:00.000Z,0.3,49.7,12.5,7.6,18.7,8.906,615
2022-07-15T00:00:00.000Z,4,56.8,20.3,12.85,22.35,6.596,621
2022-07-16T00:00:00.000Z,6.1,59.1,14.4,10.5,18.3,5.574,660
2022-07-17T00:00:00.000Z,13.1,30.4,20,16.64,21.5,3.554,637
2022-07-18T00:00:00.000Z,0.4,35.7,20.05,7.85,26.6,10.165,600
2022-07-19T00:00:00.000Z,0,39.1,16.89,13.7,22.5,7.582,640
2022-07-20T00:00:00.000Z,5.6,58.3,16.8,13.3,20,6.769,635
2022-07-21T00:00:00.000Z,0.5,25,10.19,5.8,13.45,5.386,648
2022-07-22T00:00:00.000Z,3.4,34.5,15.2,9.9,21.9,7.584,625
2022-07-23T00:00:00.000Z,8,31.9,19.2,12.1,24.6,6.798,648
2022-07-24T00:00:00.000Z,5.5,28.9,16.6,12.95,19.5,4.712,636
2022-07-25T00:00:00.000Z,6.6,29.7,12.4,10.6,18.2,5.228,627
2022-07-26T00:00:00.000Z,10.6,29.2,19.7,16.7,22.4,3.744,638
2022-07-27T00:00:00.000Z,15.4,57.4,22.1,18.8,25.1,4.12,618
2022-07-28T00:00:00.000Z,19.6,37.1,28.4,25.65,29.8,3.257,624
2022-07-29T00:00:00.000Z,8.3,33.3,28.4,24.2,30,6.548,634
2022-07-30T00:00:00.000Z,4.2,88.8,25.5,16.5,28.9,8.612,644
2022-07-31T00:00:00.000Z,8.7,36.3,22,18.1,27.4,5.89,629
2022-08-01T00:00:00.000Z,6.2,36.8,23.6,19.3,27.7,5.501,595
2022-08-02T00:00:00.000Z,13.5,40.2,20.6,17.6,24.7,4.972,617
2022-08-03T00:00:00.000Z,16.6,42.7,21.7,19.7,26.3,5.705,627
2022-08-04T00:00:00.000Z,3.2,51.9,25.4,13.15,28.35,9.685,640
2022-08-05T00:00:00.000Z,1.2,37.8,22.1,17.6,28.9,8.457,631
2022-08-06T00:00:00.000Z,1.7,46.9,17.4,12,23.2,6.656,638
2022-08-07T00:00:00.000Z,11.2,39.6,22.8,16.1,28.8,7.482,638
2022-08-08T00:00:00.000Z,7.5,105.6,19.35,15.2,23.5,6.46,640
2022-08-09T00:00:00.000Z,13.4,52.8,29.1,20.2,32.95,8.336,637
2022-08-10T00:00:00.000Z,2.8,100.6,13.6,8.9,24.9,10.113,630
2022-08-11T00:00:00.000Z,0,31.9,10.85,6.1,15.4,6.686,634
2022-08-12T00:00:00.000Z,1.8,43.6,30,27.6,32.5,7.892,648
2022-08-13T00:00:00.000Z,15.2,46.1,27.1,23.4,31.4,6.437,635
2022-08-14T00:00:00.000Z,1.2,38.9,13.8,8,22.5,9.375,653
2022-08-15T00:00:00.000Z,9.9,44.6,23.35,19.7,27.3,5.302,638
2022-08-16T00:00:00.000Z,9.5,47.5,26.1,21.8,29.3,6.367,641
2022-08-17T00:00:00.000Z,17.2,38.5,26.7,23.3,28.8,3.497,624
2022-08-18T00:00:00.000Z,17.4,46.1,31.9,28,35.2,5.418,628
2022-08-19T00:00:00.000Z,0.6,70.5,32.79,23.6,39.7,11.787,644
2022-08-20T00:00:00.000Z,3.4,28.1,16.1,9.8,21.1,6.262,635
2022-08-21T00:00:00.000Z,0.5,83,8,4.5,13.9,8.066,631
2022-08-22T00:00:00.000Z,6.2,40.7,18.2,8.4,22,7.593,649
2022-08-23T00:00:00.000Z,12.1,51.1,27,23.7,29.8,5.957,646
2022-08-24T00:00:00.000Z,26.7,65.2,40.1,33.65,45.4,8.173,637
2022-08-25T00:00:00.000Z,0.7,37.8,10.6,7.2,18.4,9.385,609
2022-08-26T00:00:00.000Z,3.2,25.6,13.4,7.1,16.4,5.358,643
2022-08-27T00:00:00.000Z,4.4,26.2,17.4,13.5,20,4.933,646
2022-08-28T00:00:00.000Z,9.8,26,16.9,13.2,22,4.483,631
2022-08-29T00:00:00.000Z,7.8,46,17.8,13.2,19.8,4.549,628
2022-08-30T00:00:00.000Z,8.5,36.1,14.2,12,19.2,6.038,633
2022-08-31T00:00:00.000Z,17.1,63.8,25.8,23.3,30.9,9.348,639
2022-09-01T00:00:00.000Z,14.7,63.4,27.8,21.8,35.1,8.122,600
2022-09-02T00:00:00.000Z,20.6,48.2,31.9,24,35.4,6.333,602
2022-09-03T00:00:00.000Z,29.4,44.7,33.9,32.3,35.4,2.749,625
2022-09-04T00:00:00.000Z,14.9,33.1,22.3,19.5,25.3,3.343,623
2022-09-05T00:00:00.000Z,16.5,130.1,29.6,22.5,39.35,13.382,644
2022-09-06T00:00:00.000Z,20.4,65.5,32.25,26.8,38.6,11.258,628
2022-09-07T00:00:00.000Z,4.9,64.9,36,31.6,41.5,10.547,626
2022-09-08T00:00:00.000Z,2.2,48,18.7,11.8,24.5,9.817,632
2022-09-09T00:00:00.000Z,13,42,31.3,27,32.7,4.795,599
2022-09-10T00:00:00.000Z,15.8,37.4,28.7,25.2,30.7,3.917,611
2022-09-11T00:00:00.000Z,6.5,36.4,24.4,21.1,28.6,7.57,616
2022-09-12T00:00:00.000Z,18.1,40.7,29.9,23.85,33.29,5.131,536
2022-09-13T00:00:00.000Z,26,73.8,45.45,32.2,54,12.998,652
2022-09-14T00:00:00.000Z,28.4,62.2,34.4,31.85,50.15,9.787,592
2022-09-15T00:00:00.000Z,22.7,40.7,31.5,29.1,33.35,3.242,604
2022-09-16T00:00:00.000Z,1.7,55.6,30.4,26.45,35.4,10.253,605
2022-09-17T00:00:00.000Z,6.2,80,29.3,26.5,34.6,11.991,639
2022-09-18T00:00:00.000Z,15.8,68.6,26.1,20.8,35.2,11.385,642
2022-09-19T00:00:00.000Z,20.3,86.9,34.4,25.8,40.7,9.225,611
2022-09-20T00:00:00.000Z,6.8,54,32.3,28,39.2,7.703,643
2022-09-21T00:00:00.000Z,25.5,54.3,34.3,31.7,39.1,5.145,645
2022-09-22T00:00:00.000Z,9.4,47.4,23.7,18.7,33.29,8.128,627
2022-09-23T00:00:00.000Z,20.6,38.8,30.7,25.35,32.75,3.972,628
2022-09-24T00:00:00.000Z,25.1,56.6,32.4,31.4,36,4.572,604
2022-09-25T00:00:00.000Z,25.2,51,33.3,30.9,37.5,5.036,627
2022-09-26T00:00:00.000Z,28.4,117.3,48.2,34.4,74.8,22.619,641
2022-09-27T00:00:00.000Z,33.1,127.2,48.6,39.5,75,23.544,642
2022-09-28T00:00:00.000Z,29.7,72,46.3,42.8,50.55,7.645,645
2022-09-29T00:00:00.000Z,17.6,58.2,30,25.7,36.5,6.81,623
2022-09-30T00:00:00.000Z,4.5,65.9,23.2,17.3,27.3,7.881,643
2022-10-01T00:00:00.000Z,0.5,28.2,10.95,7.3,16.7,6.52,644
2022-10-02T00:00:00.000Z,2,65.2,17.05,8.7,29.8,11.129,638
2022-10-03T00:00:00.000Z,14.3,65.1,36.3,23,41.2,9.798,646
2022-10-04T00:00:00.000Z,19.6,63.8,28.2,25,33.15,6.133,633
2022-10-05T00:00:00.000Z,22.4,63.4,29.3,26.4,34,9.223,645
2022-10-06T00:00:00.000Z,12,71.8,37.2,31,44.6,10.51,631
2022-10-07T00:00:00.000Z,9.2,143,29.5,22.95,37.75,15.818,668
2022-10-08T00:00:00.000Z,20.1,89.8,30.3,27.9,34,5.292,626
2022-10-09T00:00:00.000Z,5,36.8,9.9,7.2,28,10.72,627
2022-10-10T00:00:00.000Z,8.4,38.7,20.3,11.7,29.1,9.059,657
2022-10-11T00:00:00.000Z,12.2,102.4,29.8,17.8,53.2,21.297,635
2022-10-12T00:00:00.000Z,15.4,71.4,34.4,23.35,38.4,12.128,653
2022-10-13T00:00:00.000Z,21.7,181.8,59.3,32.2,83.3,31.064,649
2022-10-14T00:00:00.000Z,22.3,144.1,53.5,28.7,81.09,28.151,655
2022-10-15T00:00:00.000Z,25.2,159.6,58.95,27.45,87.65,34.425,624
2022-10-16T00:00:00.000Z,24.2,91.5,41.7,28.3,59.7,18.802,631
2022-10-17T00:00:00.000Z,23.7,92,41.55,29.1,67.1,20.63,640
2022-10-18T00:00:00.000Z,29.7,70.1,36,31,45.7,10.285,474
2022-10-21T00:00:00.000Z,21.9,37.8,29.6,28,31.8,2.719,596
2022-10-22T00:00:00.000Z,22.3,166.5,39.1,26.5,67.9,21.464,647
2022-10-23T00:00:00.000Z,24.6,107.8,47.5,30,85,27.542,641
2022-10-24T00:00:00.000Z,26.7,106.3,50.5,42.1,65.2,19.364,643
2022-10-25T00:00:00.000Z,31.4,83.6,48.3,43.9,51.1,8.045,659
2022-10-26T00:00:00.000Z,9.2,74.8,22.2,15.5,28.65,16.849,652
2022-10-27T00:00:00.000Z,8,21.1,12.7,11,14.5,2.427,631
2022-10-28T00:00:00.000Z,9.7,45.3,23.3,16.6,27.9,7.076,663
2022-10-29T00:00:00.000Z,18.7,61.3,38.35,24.1,44,10.736,674
2022-10-30T00:00:00.000Z,8.4,38.6,18.3,15.3,26.3,7.74,650
2022-10-31T00:00:00.000Z,3.9,23.4,10.4,6.8,12.4,3.672,660
2022-11-01T00:00:00.000Z,7.7,102.2,33.85,16.25,64.7,26.172,652
2022-11-02T00:00:00.000Z,17.3,109.1,60.4,27.4,81.5,28.434,670
2022-11-03T00:00:00.000Z,24.6,164.4,76.34,59.65,97.85,28.55,636
2022-11-04T00:00:00.000Z,27.3,147.4,47.9,39.79,58.8,18.805,671
2022-11-05T00:00:00.000Z,29.5,82.9,39.4,34.5,45.7,11.567,650
2022-11-06T00:00:00.000Z,30,84.8,51.5,41.9,60.1,11.85,670
2022-11-07T00:00:00.000Z,20.2,99.3,51.4,45,68.3,16.079,674
2022-11-08T00:00:00.000Z,34.8,99.1,54.8,48.6,67.7,12.798,663
2022-11-09T00:00:00.000Z,24,89.6,45.75,30.3,52.3,16.654,660
2022-11-10T00:00:00.000Z,29.7,86.5,49.1,39.3,58.6,13.408,671
2022-11-11T00:00:00.000Z,18.7,47.2,30.6,26,37.2,6.959,630
2022-11-12T00:00:00.000Z,19.1,50.8,27.4,24.4,30,4.443,647
2022-11-13T00:00:00.000Z,19.2,63.7,31.35,25.3,38.1,10.007,646
2022-11-14T00:00:00.000Z,22.3,81.7,31.9,29.6,37.1,11.668,658
2022-11-15T00:00:00.000Z,16.7,47.1,27.6,24,32.2,6.182,646
2022-11-16T00:00:00.000Z,7.5,49.8,23.25,19,27.3,7.857,618
2022-11-17T00:00:00.000Z,6.7,41.1,21.1,17.1,26,7.068,649
2022-11-18T00:00:00.000Z,14.2,34.6,22.1,19.3,25,3.717,631
2022-11-19T00:00:00.000Z,15.8,37,23.3,21.2,25.6,3.738,651
2022-11-20T00:00:00.000Z,20,81.9,32.6,28.4,37.5,11.883,672
2022-11-21T00:00:00.000Z,22.8,110.4,49.2,30,64.05,18.918,669
2022-11-22T00:00:00.000Z,27.4,128,54.8,39.4,72.9,17.977,655
2022-11-23T00:00:00.000Z,17.6,89.7,35.29,28.6,43.1,12.058,654
2022-11-24T00:00:00.000Z,11.4,179.7,21,18.05,23.55,13.18,665
2022-11-25T00:00:00.000Z,21,177.5,32.15,29.25,39.15,11.675,648
2022-11-26T00:00:00.000Z,19,129.9,28.6,25.8,34.79,8.16,637
2022-11-27T00:00:00.000Z,9.4,27.9,15,12.1,18.7,4.202,620
2022-11-28T00:00:00.000Z,16.9,134.2,24.6,21.8,27,6.757,657
2022-11-29T00:00:00.000Z,18,32.1,25.6,22.6,27.5,3.078,639
2022-11-30T00:00:00.000Z,3.9,34,17.14,10.1,23.8,7.372,658
2022-12-01T00:00:00.000Z,1.6,23.3,8.69,4.9,10.3,3.292,586
2022-12-02T00:00:00.000Z,9.9,139,27.1,18.7,36.4,15.678,658
2022-12-03T00:00:00.000Z,20.4,75.7,39.5,31.5,49.3,10.711,667
2022-12-04T00:00:00.000Z,4.5,102.3,23.1,14.8,24.7,9.122,648
2022-12-05T00:00:00.000Z,6,213.2,31.25,16.6,39.2,29.83,674
2022-12-06T00:00:00.000Z,25.7,110.9,53.6,34.7,75.45,22.497,665
2022-12-07T00:00:00.000Z,37.6,99,45.4,42,52.2,7.484,676
2022-12-08T00:00:00.000Z,30.5,126.5,36,34.4,38.2,5.164,632
2022-12-09T00:00:00.000Z,32.8,96.8,42.6,35.8,52.8,10.086,665
2022-12-10T00:00:00.000Z,33.5,68.3,41.9,37,51.6,8.38,642
2022-12-11T00:00:00.000Z,35.7,107.4,51.5,38.7,62.5,15.817,663
2022-12-12T00:00:00.000Z,33,140.5,55.35,39.7,78.4,27.074,650
2022-12-13T00:00:00.000Z,33.5,345.3,48.5,37.9,62.55,61.941,669
2022-12-14T00:00:00.000Z,32.7,157.6,58.7,37.75,90.9,33.861,672
2022-12-15T00:00:00.000Z,38.6,176.7,67.9,53.85,82.7,19.534,677
2022-12-16T00:00:00.000Z,37.5,199.6,83.6,61.35,122.35,35.716,657
2022-12-17T00:00:00.000Z,18.1,54.4,32.6,23.5,36.79,7.39,649
2022-12-18T00:00:00.000Z,19.5,117.9,41.9,28.9,62.2,23.432,669
2022-12-19T00:00:00.000Z,35.4,118.6,49.7,40.7,65.75,18.917,652
2022-12-20T00:00:00.000Z,41,145,88.8,57.9,109.1,28.785,667
2022-12-21T00:00:00.000Z,37.6,174.1,68.5,55.2,111.2,38.127,663
2022-12-22T00:00:00.000Z,36.8,118.4,55,49,73.5,19.059,649
2022-12-23T00:00:00.000Z,24.4,134.6,39.65,34.4,51.6,19.307,630
2022-12-24T00:00:00.000Z,35.5,109.5,52.1,47.3,60.2,12.842,663
2022-12-25T00:00:00.000Z,31.1,137,44.6,37.2,50.4,21.565,667
2022-12-26T00:00:00.000Z,42.3,143,83.6,57,98.8,25.448,653
2022-12-27T00:00:00.000Z,23.7,71.2,40.1,36.8,43.3,6.508,644
2022-12-28T00:00:00.000Z,16,85.6,23.8,21.1,40.35,18.361,609
2022-12-29T00:00:00.000Z,27.6,108.4,33,30.9,35.2,5.673,652
2022-12-30T00:00:00.000Z,27.3,92.2,40.3,31.8,46.9,11.149,643
2022-12-31T00:00:00.000Z,35.2,153.4,46.2,39,83.4,21.668,639
2023-01-01T00:00:00.000Z,32.8,136.6,67.3,39.3,87.1,26.394,671
2023-01-02T00:00:00.000Z,31.4,96.1,43,38.79,54.1,15.433,638
2023-01-03T00:00:00.000Z,33.8,106.6,57.1,40.45,68.8,17.371,665
2023-01-04T00:00:00.000Z,37.3,97.4,54.65,48,62.3,12.57,642
2023-01-05T00:00:00.000Z,33.3,70.3,43.1,36.79,55,9.765,646
2023-01-06T00:00:00.000Z,28.8,56.2,35.29,33,41.6,5.393,625
2023-01-07T00:00:00.000Z,33.3,176.6,67.2,45.5,121.5,38.415,681
2023-01-08T00:00:00.000Z,40.8,105.3,66.2,51.8,77.95,15.951,669
2023-01-09T00:00:00.000Z,48.9,175.4,87.8,79.3,96.25,18.552,672
2023-01-10T00:00:00.000Z,41.4,123.2,64.9,57,91.2,21.662,655
2023-01-11T00:00:00.000Z,19.5,70.7,41.3,27.2,45.8,13.015,637
2023-01-12T00:00:00.000Z,22.8,73.4,32,29.7,35.6,6.182,623
2023-01-13T00:00:00.000Z,24.3,135.3,36.7,34.2,43.65,9.993,628
2023-01-14T00:00:00.000Z,32.3,112.9,41.6,37.2,71.15,22.301,665
2023-01-15T00:00:00.000Z,13.5,155.5,26.6,18.6,31.4,11.365,646
2023-01-16T00:00:00.000Z,15.4,51.1,32.5,28.3,36,6.44,627
2023-01-17T00:00:00.000Z,33.6,93.9,40.5,36.5,46.7,14.115,639
2023-01-18T00:00:00.000Z,33.6,121.3,46.25,36.5,76.2,20.164,444
2023-01-19T00:00:00.000Z,124.8,133,129.3,126.2,131.7,2.716,12
2023-01-26T00:00:00.000Z,33,125.6,51.9,41.25,59.8,13.549,469
2023-01-27T00:00:00.000Z,27.8,58.5,38.3,36.29,40.2,5.068,588
2023-01-28T00:00:00.000Z,26.6,82.1,42.1,31.8,55.8,13.437,625
2023-01-29T00:00:00.000Z,32.7,132.4,73.1,40.79,96.9,30.025,667
2023-01-30T00:00:00.000Z,42.2,155.8,78.8,58.8,90.75,20.387,664
2023-01-31T00:00:00.000Z,31.4,92.1,47,39.2,54,11.429,631
2023-02-01T00:00:00.000Z,29.3,80,40.8,35.8,55.8,12.941,639
2023-02-02T00:00:00.000Z,30.2,139.1,42.6,35.6,90.1,26.595,611
2023-02-03T00:00:00.000Z,16.6,45.6,25.1,22.6,29.55,4.623,620
2023-02-04T00:00:00.000Z,16.3,50.6,31.2,26.8,35.79,7.111,654
2023-02-05T00:00:00.000Z,8.6,41.9,25.6,21.2,28,4.998,666
2023-02-06T00:00:00.000Z,17.9,39,27.5,24.1,30.7,4.457,630
2023-02-07T00:00:00.000Z,13.3,62.4,26.6,22.3,28.4,4.634,621
2023-02-08T00:00:00.000Z,13.9,35.3,23.4,19.39,28.9,5.125,617
2023-02-09T00:00:00.000Z,17.4,34.2,25.1,23.2,27.25,3.136,625
2023-02-10T00:00:00.000Z,14.1,36.1,26.9,24.75,30.65,4.376,633
2023-02-11T00:00:00.000Z,20,36.3,28.3,25.8,30.3,3.428,600
2023-02-12T00:00:00.000Z,27.5,42,34.8,32.4,37.2,3.101,637
2023-02-13T00:00:00.000Z,23.4,96.4,32.2,28,41.35,8.27,641
2023-02-14T00:00:00.000Z,22.9,138,29.8,26.7,34.2,13.113,611
2023-02-15T00:00:00.000Z,27.6,89,34.29,32,37.2,6.955,606
2023-02-16T00:00:00.000Z,36.8,70.3,50.15,41.15,55.7,7.738,636
2023-02-17T00:00:00.000Z,31.6,99,63.8,41.6,80.2,19.913,639
2023-02-18T00:00:00.000Z,30.6,83.6,37.4,34.7,45.85,12.736,652
2023-02-19T00:00:00.000Z,28.1,145.8,44.85,31.3,55.8,14.427,610
2023-02-20T00:00:00.000Z,32.8,151.9,47,42.4,52,11.206,653
2023-02-21T00:00:00.000Z,25,57.1,42.7,33,48,8.781,625
2023-02-22T00:00:00.000Z,23.4,65,31.05,27.6,32.79,4.103,648
2023-02-23T00:00:00.000Z,27.5,48.4,31.2,30.1,33.29,3.649,635
2023-02-24T00:00:00.000Z,16.2,58.1,24.05,22.3,34.45,10.444,656
2023-02-25T00:00:00.000Z,15.5,83.3,33,20.8,38.29,11.548,647
2023-02-26T00:00:00.000Z,30.5,72.1,37.6,33.9,46,9.189,640
2023-02-27T00:00:00.000Z,37.6,85.4,46.25,42.5,53.8,8.47,652
2023-02-28T00:00:00.000Z,33.1,60.4,37.95,36.25,42.35,4.977,628
2023-03-01T00:00:00.000Z,31.8,128.4,47.7,40.7,82.9,21.779,670
2023-03-02T00:00:00.000Z,47.1,101.7,64.5,60.1,70.75,9.724,649
2023-03-03T00:00:00.000Z,30.2,98.8,48.15,43.6,57.4,13.912,650
2023-03-04T00:00:00.000Z,28.9,87.2,44.1,37.7,57.8,14.868,622
2023-03-05T00:00:00.000Z,53,91.9,66.09,59.2,70.09,7.21,638
2023-03-06T00:00:00.000Z,26.6,65.4,38.29,31.6,47.5,9.799,619
2023-03-07T00:00:00.000Z,27.6,63.1,35.7,33.2,37.9,4.562,618
2023-03-08T00:00:00.000Z,23.9,111.6,37.65,32.8,63.8,18.346,626
2023-03-09T00:00:00.000Z,33.8,113.2,69.59,45.4,91.1,24.592,638
2023-03-10T00:00:00.000Z,26.7,90.6,45.5,33.6,56.9,17,655
2023-03-11T00:00:00.000Z,27.6,102,39.95,34.9,46.8,8.943,656
2023-03-12T00:00:00.000Z,10.9,72.5,43.5,15.7,53,18.899,663
2023-03-13T00:00:00.000Z,15.4,78.5,32.6,25.05,43.45,13.582,637
2023-03-14T00:00:00.000Z,26.7,58.7,40.7,34.29,44.6,7.201,642
2023-03-15T00:00:00.000Z,25.2,72.4,36.3,30.75,39.5,6.714,633
2023-03-16T00:00:00.000Z,16.4,37.5,26.7,22.3,29.3,4.39,632
2023-03-17T00:00:00.000Z,20.7,70.9,27.1,24.9,28.7,3.4,642
2023-03-18T00:00:00.000Z,22,49.2,30.3,28.7,33,3.852,646
2023-03-19T00:00:00.000Z,14.9,34.4,21.3,18.7,24.65,4.744,625
2023-03-20T00:00:00.000Z,26,48.3,31.6,29.4,32.9,2.462,637
2023-03-21T00:00:00.000Z,32,53.2,39.4,37.04,42.1,3.305,645
2023-03-22T00:00:00.000Z,32.9,72.2,39,35.6,51.6,8.566,659
2023-03-23T00:00:00.000Z,33.4,196.5,43,38.1,54.45,10.46,653
2023-03-24T00:00:00.000Z,26.5,165.8,32.2,29.45,49.2,11.407,621
2023-03-25T00:00:00.000Z,12.3,139.2,31.8,25.1,35.9,9.736,649
2023-03-26T00:00:00.000Z,9,35.8,24.15,15.4,29.2,7.549,630
2023-03-27T00:00:00.000Z,5.8,168.5,19.9,11.2,23.8,9.621,638
2023-03-28T00:00:00.000Z,9,80.7,27.3,23.5,32.29,8.154,652
2023-03-29T00:00:00.000Z,12.6,140,28.6,25.3,31.2,6.725,622
2023-03-30T00:00:00.000Z,17.8,129.9,41.9,28.95,46.05,12.083,617
2023-03-31T00:00:00.000Z,17.2,221.8,35.4,28.8,48.6,14.355,657
2023-04-01T00:00:00.000Z,21.7,141.8,31.3,27.5,35.9,10.72,667
2023-04-02T00:00:00.000Z,22.8,84.1,30,28.7,32.79,7.586,653
2023-04-03T00:00:00.000Z,26.5,83.7,30,28.5,32.6,3.365,597
2023-04-04T00:00:00.000Z,27.9,123.3,33.8,30.2,41.55,7.268,613
2023-04-05T00:00:00.000Z,30.2,112.4,38.4,33.5,52.9,10.437,647
2023-04-06T00:00:00.000Z,16.4,145.7,35.6,32.2,50.6,15.984,655
2023-04-07T00:00:00.000Z,20.4,116.2,38,32.15,43.6,9.572,629
2023-04-08T00:00:00.000Z,24,58.5,30.5,28.1,32.5,4.76,648
2023-04-09T00:00:00.000Z,24.6,171.2,35.3,31.2,44.1,11.488,674
2023-04-10T00:00:00.000Z,29.4,71.9,42.9,36.54,52.2,9.827,620
2023-04-11T00:00:00.000Z,14.2,66.4,36.5,25.55,43,12.569,640
2023-04-12T00:00:00.000Z,18.4,44.7,30.1,26.6,32,4.111,643
2023-04-13T00:00:00.000Z,18.6,36.9,26.9,24.8,29.6,3.281,622
2023-04-14T00:00:00.000Z,23,132.9,32,29.25,33.9,5.375,633
2023-04-15T00:00:00.000Z,27.1,60.2,38.4,33.1,43.35,6.841,661
2023-04-16T00:00:00.000Z,21.8,138.4,33.25,29.9,41.6,7.849,658
2023-04-17T00:00:00.000Z,22.8,47.1,29.7,27.7,32.4,5.098,628
2023-04-18T00:00:00.000Z,26.2,52.1,31.4,28.85,33.6,2.981,636
2023-04-19T00:00:00.000Z,26.4,101.3,33.6,30.8,41.9,8.748,643
2023-04-20T00:00:00.000Z,29.7,73.5,35.8,32.6,42.9,7.007,619
2023-04-21T00:00:00.000Z,29.6,118.7,41,34.1,48.6,9.611,642
2023-04-22T00:00:00.000Z,26.3,40,30.5,28.9,32.4,2.924,632
2023-04-23T00:00:00.000Z,22.7,41.8,29.3,27.5,30.7,2.682,635
2023-04-24T00:00:00.000Z,16.5,63.1,25.95,23.1,29.3,4.354,650
2023-04-25T00:00:00.000Z,5.5,38.3,24.8,15.9,28.3,7.674,651
2023-04-26T00:00:00.000Z,12.5,141.5,35.29,25.8,48.1,14.255,642
2023-04-27T00:00:00.000Z,21,45.8,29.3,24.9,34.45,5.604,613
2023-04-28T00:00:00.000Z,4.8,93.2,20.9,17.6,23,5.246,645
2023-04-29T00:00:00.000Z,3,26.6,14.8,9.2,19.3,5.857,651
2023-04-30T00:00:00.000Z,10.3,63.3,24.8,15.3,28.7,7.413,619
2023-05-01T00:00:00.000Z,18.1,36.1,25,22.3,27.1,3.328,626
2023-05-02T00:00:00.000Z,12.6,33.1,24.7,18.39,29.15,5.868,636
2023-05-03T00:00:00.000Z,12.7,27.2,18.8,17.3,20.9,2.807,634
2023-05-04T00:00:00.000Z,21.6,34.4,27.4,25.6,28.9,2.121,615
2023-05-05T00:00:00.000Z,25.9,36.9,31.2,29.8,32.2,2.142,607
2023-05-06T00:00:00.000Z,24.9,45.5,33.2,27.55,38.79,6.057,624
2023-05-07T00:00:00.000Z,3.8,46.8,29.7,25.05,33.5,9.145,645
2023-05-08T00:00:00.000Z,15.5,50.4,22.3,20.1,25.5,4.252,612
2023-05-09T00:00:00.000Z,18.5,72.3,28,25.2,33.5,6.211,651
2023-05-10T00:00:00.000Z,7.7,30.8,19,16.6,22.5,4.273,644
2023-05-11T00:00:00.000Z,4.5,23.7,12.5,10.6,16.4,4.112,651
2023-05-12T00:00:00.000Z,7.2,30.6,10.8,9.3,15,4.315,633
2023-05-13T00:00:00.000Z,8.7,38.3,17.8,13.15,22,5.46,649
2023-05-14T00:00:00.000Z,17.3,99.1,26.8,22.4,30.1,7.432,617
2023-05-15T00:00:00.000Z,11.9,35.9,25.7,18.6,28.7,6.175,634
2023-05-16T00:00:00.000Z,18.8,55.1,30.9,25.5,32.2,5.453,603
2023-05-17T00:00:00.000Z,19.7,54.1,29.6,22.9,31.55,5.934,608
2023-05-18T00:00:00.000Z,22.6,43.1,31,28.1,33.4,4.033,618
2023-05-19T00:00:00.000Z,26.7,50,30.8,29.55,33.29,3.11,592
2023-05-20T00:00:00.000Z,25,41.4,31.1,29.2,32.79,3.212,598
2023-05-21T00:00:00.000Z,25.1,37.8,30.1,29.1,31.45,2.895,597
2023-05-22T00:00:00.000Z,23.6,46.3,32.29,28.6,35.2,5.539,619
2023-05-23T00:00:00.000Z,18.8,42.9,27.5,26.1,31,3.989,635
2023-05-24T00:00:00.000Z,6.1,45.2,30,20.45,32,8.347,613
2023-05-25T00:00:00.000Z,1.2,36.2,20.5,10.4,23.95,7.725,645
2023-05-26T00:00:00.000Z,2.9,35.4,19.45,14,22.3,6.243,638
2023-05-27T00:00:00.000Z,8.4,27,15.8,13.2,20.3,4.155,624
2023-05-28T00:00:00.000Z,7.1,28.5,14.9,12.1,19.39,4.265,643
2023-05-29T00:00:00.000Z,11.7,37.2,22.5,19.6,24.8,4.489,619
2023-05-30T00:00:00.000Z,14.9,47.6,24.8,20,27.7,7.576,644
2023-05-31T00:00:00.000Z,21.2,86.7,33.2,26.8,52.8,18.436,615
2023-06-01T00:00:00.000Z,20.1,49.5,29.3,26.2,32.8,5.666,621
2023-06-02T00:00:00.000Z,2.5,74.5,25.2,13.8,29.6,16.938,639
2023-06-03T00:00:00.000Z,10.5,97.6,24.4,20.7,30.6,10.868,619
2023-06-04T00:00:00.000Z,6.5,57.8,25.2,17.7,33,9.203,619
2023-06-05T00:00:00.000Z,12.5,46.2,28.8,22.6,32.4,6.282,656
2023-06-06T00:00:00.000Z,3.6,52.4,28.5,24.8,34.2,8.178,638
2023-06-07T00:00:00.000Z,15.8,131.9,34.4,20.6,38.8,18.994,627
2023-06-08T00:00:00.000Z,2,45.7,31,18.1,36,11.005,618
2023-06-09T00:00:00.000Z,9.9,38.4,20.8,16.8,23.1,5.545,637
2023-06-10T00:00:00.000Z,19.7,63.2,31.35,26.9,38.4,9.377,638
2023-06-11T00:00:00.000Z,24.9,61.2,31.95,30.2,37.3,6.863,622
2023-06-12T00:00:00.000Z,9,51.5,29.1,25.3,32.7,6.359,625
2023-06-13T00:00:00.000Z,2,31.6,20.2,15.2,24.45,7.344,636
2023-06-14T00:00:00.000Z,2.1,31.8,17.5,8.3,20.9,7.322,618
2023-06-15T00:00:00.000Z,4.8,39.3,18,12.55,20.8,5.988,628
2023-06-16T00:00:00.000Z,8.3,48.6,16.6,12.7,20.5,5.639,633
2023-06-17T00:00:00.000Z,4.2,29.4,17.7,15,20,4.392,617
2023-06-18T00:00:00.000Z,1.4,30.9,15.5,12,23.2,7.33,632
2023-06-19T00:00:00.000Z,15.5,53,24,21.3,33.9,8.411,629
2023-06-20T00:00:00.000Z,1.9,32.8,13.4,10.6,20,7.387,610
2023-06-21T00:00:00.000Z,0.3,42.8,23.5,14.25,33.4,11.167,649
2023-06-22T00:00:00.000Z,1.1,39.4,20.6,8.69,25.1,9.872,639
2023-06-23T00:00:00.000Z,0.4,31.3,17.5,7.95,23.55,8.433,640
2023-06-24T00:00:00.000Z,2,31.6,18.2,5.9,23.1,9.067,645
2023-06-25T00:00:00.000Z,6.2,30.6,16.9,10.4,25.1,7.354,605
2023-06-26T00:00:00.000Z,5.9,35.4,17.5,12.25,22.55,6.395,624
2023-06-27T00:00:00.000Z,5.6,26,13.8,9.3,19.2,5.409,655
2023-06-28T00:00:00.000Z,7.7,28.2,17.9,14.85,20.8,4.049,632
2023-06-29T00:00:00.000Z,13,36.5,20.6,19,22.45,3.856,640
2023-06-30T00:00:00.000Z,12.7,34.9,18,15.8,22.6,4.108,626
2023-07-01T00:00:00.000Z,9,36.3,21.1,15.8,24.2,6.202,610
2023-07-02T00:00:00.000Z,6,29.3,20.1,10.1,22.9,6.817,643
2023-07-03T00:00:00.000Z,2.8,35.3,19.7,11.9,23.2,7.583,627
2023-07-04T00:00:00.000Z,3.7,28.6,13.5,9,18.1,5.838,626
2023-07-05T00:00:00.000Z,0.7,28.4,13.75,11.6,17.6,5.069,622
2023-07-06T00:00:00.000Z,3,24.7,9.1,5.8,14.4,5.422,635
2023-07-07T00:00:00.000Z,5.1,24.4,12.8,8.9,16.9,4.875,599
2023-07-08T00:00:00.000Z,1.7,30.6,12.3,4.6,18.8,8.141,604
2023-07-09T00:00:00.000Z,1.2,34.5,12.1,7.8,24.1,8.535,619
2023-07-10T00:00:00.000Z,2.6,30.4,20.9,16,23.5,5.835,632
2023-07-11T00:00:00.000Z,7.5,36.3,19.6,14.9,23.7,5.809,626
2023-07-12T00:00:00.000Z,0.2,33.7,8.19,6.6,16.5,7.34,611
2023-07-13T00:00:00.000Z,8.1,32.2,18.3,12.9,22.95,6.265,637
2023-07-14T00:00:00.000Z,3.5,32.2,21.1,11.6,25.6,8.159,639
2023-07-15T00:00:00.000Z,13.9,41.5,25.2,21.6,28.3,4.894,607
2023-07-16T00:00:00.000Z,15.7,88.6,25.45,22,32.4,7.556,618
2023-07-17T00:00:00.000Z,8.3,91.6,29.6,16,42,17.311,599
2023-07-18T00:00:00.000Z,11.6,50.6,23.8,21.5,27.4,4.699,635
2023-07-19T00:00:00.000Z,18.1,67,31.9,29.1,34.1,7.871,630
2023-07-20T00:00:00.000Z,23.5,87.9,35.7,30.1,39.29,6.557,619
2023-07-21T00:00:00.000Z,8.3,49.6,27.3,22.3,33.7,8.102,641
2023-07-22T00:00:00.000Z,0.7,30.8,8.5,4.9,12.65,5.959,629
2023-07-23T00:00:00.000Z,3.1,23.4,7.9,5.5,10.8,4.15,587
2023-07-24T00:00:00.000Z,3.6,32.1,9.6,7.6,11.4,4.886,639
2023-07-25T00:00:00.000Z,3.7,41.5,9.9,8,13.4,5.328,625
2023-07-26T00:00:00.000Z,7.7,31.8,17.4,12.7,21.4,5.124,602
2023-07-27T00:00:00.000Z,12.3,35.4,27.9,23.3,30.7,5.186,610
2023-07-28T00:00:00.000Z,11.6,83.9,26.8,21.3,31.05,10.175,613
2023-07-29T00:00:00.000Z,19.9,42.8,31.3,28.9,33.4,4.089,638
2023-07-30T00:00:00.000Z,3.8,36.9,22,17.1,26.35,6.447,596
2023-07-31T00:00:00.000Z,0,34.2,16.7,10.1,22.4,7.863,614
2023-08-01T00:00:00.000Z,3.8,34.1,22.8,17.35,25.5,6.224,649
2023-08-02T00:00:00.000Z,17.5,41.2,27.7,25.3,29.7,4.018,632
2023-08-03T00:00:00.000Z,12.4,32.5,22.6,19.39,25,4.618,631
2023-08-04T00:00:00.000Z,3.5,31.2,10.1,7.9,12.7,4.757,605
2023-08-05T00:00:00.000Z,0,12.3,3.3,2.29,5.2,2.392,623
2023-08-06T00:00:00.000Z,0.3,16.5,6.7,4,8.94,3.364,613
2023-08-07T00:00:00.000Z,0.5,14.2,4.5,2.1,8.35,3.45,612
2023-08-08T00:00:00.000Z,0.5,17.2,6,1.95,8.5,3.656,625
2023-08-09T00:00:00.000Z,2.5,43.7,11.7,9.9,13.4,3.501,641
2023-08-10T00:00:00.000Z,0,34.3,19.6,14.5,25.1,6.113,663
2023-08-11T00:00:00.000Z,0,37.3,15.3,9.4,18.2,7.634,662
2023-08-12T00:00:00.000Z,0,27.2,13.3,9.19,16.2,4.865,643
2023-08-13T00:00:00.000Z,0,24.7,11,9.19,12.6,4.097,619
2023-08-14T00:00:00.000Z,1.5,16.2,9.19,5.6,11.4,3.193,619
2023-08-15T00:00:00.000Z,0,25.4,13.3,8.9,16.2,6.642,659
2023-08-16T00:00:00.000Z,0,25.5,11.35,0.5,14.5,7.414,610
2023-08-17T00:00:00.000Z,0,22.3,14.8,10.5,16.6,6.249,638
2023-08-18T00:00:00.000Z,0,32.7,14.3,9.3,18.3,6.164,617
2023-08-19T00:00:00.000Z,0,31.4,12.3,1.3,18.4,8.998,629
2023-08-20T00:00:00.000Z,0,17.3,1.3,0.4,3.9,4.631,571
2023-08-21T00:00:00.000Z,0,20.2,0.6,0.2,2.4,4.597,634
2023-08-22T00:00:00.000Z,0,43.3,0.65,0.2,1.4,4.476,638
2023-08-23T00:00:00.000Z,0,26.7,1.7,0.4,5.95,5.491,617
2023-08-24T00:00:00.000Z,0,40.1,6.1,0.7,13.7,6.648,605
2023-08-25T00:00:00.000Z,0,23,1.3,0.5,11.3,6.279,597
2023-08-26T00:00:00.000Z,0,21.6,1.5,0.6,6.35,5.934,628
2023-08-27T00:00:00.000Z,0,34.3,1.8,0.5,11.2,6.73,621
2023-08-28T00:00:00.000Z,0,19.4,1,0.3,4.7,3.876,579
2023-08-29T00:00:00.000Z,0,20.6,0.6,0.2,6.9,4.467,562
2023-08-30T00:00:00.000Z,0,26.8,1.1,0.3,9.94,8.341,565
2023-08-31T00:00:00.000Z,0,37.9,9.19,1.05,23.2,11.757,620
2023-09-01T00:00:00.000Z,0,59,18,13.1,22.9,9.295,647
2023-09-02T00:00:00.000Z,0,45.8,16,9.9,26.2,12.25,664
2023-09-03T00:00:00.000Z,0,27.6,10.35,1.2,13.9,6.501,648
2023-09-04T00:00:00.000Z,0,37,10.3,4.2,13.4,6.537,677
2023-09-05T00:00:00.000Z,0,44.5,3.4,0.7,20.3,12.589,646
2023-09-06T00:00:00.000Z,0,30.4,2,0.6,16.39,8.563,635
2023-09-07T00:00:00.000Z,0,34.8,4.9,0.9,19.39,9.883,666
2023-09-08T00:00:00.000Z,0,22.5,1.6,0.4,10.4,6.078,598
2023-09-09T00:00:00.000Z,0,40.5,1.85,0.9,11.25,7.578,660
2023-09-10T00:00:00.000Z,0,31.3,12.95,1.8,19.1,9.107,638
2023-09-11T00:00:00.000Z,0,22.8,1.9,0.8,15.3,7.207,650
2023-09-12T00:00:00.000Z,0,29.8,2.5,1.1,15.4,7.622,658
2023-09-13T00:00:00.000Z,0,11.1,0.4,0.1,0.9,2.265,607
2023-09-14T00:00:00.000Z,0,16.2,0.8,0.3,5,3.822,624
2023-09-15T00:00:00.000Z,0,20.1,1.5,0.6,3.8,5.31,618
2023-09-16T00:00:00.000Z,0,37.6,1.1,0.3,2.4,7.221,626
2023-09-17T00:00:00.000Z,0,21,0.9,0.3,2,3.893,566
2023-09-18T00:00:00.000Z,0,15.6,0.5,0.2,1.1,2.201,606
2023-09-19T00:00:00.000Z,0,12.5,0.5,0.2,1.2,2.506,607
2023-09-20T00:00:00.000Z,0,15.6,0.4,0.1,0.9,2.223,538
2023-09-21T00:00:00.000Z,0,14.1,0.4,0.2,1.1,2.379,586
2023-09-22T00:00:00.000Z,0,40.2,0.8,0.2,12.2,7.321,558
2023-09-23T00:00:00.000Z,0,18.9,0.5,0.2,1.25,3.353,584
2023-09-24T00:00:00.000Z,0,30.8,1.9,0.8,17.89,8.979,639
2023-09-25T00:00:00.000Z,0,46.1,16.05,1.45,19.6,9.217,656
2023-09-26T00:00:00.000Z,0,21.7,0.9,0.3,9.5,6.402,659
2023-09-27T00:00:00.000Z,0,13.4,0.4,0.1,1,2.482,589
2023-09-28T00:00:00.000Z,0,17,0.95,0.3,2,3.174,556
2023-09-29T00:00:00.000Z,0,23.6,1.6,0.6,3.35,6.159,645
2023-09-30T00:00:00.000Z,0,39.1,1.8,0.5,17.2,8.88,638
2023-10-01T00:00:00.000Z,0,22.5,0.6,0.2,1.75,4.646,624
2023-10-02T00:00:00.000Z,0,24.9,1.1,0.4,2.4,5.683,671
2023-10-03T00:00:00.000Z,0,26.6,1.6,0.6,3.7,6.982,635
2023-10-04T00:00:00.000Z,0,28.8,1.5,0.5,17.8,9.174,635
2023-10-05T00:00:00.000Z,0,21.6,1.5,0.6,3.45,6.472,640
2023-10-06T00:00:00.000Z,0,21.8,1.1,0.5,2.6,6.192,631
2023-10-07T00:00:00.000Z,0,18.4,0.8,0.4,1.75,2.477,601
2023-10-08T00:00:00.000Z,0,19.1,0.7,0.2,2.2,3.624,618
2023-10-09T00:00:00.000Z,0,25.4,0.7,0.2,1.8,3.649,589
2023-10-10T00:00:00.000Z,0,21.7,0.7,0.2,1.55,4.54,592
2023-10-11T00:00:00.000Z,0,19.8,0.7,0.2,1.9,3.689,608
2023-10-12T00:00:00.000Z,0,23.8,0.6,0.2,1.7,3.989,599
2023-10-13T00:00:00.000Z,0,55.3,3.1,1,17.1,13.309,666
2023-10-14T00:00:00.000Z,0,27.1,1.1,0.4,4,6.9,622
2023-10-15T00:00:00.000Z,0,31.5,3.8,0.8,13.1,8.77,645
2023-10-16T00:00:00.000Z,0,53.4,10.25,1.5,26,15.597,670
2023-10-17T00:00:00.000Z,0,59.7,23.4,14,38.25,15.326,681
2023-10-18T00:00:00.000Z,0,68.7,27.6,13.3,48.4,18.907,659
2023-10-19T00:00:00.000Z,1.6,43.8,12.95,10.4,17.14,10.015,636
2023-10-20T00:00:00.000Z,0,29,8.1,4.9,11.3,5.917,627
2023-10-21T00:00:00.000Z,0,21.4,5.5,0.6,9.5,6.44,614
2023-10-22T00:00:00.000Z,0,42,3.9,1.3,14.3,10.459,657
2023-10-23T00:00:00.000Z,0,48.8,3.6,1.2,17.2,11.959,631
2023-10-24T00:00:00.000Z,0,76.8,32.3,2.6,37.4,17.537,647
2023-10-25T00:00:00.000Z,0,45.2,19.8,2.2,25.1,12.384,631
2023-10-26T00:00:00.000Z,0,55.8,18.6,13.35,22,11.15,653
2023-10-27T00:00:00.000Z,0,51.1,3.4,0.8,23.5,14.051,650
2023-10-28T00:00:00.000Z,0,21.9,1.3,0.6,2.8,5.431,634
2023-10-29T00:00:00.000Z,0,20.2,0.6,0.2,1.8,3.402,568
2023-10-30T00:00:00.000Z,0,49.8,5.8,0.9,21,10.534,640
2023-10-31T00:00:00.000Z,0,75.3,2.9,1,12.2,9.483,662
2023-11-01T00:00:00.000Z,0,43.4,5.3,1.6,23.65,12.961,641
2023-11-02T00:00:00.000Z,0,57.7,16.39,1.6,20.55,12.892,681
2023-11-03T00:00:00.000Z,0,23.5,1.75,0.8,15.7,7.803,658
2023-11-04T00:00:00.000Z,0,17.6,1,0.4,2.29,5.111,605
2023-11-05T00:00:00.000Z,0,22.4,1.1,0.4,15.35,7.583,629
2023-11-06T00:00:00.000Z,0,27.8,0.7,0.2,7.6,4.847,580
2023-11-07T00:00:00.000Z,0,35.6,9.35,0.9,15.5,7.508,654
2023-11-08T00:00:00.000Z,0,35.6,1.6,0.6,5.09,9.401,654
2023-11-09T00:00:00.000Z,0,35.1,1.3,0.5,3.5,7.275,594
2023-11-10T00:00:00.000Z,0,22.7,1.6,0.6,14.45,7.043,624
2023-11-11T00:00:00.000Z,0,20.3,1.1,0.4,2.4,5.373,631
2023-11-12T00:00:00.000Z,0,18,0.5,0.2,1.3,1.964,349
2023-11-13T00:00:00.000Z,0,8.2,0.3,0.1,0.7,1.417,558
2023-11-14T00:00:00.000Z,0,17.3,0.5,0.2,1.3,1.946,584
2023-11-15T00:00:00.000Z,0,40.6,2.15,0.6,6.6,9.152,616
2023-11-16T00:00:00.000Z,0,27.4,2.2,0.4,6.5,4.856,628
2023-11-17T00:00:00.000Z,0,61.1,15.3,7.5,39.2,16.707,658
2023-11-18T00:00:00.000Z,0,83.2,36.25,15.65,48.4,18.785,680
2023-11-19T00:00:00.000Z,0,71.4,28,15.25,40.85,15.939,684
2023-11-20T00:00:00.000Z,0.2,68.9,30,22.9,39.7,14.056,668
2023-11-21T00:00:00.000Z,0.3,67,27.6,14.9,36.3,15.891,667
2023-11-22T00:00:00.000Z,0.7,66.5,49.3,42.4,54.3,15.605,684
2023-11-23T00:00:00.000Z,0,58.4,19.7,2.9,28.4,14.478,665
2023-11-24T00:00:00.000Z,0.1,60.1,28.9,3.45,33.85,17.593,692
2023-11-25T00:00:00.000Z,0.5,41.8,3.75,2.2,5.6,7.391,54