date,min,max,median,q1,q3,stdev,count
2022-02-01T00:00:00.000Z,28.6,188.3,39.15,34.4,49.7,13.293,414
2022-02-02T00:00:00.000Z,9,479.4,22.25,15.5,36.5,29.262,634
2022-02-03T00:00:00.000Z,22.2,516.6,35.6,32.6,40.29,48.128,625
2022-02-04T00:00:00.000Z,31.9,516,41.2,40,43.05,32.771,629
2022-02-05T00:00:00.000Z,44.8,947.6,59.7,51.65,85.8,49.6,613
2022-02-06T00:00:00.000Z,48.8,642.4,66.7,59.3,71.7,57.248,628
2022-02-07T00:00:00.000Z,30.1,418.7,80.3,48.2,97.9,43.532,618
2022-02-08T00:00:00.000Z,15.7,563.1,34.6,29.8,38.29,44.109,605
2022-02-09T00:00:00.000Z,17.2,177.2,50.6,30.65,57.3,22.322,308
2022-02-10T00:00:00.000Z,30,538.4,39.9,35.9,44.25,31.16,336
2022-02-11T00:00:00.000Z,28.7,413.9,49.3,47.7,52.8,24.317,614
2022-02-12T00:00:00.000Z,36.1,377.3,45,42.3,47.5,21.161,610
2022-02-13T00:00:00.000Z,8.4,379.5,25,18.2,32.1,25.467,607
2022-02-14T00:00:00.000Z,17,480,37.1,30.85,50.2,27.44,617
2022-02-15T00:00:00.000Z,32.9,523.9,52.3,42.4,64,39.883,593
2022-02-16T00:00:00.000Z,25,1154.8,52.8,47,58,73.052,615
2022-02-17T00:00:00.000Z,14,673.9,39.5,32.9,45.8,44.597,620
2022-02-18T00:00:00.000Z,1.5,187.5,32.35,16.8,36.5,13.923,600
2022-02-19T00:00:00.000Z,0.6,643.9,5.8,4,8.9,42.741,597
2022-02-20T00:00:00.000Z,1.3,90.9,9.5,6.5,13.7,6.777,591
2022-02-21T00:00:00.000Z,10.4,273.3,19.6,16.7,26.65,19.782,624
2022-02-22T00:00:00.000Z,9.6,403.6,22.25,14.9,29.1,26.188,610
2022-02-23T00:00:00.000Z,13.7,470.2,29.4,23.7,32.7,35.311,619
2022-02-24T00:00:00.000Z,29,464.6,45.4,40.4,52,32.639,599
2022-02-25T00:00:00.000Z,42.9,256.8,50.7,47.8,60.25,18.619,609
2022-02-26T00:00:00.000Z,46.7,759.4,91.1,70.5,126.4,67.055,635
2022-02-27T00:00:00.000Z,98.3,717.9,130.1,117.6,150.5,47.977,625
2022-02-28T00:00:00.000Z,52.3,616.5,72.1,66.9,91.5,45.107,643
2022-03-01T00:00:00.000Z,28.8,288.1,50.4,40.9,78.2,31.277,615
2022-03-02T00:00:00.000Z,52.4,428.8,110.1,91,121.9,31.573,636
2022-03-03T00:00:00.000Z,34.7,861.7,67.7,55.8,82.5,62.899,617
2022-03-04T00:00:00.000Z,26.7,604.5,44.1,39.1,53.05,41.621,625
2022-03-05T00:00:00.000Z,34.1,477.4,41.7,39.2,45.7,27.71,610
2022-03-06T00:00:00.000Z,12.6,503.7,33,29.6,38.15,26.03,605
2022-03-07T00:00:00.000Z,10.9,352.4,47.5,34.8,52.6,24.595,622
2022-03-08T00:00:00.000Z,12.8,203.6,29.9,26.1,36.4,18.492,622
2022-03-09T00:00:00.000Z,27,615.3,39.1,34.9,43.75,53.018,613
2022-03-10T00:00:00.000Z,19.6,642.2,32.29,28.6,37.6,51.955,604
2022-03-11T00:00:00.000Z,21.1,612.7,34.7,31.4,38.79,36.902,608
2022-03-12T00:00:00.000Z,19.3,476.4,35,32,38.7,33.01,622
2022-03-13T00:00:00.000Z,18.7,605.9,36.75,32.9,41.4,38.479,606
2022-03-14T00:00:00.000Z,14.3,239.2,42.6,33.6,55.7,23.036,614
2022-03-15T00:00:00.000Z,37.8,305.9,77.8,65.8,86.5,24.223,616
2022-03-16T00:00:00.000Z,31.6,392.5,41.9,36.29,52.4,38.077,616
2022-03-17T00:00:00.000Z,24.5,749.9,39.04,35.5,46.7,39.89,622
2022-03-18T00:00:00.000Z,29.9,215.4,44.6,41.6,48.8,12.826,586
2022-03-19T00:00:00.000Z,30.8,391.5,40.29,36.6,44.8,37.627,612
2022-03-20T00:00:00.000Z,27.6,600.1,36.2,32.85,39.6,45.356,612
2022-03-21T00:00:00.000Z,33.4,86.5,40.6,36.8,43.7,5.914,375
2022-04-03T00:00:00.000Z,16.4,101.2,33.85,29.1,44.5,17.242,434
2022-04-04T00:00:00.000Z,20.1,286.6,38,32.1,47.9,21.858,607
2022-04-05T00:00:00.000Z,18.7,459.4,39.1,30.5,56.05,38.458,625
2022-04-06T00:00:00.000Z,49.2,530.1,73.9,67.34,92.25,29.335,629
2022-04-07T00:00:00.000Z,42.9,294.7,74,53.9,103,29.882,609
2022-04-08T00:00:00.000Z,49.9,570.8,63.05,55.6,77.75,37.905,612
2022-04-09T00:00:00.000Z,22.5,227.5,36.1,31.45,45.1,21.806,573
2022-04-10T00:00:00.000Z,31.5,789.7,42.75,36.6,46.3,53.405,608
2022-04-11T00:00:00.000Z,26.5,346.7,32.5,30.9,38,27.819,611
2022-04-12T00:00:00.000Z,19.4,235.9,29.5,26.8,32.8,15.481,602
2022-04-13T00:00:00.000Z,34.7,357.8,44.5,41.2,50.7,24.625,610
2022-04-14T00:00:00.000Z,39.5,340,46.7,43.3,48.8,16.564,598
2022-04-15T00:00:00.000Z,36.1,660.8,49.7,46.2,54.7,59.888,603
2022-04-16T00:00:00.000Z,7.6,1176.9,26.45,16.5,36.1,88.37,632
2022-04-17T00:00:00.000Z,6.6,911.5,29,19.45,39.1,77.834,629
2022-04-18T00:00:00.000Z,4,172.8,19.64,13.85,32.1,17.478,612
2022-04-19T00:00:00.000Z,19.9,305.1,31.6,26.9,34.1,23.052,607
2022-04-20T00:00:00.000Z,35.8,233,52.15,44.2,58.9,18.119,628
2022-04-21T00:00:00.000Z,25.8,524.7,46.4,40.9,48.5,44.297,603
2022-04-22T00:00:00.000Z,26.5,395.2,34.1,30.8,39.9,29.266,635
2022-04-23T00:00:00.000Z,26.7,208.4,32.7,30.8,34.7,15.046,603
2022-04-24T00:00:00.000Z,28.5,434.2,35.2,32.5,37.9,19.206,617
2022-04-25T00:00:00.000Z,21.1,397.1,33.79,31.4,37.3,32.971,595
2022-04-26T00:00:00.000Z,22.1,552.7,32.4,29.7,34.4,34.716,601
2022-04-27T00:00:00.000Z,17.7,172.4,35.25,31.3,37.8,12.664,626
2022-04-28T00:00:00.000Z,12.1,542.3,35.4,22.2,40.6,34.358,609
2022-04-29T00:00:00.000Z,16.7,290.4,39.35,29.9,44.9,26.174,616
2022-04-30T00:00:00.000Z,0.5,304.3,19,12.4,26.5,24.257,599
2022-05-01T00:00:00.000Z,1.6,189.4,15.2,9.6,20.2,16.926,611
2022-05-02T00:00:00.000Z,21.7,178.7,33,29,43.3,12.976,603
2022-05-03T00:00:00.000Z,17.2,190.6,34,25.7,40.5,19.879,606
2022-05-04T00:00:00.000Z,34.2,177.1,45.4,40.3,54.65,16.32,597
2022-05-05T00:00:00.000Z,11.4,100.5,38.95,26,50.5,15.545,618
2022-05-06T00:00:00.000Z,13,432,31.5,25,38.75,33.217,617
2022-05-07T00:00:00.000Z,1.4,585.8,18,10.6,25.8,59.548,606
2022-05-08T00:00:00.000Z,6.7,366.3,25.9,19.6,33.2,26.568,616
2022-05-09T00:00:00.000Z,8.6,589.2,18.89,16.6,24.9,47.728,600
2022-05-10T00:00:00.000Z,8.6,296.7,29.7,25.7,33.1,26.06,606
2022-05-11T00:00:00.000Z,17,461.1,28.8,22.7,34.2,25.508,615
2022-05-12T00:00:00.000Z,18.2,467.1,28.2,25.3,32.29,26.582,617
2022-05-13T00:00:00.000Z,1.6,121.8,28.95,12.55,37.25,15.149,588
2022-05-14T00:00:00.000Z,15.9,390.3,29.9,24.9,34.29,26.304,607
2022-05-15T00:00:00.000Z,5.5,331,14,9.5,38.25,30.148,601
2022-05-16T00:00:00.000Z,6.4,477.6,15.75,11.7,22.9,42.748,522
2022-05-17T00:00:00.000Z,13.2,84.4,26.2,20.8,31.6,8.09,578
2022-05-18T00:00:00.000Z,17.8,364.7,31.15,24.9,40.8,19.379,610
2022-05-19T00:00:00.000Z,16.5,742.1,30,23.8,35.2,58.396,589
2022-05-20T00:00:00.000Z,9.3,200.7,21.4,17,26.1,12.033,603
2022-05-21T00:00:00.000Z,16.1,264.6,41.25,36.8,44.2,20.371,598
2022-05-22T00:00:00.000Z,3.9,393.5,12.7,9.2,20.4,37.349,585
2022-05-23T00:00:00.000Z,4,261.4,12.4,10,16.3,18.584,588
2022-05-24T00:00:00.000Z,17.4,273.6,30.9,24.1,51.2,24.644,559
2022-05-25T00:00:00.000Z,21.5,360.6,31.7,27.7,39.8,22.784,614
2022-05-26T00:00:00.000Z,8,427.4,31.2,27.4,34.6,29.483,607
2022-05-27T00:00:00.000Z,20.7,79.6,26.6,23.3,30.1,8.057,81
2022-05-28T00:00:00.000Z,14.5,705.6,18.95,16.8,21.9,39.87,470
2022-05-29T00:00:00.000Z,14,184.1,20.9,18.7,24.5,12.074,662
2022-05-30T00:00:00.000Z,3.4,310.7,23.4,17.75,28.1,19.493,637
2022-05-31T00:00:00.000Z,12.5,337.6,25.8,20.9,31.4,25.679,657
2022-06-01T00:00:00.000Z,17.7,122,23.9,22.1,26.1,8.182,653
2022-06-02T00:00:00.000Z,1.7,407.2,17.45,14.2,23.6,23.265,558
2022-06-03T00:00:00.000Z,12.6,637.1,25.1,19.3,27.8,38.394,572
2022-06-04T00:00:00.000Z,4.3,172.4,14.1,9.69,22.85,12.185,625
2022-06-05T00:00:00.000Z,4.7,595.7,16.2,12.4,20.6,43.234,658
2022-06-06T00:00:00.000Z,0.4,421.9,35.29,27.2,43.2,34.768,630
2022-06-07T00:00:00.000Z,25.1,876.3,39.6,35.3,43.7,83.506,611
2022-06-08T00:00:00.000Z,6.2,612.8,27.1,18,33.1,43.192,631
2022-06-09T00:00:00.000Z,9.8,372.1,27.2,22.1,34.15,28.233,653
2022-06-10T00:00:00.000Z,6.1,256,24.9,12.7,30.2,18.794,653
2022-06-11T00:00:00.000Z,13.9,291.7,35.54,31.7,40.4,21.158,630
2022-06-12T00:00:00.000Z,8.9,188.7,24,17.4,31.8,12.267,642
2022-06-13T00:00:00.000Z,2.5,175.6,28.7,17,33.4,14.791,659
2022-06-14T00:00:00.000Z,3.8,119.4,25,18.7,34.5,13.736,662
2022-06-15T00:00:00.000Z,5.8,267.6,26.8,11.3,37.4,24.407,657
2022-06-16T00:00:00.000Z,4.9,224.3,17.2,13.6,24.5,12.608,642
2022-06-17T00:00:00.000Z,7.7,452.3,16.4,15.1,19.8,19.211,578
2022-06-18T00:00:00.000Z,9.3,91.3,16.4,14.2,20.7,12.677,657
2022-06-19T00:00:00.000Z,7.8,178.6,17.7,12.3,30.2,15.005,623
2022-06-20T00:00:00.000Z,10.1,119,18,15,25.8,9.875,647
2022-06-21T00:00:00.000Z,9.6,379.3,19.3,13.7,22.8,19.969,642
2022-06-22T00:00:00.000Z,10.2,81,18.5,15.9,20.8,5.913,638
2022-06-23T00:00:00.000Z,5.6,129.6,15.5,10,23.15,10.417,617
2022-06-24T00:00:00.000Z,1.2,246.2,5.1,3.5,8.19,14.406,631
2022-06-25T00:00:00.000Z,1,132,7.6,4.75,11.2,11.114,625
2022-06-26T00:00:00.000Z,7.8,123.2,13.1,10.8,15.8,7.598,543
2022-06-27T00:00:00.000Z,7.7,91.5,13.3,11,15.9,5.992,640
2022-06-28T00:00:00.000Z,11.5,249.1,19.2,16.1,23.5,18.823,646
2022-06-29T00:00:00.000Z,15.9,400.9,33.5,28.2,41.1,38.684,655
2022-06-30T00:00:00.000Z,11.6,143.2,33,22.9,48.65,22.244,648
2022-07-01T00:00:00.000Z,22.8,583.9,48.35,41.8,59.95,40.591,656
2022-07-02T00:00:00.000Z,2.4,147.5,25.2,15.95,36.5,14.717,636
2022-07-03T00:00:00.000Z,5.1,144.8,28.4,19.89,36.2,14.344,654
2022-07-04T00:00:00.000Z,7.9,419,16.8,11.3,30.2,28.941,643
2022-07-05T00:00:00.000Z,11.8,224.8,25.4,16.2,32.6,23.434,102
2022-07-07T00:00:00.000Z,2.4,414.3,7.7,6,10.8,36.99,280
2022-07-08T00:00:00.000Z,3.8,385.2,16.2,11.25,21.4,25.419,620
2022-07-09T00:00:00.000Z,3.8,442.7,20.8,13.4,28.2,29.53,651
2022-07-10T00:00:00.000Z,3.8,324.8,20.2,13,28.2,22.38,641
2022-07-11T00:00:00.000Z,3,311.9,7.7,6,12.4,17.368,625
2022-07-12T00:00:00.000Z,1.4,205.4,6,4,8.9,17.715,622
2022-07-13T00:00:00.000Z,2.8,381.5,12.05,7.6,19.89,26.125,662
2022-07-14T00:00:00.000Z,2.4,554.5,9.3,7.2,12,35.077,635
2022-07-15T00:00:00.000Z,1.1,122.1,6.4,3.1,18.05,15.398,621
2022-07-16T00:00:00.000Z,4.3,130.3,8.5,6.9,11.8,10.856,637
2022-07-17T00:00:00.000Z,9.1,127.7,14.7,12.7,16.2,10.085,650
2022-07-18T00:00:00.000Z,0.4,184.8,16.2,13.1,20.75,14.263,660
2022-07-19T00:00:00.000Z,5.6,248.8,14.3,11.4,16.2,16.829,651
2022-07-20T00:00:00.000Z,3.1,395.2,13,8.5,18.3,36.164,648
2022-07-21T00:00:00.000Z,0.7,85,6.8,5,9.9,8.999,651
2022-07-22T00:00:00.000Z,1.2,289.7,18.5,6.6,25.85,21.764,669
2022-07-23T00:00:00.000Z,3,225.2,9.25,6.8,14,18.786,662
2022-07-24T00:00:00.000Z,5.6,89.3,11,8.8,14.2,9.094,650
2022-07-25T00:00:00.000Z,2.9,62.1,9.1,6.7,16.25,9.525,648
2022-07-26T00:00:00.000Z,5.2,272.6,9.6,8.5,11.7,16.719,638
2022-07-27T00:00:00.000Z,4.2,455.5,9.69,7.6,13.2,23.217,636
2022-07-28T00:00:00.000Z,8.5,291,20.35,15.9,27.8,16.426,646
2022-07-29T00:00:00.000Z,8.3,587.7,20.1,14.75,25.25,37.262,665
2022-07-30T00:00:00.000Z,4.9,352.3,26,20.3,29.1,21.189,667
2022-07-31T00:00:00.000Z,4.1,277.5,14.4,11.5,19.3,16.803,674
2022-08-01T00:00:00.000Z,9.8,268,16.5,14.4,19.39,15.142,592
2022-08-02T00:00:00.000Z,10,257.8,18.55,13.9,30.25,18.769,644
2022-08-03T00:00:00.000Z,6.9,386.8,20.5,14.1,26,25.925,662
2022-08-04T00:00:00.000Z,6,564.9,20.39,13.55,31.2,38.64,665
2022-08-05T00:00:00.000Z,1,633.9,16.89,8.1,29.4,52.134,658
2022-08-06T00:00:00.000Z,2.8,1008.4,15.9,9.75,31.7,75.817,681
2022-08-07T00:00:00.000Z,5.1,186.1,27.7,20.1,33.7,16.441,678
2022-08-08T00:00:00.000Z,8.8,236.4,18.8,12.7,31.55,18.845,672
2022-08-09T00:00:00.000Z,15.1,206.7,41.4,33.15,45.7,15.448,676
2022-08-10T00:00:00.000Z,0.2,319.9,25.2,17.3,29.8,30.795,655
2022-08-11T00:00:00.000Z,0.7,794.7,10.2,7.1,17,51.21,671
2022-08-12T00:00:00.000Z,1.6,795,36,16,45.7,53.702,671
2022-08-13T00:00:00.000Z,5,799.1,15.9,10.5,24.1,42.106,678
2022-08-14T00:00:00.000Z,2.1,528.2,14.1,10.19,18.2,28.688,663
2022-08-15T00:00:00.000Z,0.4,220.9,8.3,5.09,15.9,15.445,633
2022-08-16T00:00:00.000Z,6,404.2,14.8,11.1,22.35,23.468,657
2022-08-17T00:00:00.000Z,6.5,78,16,12.4,22.2,9.472,647
2022-08-18T00:00:00.000Z,6.7,275,21.5,13.25,32.2,21.608,645
2022-08-19T00:00:00.000Z,1.7,611.2,26.3,13,35.7,31.757,671
2022-08-20T00:00:00.000Z,0.6,182.5,12.95,5.5,23.1,17.071,646
2022-08-21T00:00:00.000Z,0.6,772.2,5.85,3.5,10.4,34.275,650
2022-08-22T00:00:00.000Z,3.2,198.2,8.7,5.7,12.5,18.059,647
2022-08-23T00:00:00.000Z,7.6,372,32.2,21.35,38.2,26.445,669
2022-08-24T00:00:00.000Z,15.1,378.1,34.9,28,39.4,25.555,647
2022-08-25T00:00:00.000Z,1.8,112.6,21.4,11.8,30.85,15.326,636
2022-08-26T00:00:00.000Z,2.5,154.2,5.9,4.7,7.8,13.53,651
2022-08-27T00:00:00.000Z,1.8,255.9,8.2,6,13.6,18.42,668
2022-08-28T00:00:00.000Z,5.6,360.4,10.2,8.4,14.1,25.855,650
2022-08-29T00:00:00.000Z,3,451.2,7.1,4.8,12.15,26.624,633
2022-08-30T00:00:00.000Z,1.7,279.7,10.3,6.8,21.2,15.945,625
2022-08-31T00:00:00.000Z,9,173.2,26.2,19.89,37.45,16.867,661
2022-09-01T00:00:00.000Z,8.7,497.9,36.4,27.35,44.35,26.317,645
2022-09-02T00:00:00.000Z,29.5,583.7,47.9,41.8,55.5,34.509,642
2022-09-03T00:00:00.000Z,36.7,457.8,48.45,43.1,55.5,26.964,664
2022-09-04T00:00:00.000Z,31,287.6,45.3,40.25,49.2,16.463,648
2022-09-05T00:00:00.000Z,24.4,107.4,45.05,35.2,56.2,13.86,658
2022-09-06T00:00:00.000Z,29,183.8,43.8,39.04,59.2,18.224,653
2022-09-07T00:00:00.000Z,1.6,237.2,47.9,11.4,53.8,27.651,650
2022-09-08T00:00:00.000Z,1.1,503.1,11.7,7.6,18.2,37.751,622
2022-09-09T00:00:00.000Z,0.6,487.9,26.35,15.7,43,32.406,678
2022-09-10T00:00:00.000Z,5.2,417.5,22.25,13.5,33.85,32.667,640
2022-09-11T00:00:00.000Z,12.1,440.4,26.7,20.39,35.2,27.004,634
2022-09-12T00:00:00.000Z,23.1,129.3,36.8,30.2,44.2,14.9,573
2022-09-13T00:00:00.000Z,28.6,140.5,44.3,40.1,49.8,9.979,631
2022-09-14T00:00:00.000Z,36.4,326.4,45,42.7,47.8,18.127,619
2022-09-15T00:00:00.000Z,11.1,486.7,32.8,30.4,34.6,21.616,631
2022-09-16T00:00:00.000Z,3,95.3,15.9,11.85,21.55,8.988,628
2022-09-17T00:00:00.000Z,5.8,430,36.6,19.05,47.5,39.206,644
2022-09-18T00:00:00.000Z,16.3,465.8,33.1,29.7,44.4,38.525,643
2022-09-19T00:00:00.000Z,12.7,184.1,27.95,21.75,35.1,13.779,660
2022-09-20T00:00:00.000Z,23.4,495.7,43.4,36.79,49.25,39.528,645
2022-09-21T00:00:00.000Z,3.6,437.2,34.1,23.9,38.1,35.521,649
2022-09-22T00:00:00.000Z,2.9,590.1,24.8,16.2,40,36.828,658
2022-09-23T00:00:00.000Z,23.8,289.4,38.6,35.7,41.65,16.657,649
2022-09-24T00:00:00.000Z,25.1,556.7,47,37.45,53.05,57.671,637
2022-09-25T00:00:00.000Z,24.2,758.3,56.1,39,72.5,51.011,665
2022-09-26T00:00:00.000Z,52.6,282,73.7,66.1,84.9,38.551,670
2022-09-27T00:00:00.000Z,49.5,115.1,59.9,56.2,73.5,11.426,647
2022-09-28T00:00:00.000Z,9.4,448.3,39,30.4,47.75,37.926,657
2022-09-29T00:00:00.000Z,2.7,359.9,13.4,7.6,23.8,24.512,646
2022-09-30T00:00:00.000Z,1.1,275.4,8,5.6,11.85,16.806,628
2022-10-01T00:00:00.000Z,0.3,241.5,9,4.2,15.85,18.551,664
2022-10-03T00:00:00.000Z,4.3,369.8,15.1,11.8,27.6,20.586,571
2022-10-04T00:00:00.000Z,5.3,233,21.9,15.55,33.35,20.691,668
2022-10-05T00:00:00.000Z,13.9,296.1,35.2,23.05,40.75,20.288,653
2022-10-06T00:00:00.000Z,10.1,207.9,25.6,18.7,33.5,17.357,643
2022-10-07T00:00:00.000Z,9,440.2,22.5,16.7,34.79,36.898,647
2022-10-08T00:00:00.000Z,31.3,226.3,42.5,39.5,45.2,11.883,647
2022-10-09T00:00:00.000Z,3.9,661.9,10.5,6.5,36.75,38.645,645
2022-10-10T00:00:00.000Z,12.4,370.3,21.95,16.6,32.2,31.844,648
2022-10-11T00:00:00.000Z,13.7,370.3,28.65,21.3,36.5,21.697,638
2022-10-12T00:00:00.000Z,19.4,271.9,33.6,25.1,43.1,23.062,660
2022-10-13T00:00:00.000Z,27.5,287.4,50.4,36.8,74,26.832,658
2022-10-14T00:00:00.000Z,29.6,266.5,46.6,38.2,63.8,20.833,647
2022-10-15T00:00:00.000Z,33,111,45.5,37.6,51,7.966,634
2022-10-16T00:00:00.000Z,30.8,300.7,44.45,39.2,56.2,18.838,666
2022-10-17T00:00:00.000Z,35.5,189.2,44.1,40.8,47,14.103,622
2022-10-18T00:00:00.000Z,41.9,329,47.8,44.8,51.7,33.806,468
2022-10-21T00:00:00.000Z,40.9,323.2,49,45.7,55.3,17.096,620
2022-10-22T00:00:00.000Z,44.1,233.1,92.3,55.9,104.1,30.182,655
2022-10-23T00:00:00.000Z,42,209.7,90,66.6,112.4,29.86,678
2022-10-24T00:00:00.000Z,33.5,296.9,58.7,44,75.5,25.955,659
2022-10-25T00:00:00.000Z,32.1,354.2,45.5,40.29,50,26.89,647
2022-10-26T00:00:00.000Z,17.7,384.7,31,28.1,33.29,22.555,656
2022-10-27T00:00:00.000Z,9.5,115,24.5,15.15,29.5,10.592,656
2022-10-28T00:00:00.000Z,24.2,502.1,51.6,40.6,72.05,31.373,672
2022-10-29T00:00:00.000Z,47.1,295.4,68.3,52.8,102.35,27.754,689
2022-10-30T00:00:00.000Z,16.5,685.2,44.3,31.2,47.1,31.226,651
2022-10-31T00:00:00.000Z,11.6,128.3,17.7,15.1,27,12.857,654
2022-11-01T00:00:00.000Z,13,216.7,36.6,19.4,53.45,23.052,661
2022-11-02T00:00:00.000Z,26.7,230.8,43.25,35.2,54.6,38.611,670
2022-11-03T00:00:00.000Z,32.4,334.8,62.3,45.8,74.59,24.609,631
2022-11-04T00:00:00.000Z,31.3,278.3,45.5,40,48.7,24.507,651
2022-11-05T00:00:00.000Z,35.3,242.9,44,42.5,45.5,12.802,647
2022-11-06T00:00:00.000Z,28.9,312.6,41.7,37.7,48.15,13.387,673
2022-11-07T00:00:00.000Z,34.9,189.3,48.45,44.7,51.15,16.454,676
2022-11-08T00:00:00.000Z,29.9,325.6,48,43.9,55.3,31.919,671
2022-11-09T00:00:00.000Z,14,262,28.1,22.3,42.6,24.147,675
2022-11-10T00:00:00.000Z,21.2,647.3,34.85,30,42,48.245,656
2022-11-11T00:00:00.000Z,13.2,336.9,33.79,27.6,40,22.698,648
2022-11-12T00:00:00.000Z,14,254.4,28.5,23,32.5,17.57,676
2022-11-13T00:00:00.000Z,17.7,480.2,33.9,31.2,42.2,32.022,663
2022-11-14T00:00:00.000Z,11.2,184.7,36.9,28.15,40.7,12.815,653
2022-11-15T00:00:00.000Z,8.5,137.8,23.9,16.2,35.3,13.873,667
2022-11-16T00:00:00.000Z,12.3,289.9,18.3,15.1,24.6,23.352,634
2022-11-17T00:00:00.000Z,9,371.9,20.7,16.85,25.1,18.811,668
2022-11-18T00:00:00.000Z,13.2,366.2,19.35,16.3,23.9,25.268,658
2022-11-19T00:00:00.000Z,11.5,288.9,27.2,21.1,34.2,18.253,667
2022-11-20T00:00:00.000Z,9.8,143.2,32.4,23,41.8,15.849,655
2022-11-21T00:00:00.000Z,25.2,453.1,46.2,43.7,50.9,25.117,658
2022-11-22T00:00:00.000Z,25.1,247.6,47.05,39.79,71.59,27.109,666
2022-11-23T00:00:00.000Z,6.6,246.2,32.6,18.45,43.95,23.344,660
2022-11-24T00:00:00.000Z,6.2,447.6,18.3,12.35,27.1,24.334,676
2022-11-25T00:00:00.000Z,14.6,609.5,29.1,24.9,31.9,42.94,672
2022-11-26T00:00:00.000Z,15,330.9,29.9,27.2,33.1,24.296,655
2022-11-27T00:00:00.000Z,2.9,203.5,7.4,5.55,12.55,22.83,652
2022-11-28T00:00:00.000Z,5.1,44.3,9.1,7,12.7,4.58,634
2022-11-29T00:00:00.000Z,6.8,591.3,12.1,10.7,15.45,36.593,657
2022-11-30T00:00:00.000Z,2.4,144.6,19.2,14.95,27.05,12.94,669
2022-12-01T00:00:00.000Z,1.3,511.1,10.3,7.6,13.2,35.004,619
2022-12-02T00:00:00.000Z,6.5,521.2,29.4,20.9,35.9,33.343,675
2022-12-03T00:00:00.000Z,20.6,321.1,43.7,30.5,49,22.781,655
2022-12-04T00:00:00.000Z,3.6,215.3,25.4,8.4,32,20.942,676
2022-12-05T00:00:00.000Z,3.8,66.6,23.2,13.05,30.55,10.348,669
2022-12-06T00:00:00.000Z,30.1,712.4,45,40.79,50,37.736,672
2022-12-07T00:00:00.000Z,38.3,326.2,50.6,46.6,55.9,21.145,654
2022-12-08T00:00:00.000Z,36.7,383.4,86.2,63.6,104.7,35.113,675
2022-12-09T00:00:00.000Z,47.4,338.5,75.3,53.9,97,26.248,683
2022-12-10T00:00:00.000Z,43.2,528.9,51.9,50.5,69.5,28.891,665
2022-12-11T00:00:00.000Z,39.4,487.3,47.6,43,54,34.876,660
2022-12-12T00:00:00.000Z,42.1,147.8,52.1,46.7,55.8,10.348,645
2022-12-13T00:00:00.000Z,38.6,618.9,44.5,42.8,50.65,31.091,669
2022-12-14T00:00:00.000Z,40.3,517.3,48.1,45.4,51.8,36.667,655
2022-12-15T00:00:00.000Z,39.7,151.9,50.6,46.7,54.1,8.478,674
2022-12-16T00:00:00.000Z,41.5,493.9,55.9,47.6,63.7,37.403,664
2022-12-17T00:00:00.000Z,27.7,145.1,44,31.9,45.3,8.879,658
2022-12-18T00:00:00.000Z,29.9,133.7,40.5,35.1,43.6,9.006,660
2022-12-19T00:00:00.000Z,34.4,354,41.5,39.1,44.4,16.219,622
2022-12-20T00:00:00.000Z,31.2,255.5,43.8,40.2,48.45,13.463,644
2022-12-21T00:00:00.000Z,44.4,279.4,55.3,50.8,65,23.413,661
2022-12-22T00:00:00.000Z,33.2,218.9,48,44.85,52.7,17.823,637
2022-12-23T00:00:00.000Z,18,127.5,38.54,33.4,43,8.606,642
2022-12-24T00:00:00.000Z,24.3,200.1,45.15,36.45,50.5,15.22,636
2022-12-25T00:00:00.000Z,14.6,187.3,39.1,29.4,44,12.957,635
2022-12-26T00:00:00.000Z,24.6,434,37.3,33.6,41.3,25.6,643
2022-12-27T00:00:00.000Z,25.4,486.9,31.9,29.2,35.6,44.24,259
2023-01-02T00:00:00.000Z,17.2,122.7,43.1,32.79,73.5,21.739,459
2023-01-03T00:00:00.000Z,36.1,681.5,50.9,46.5,69.25,35.573,668
2023-01-04T00:00:00.000Z,32.4,795.1,45.4,39.9,47.5,38.673,646
2023-01-05T00:00:00.000Z,33.2,286.3,47.3,44.25,53.75,18.319,640
2023-01-06T00:00:00.000Z,36.8,498.5,44.7,41.7,50.2,24.339,646
2023-01-07T00:00:00.000Z,43.1,458.6,58.3,53.1,66.9,26.038,675
2023-01-08T00:00:00.000Z,36.8,514.9,66.7,58.85,74,31.261,669
2023-01-09T00:00:00.000Z,11.5,404.6,35.95,24.5,111.9,52.881,666
2023-01-10T00:00:00.000Z,24.1,703.8,42.4,36.04,51.45,52.868,645
2023-01-11T00:00:00.000Z,7.2,642.8,24,16.8,30.4,60.582,659
2023-01-12T00:00:00.000Z,19.3,425.9,38.4,31.9,42.75,25.084,661
2023-01-13T00:00:00.000Z,17.3,1310.3,36,32.85,43.4,68.262,645
2023-01-14T00:00:00.000Z,37.5,740.2,45.5,42.85,53.85,54.323,661
2023-01-15T00:00:00.000Z,16.4,574,27,20.7,37.75,27.791,664
2023-01-16T00:00:00.000Z,19.4,640.3,37.7,33.2,41,37.804,663
2023-01-17T00:00:00.000Z,29.8,492.6,41.4,37.4,45.4,32.058,646
2023-01-18T00:00:00.000Z,30.6,355.4,44.2,41,46.4,26.759,640
2023-01-19T00:00:00.000Z,44.4,590.5,67.6,56.2,81.15,42.918,669
2023-01-20T00:00:00.000Z,48.8,197.5,92.5,64.65,118.45,32.88,673
2023-01-21T00:00:00.000Z,40.7,761.3,77,65,93.6,90.871,678
2023-01-22T00:00:00.000Z,36.5,838.4,52.3,43.8,62,65.896,683
2023-01-23T00:00:00.000Z,27.6,356.1,40.4,36.4,43.2,22.158,655
2023-01-24T00:00:00.000Z,31.5,484.7,45.4,37.4,47.7,33.599,659
2023-01-25T00:00:00.000Z,42.5,345.1,47.4,46,49.3,22.89,654
2023-01-26T00:00:00.000Z,8.1,284,42.9,39.2,48.1,21.048,652
2023-01-27T00:00:00.000Z,9.9,229.4,39.04,35.6,43.2,15.339,662
2023-01-28T00:00:00.000Z,29,115,42.35,37.15,51.7,14.526,640
2023-01-29T00:00:00.000Z,38.6,542.4,53.4,44.7,61.9,26.376,673
2023-01-30T00:00:00.000Z,42.8,498.7,52.35,47.25,61.1,24.223,652
2023-01-31T00:00:00.000Z,25,177.9,36.7,33.4,42.3,11.839,624
2023-02-01T00:00:00.000Z,21.3,341.2,34.6,30.5,41.15,16.908,657
2023-02-02T00:00:00.000Z,24.5,356.7,42.8,36.29,48.6,21.504,665
2023-02-03T00:00:00.000Z,10.2,224.3,28.4,20.35,31.95,16.607,652
2023-02-04T00:00:00.000Z,17.1,664.7,32,27.2,35,31.078,653
2023-02-05T00:00:00.000Z,7.6,476.6,28.8,21.9,36.4,38.083,687
2023-02-06T00:00:00.000Z,18.3,460.4,30.1,28.4,32.9,34.438,663
2023-02-07T00:00:00.000Z,9.5,395.5,23.4,20.1,27.8,23.159,637
2023-02-08T00:00:00.000Z,15.2,637.8,27.9,25.7,30.4,35.826,654
2023-02-09T00:00:00.000Z,13.6,557.3,29.1,19.4,34.25,40.003,644
2023-02-10T00:00:00.000Z,12.2,200.1,25.9,22.2,29.9,10.38,650
2023-02-11T00:00:00.000Z,12.8,199.4,20.95,18.4,25.2,15.707,634
2023-02-12T00:00:00.000Z,18.4,519.7,28.9,26.1,34.9,38.107,666
2023-02-13T00:00:00.000Z,16.5,696.4,34.9,28.4,39.79,31.083,641
2023-02-14T00:00:00.000Z,27.1,413.5,36.7,33.7,40.29,26.623,631
2023-02-15T00:00:00.000Z,32.3,430.1,45,40.1,48.75,32.791,649
2023-02-16T00:00:00.000Z,43.4,535.9,91.1,61.7,104.2,45.906,654
2023-02-17T00:00:00.000Z,28.5,674.2,42.7,38.15,49.55,54.732,656
2023-02-18T00:00:00.000Z,27,758.9,35,31.7,42.2,64.36,646
2023-02-19T00:00:00.000Z,35.3,175.8,53.9,43.9,77,20.498,622
2023-02-20T00:00:00.000Z,39.3,404.6,49.6,46.1,57,25.202,646
2023-02-21T00:00:00.000Z,30.8,726.5,45.8,37.65,51.4,48.38,636
2023-02-22T00:00:00.000Z,26.4,130.5,36.6,33,38.9,7.93,567
2023-02-23T00:00:00.000Z,13.1,578.1,28.3,22.9,32.3,30.461,640
2023-02-24T00:00:00.000Z,19.7,545.3,28.5,24.6,36.2,31.096,660
2023-02-25T00:00:00.000Z,19.1,136.6,35.6,27.8,41.1,10.739,655
2023-02-26T00:00:00.000Z,35.8,400.9,43.7,41.25,46.8,29.431,657
2023-02-27T00:00:00.000Z,39.9,436.1,48.1,45.6,51.95,21.064,648
2023-02-28T00:00:00.000Z,18,219.8,33,28.6,43.1,18.187,658
2023-03-01T00:00:00.000Z,25.7,275.1,43.95,33.4,53.3,30.168,638
2023-03-02T00:00:00.000Z,44.3,324,59.9,52.8,64.2,24.855,637
2023-03-03T00:00:00.000Z,38.6,1103,46.8,42.4,50.1,64.092,638
2023-03-04T00:00:00.000Z,51.2,486.7,69.4,61.95,81.59,27.467,632
2023-03-05T00:00:00.000Z,48.3,336.2,70.05,60.65,77,32.682,632
2023-03-06T00:00:00.000Z,25.4,335.3,31.9,29.2,45,22.557,625
2023-03-07T00:00:00.000Z,23.6,589.8,30.35,27.8,32,30.557,634
2023-03-08T00:00:00.000Z,13.1,426.1,32.79,26,41.4,29.559,651
2023-03-09T00:00:00.000Z,33.6,313,40.79,37.8,47.2,15.779,634
2023-03-10T00:00:00.000Z,32.7,210.7,43.05,38.2,48.8,13.576,662
2023-03-11T00:00:00.000Z,23.9,746.6,37.2,34.4,41.8,53.457,548
2023-03-12T00:00:00.000Z,14.6,496.9,32.7,26.4,39.6,45.875,643
2023-03-13T00:00:00.000Z,18.9,486.2,42.05,31.6,49.7,48.458,646
2023-03-14T00:00:00.000Z,36.7,531.4,43,41.7,45.3,31.24,619
2023-03-15T00:00:00.000Z,24.2,1075.3,39.4,32.3,44,95.095,661
2023-03-16T00:00:00.000Z,9.3,633.8,22.8,19.7,26.8,48.532,654
2023-03-17T00:00:00.000Z,14.8,589.3,21.9,20.2,27.9,37.415,680
2023-03-18T00:00:00.000Z,13.3,194.1,28.8,22.7,32.3,13.92,670
2023-03-19T00:00:00.000Z,9.9,118.6,18,16.1,20.6,7.634,655
2023-03-20T00:00:00.000Z,14.5,246.9,20.7,17.8,24.6,16.846,642
2023-03-21T00:00:00.000Z,21.7,323.7,37.9,31.95,42.2,23.266,652
2023-03-22T00:00:00.000Z,38.3,331.7,45.4,42.7,49.2,16.716,665
2023-03-23T00:00:00.000Z,34.8,335,39.5,37.79,42.35,24.034,656
2023-03-24T00:00:00.000Z,28.4,261.8,40,34.5,43.7,15.135,655
2023-03-25T00:00:00.000Z,21.1,123.6,40.3,37.35,43.1,7.083,661
2023-03-26T00:00:00.000Z,19.9,189.9,29.9,24.2,35.29,11.215,680
2023-03-27T00:00:00.000Z,9.1,572.3,25.2,19.5,34.4,50.318,662
2023-03-28T00:00:00.000Z,11.2,454.7,30.4,24.6,40,36.126,663
2023-03-29T00:00:00.000Z,19.3,169,33.45,29.6,49.8,13.495,660
2023-03-30T00:00:00.000Z,19.9,229.1,37.2,30.3,42.8,20.516,634
2023-03-31T00:00:00.000Z,24,332.6,36.9,34.9,39.2,20.48,674
2023-04-01T00:00:00.000Z,13.8,557.2,33.79,29.5,41.2,47.3,654
2023-04-02T00:00:00.000Z,26.4,148.7,35,30,39,9.209,671
2023-04-03T00:00:00.000Z,28.1,351,34.2,31.9,37.4,21.223,666
2023-04-04T00:00:00.000Z,35.9,687.7,43.1,41.9,45.55,38.548,665
2023-04-05T00:00:00.000Z,29.6,520.2,39.9,36.6,43.8,37.961,660
2023-04-06T00:00:00.000Z,25.7,731.5,42.6,36.15,46.95,42.835,669
2023-04-07T00:00:00.000Z,23.1,358.2,38.79,32.9,46,26.093,639
2023-04-08T00:00:00.000Z,41.8,310.8,49.7,46.6,55.3,24.4,678
2023-04-09T00:00:00.000Z,24.5,109.1,48.15,41.1,59,11.926,656
2023-04-10T00:00:00.000Z,30.8,705.4,52,40.4,59.5,36.342,650
2023-04-11T00:00:00.000Z,36.4,574.9,42.9,40.8,46.25,42.428,664
2023-04-12T00:00:00.000Z,39.1,317.6,45,43.7,47.3,21.392,656
2023-04-13T00:00:00.000Z,32.6,443.3,40.4,38.9,44.1,30.534,655
2023-04-14T00:00:00.000Z,28.4,464.4,43.2,35.8,46,25.898,675
2023-04-15T00:00:00.000Z,37.7,403.4,49.9,46.1,54.8,21.116,673
2023-04-16T00:00:00.000Z,43.5,703.5,60,52.8,69.4,56.016,675
2023-04-17T00:00:00.000Z,37.7,720.4,46.35,40.2,57.95,49.569,664
2023-04-18T00:00:00.000Z,37.5,847.8,43.3,41.4,45.1,57.427,673
2023-04-19T00:00:00.000Z,38.9,455.4,45.1,43,47.95,38.32,652
2023-04-20T00:00:00.000Z,43,338.9,53.2,47.9,57.5,30.064,611
2023-04-21T00:00:00.000Z,41.1,749.4,52.7,49,57.6,52.188,654
2023-04-22T00:00:00.000Z,37.1,220.4,42.5,41.2,44.4,12.076,649
2023-04-23T00:00:00.000Z,28.8,170.3,38,35.8,41.2,13.346,675
2023-04-24T00:00:00.000Z,19.5,687.9,27.9,25.65,30.1,31.288,657
2023-04-25T00:00:00.000Z,8.3,232.9,28.3,21.6,39.6,17.817,666
2023-04-26T00:00:00.000Z,25.8,393.2,37,33.1,46.5,20.853,658
2023-04-27T00:00:00.000Z,25.6,210.3,34.5,31.7,38.1,15.103,651
2023-04-28T00:00:00.000Z,17.1,640.8,25.7,23.9,29.6,40.058,663
2023-04-29T00:00:00.000Z,5.9,608.6,19.35,14.7,28.3,44.956,686
2023-04-30T00:00:00.000Z,10.6,572.4,24.85,20.35,35.85,47.108,656
2023-05-01T00:00:00.000Z,20.7,258.4,35,25.35,38.75,14.947,648
2023-05-02T00:00:00.000Z,17.2,273.3,27.1,24.4,31.3,23.282,673
2023-05-03T00:00:00.000Z,13,297.8,17.5,15.8,19.95,11.609,648
2023-05-04T00:00:00.000Z,17.2,669.8,28.7,24.1,32.1,39.068,668
2023-05-05T00:00:00.000Z,24,943.6,31.4,27.4,33.4,51.163,647
2023-05-06T00:00:00.000Z,29.3,906.6,34.2,32.1,36.4,51.682,670
2023-05-07T00:00:00.000Z,0.7,500.9,40,35.29,43.2,27.22,673
2023-05-08T00:00:00.000Z,8.5,239.8,20.39,16.1,27.7,16.417,653
2023-05-09T00:00:00.000Z,9.8,702.4,34.5,28.5,40,40.764,659
2023-05-10T00:00:00.000Z,8.9,334.7,19.7,15.25,25.3,21.758,664
2023-05-11T00:00:00.000Z,2.1,703.4,11.8,8.1,20.95,46.22,673
2023-05-12T00:00:00.000Z,1.2,784.8,13,7.4,17.95,40.112,660
2023-05-13T00:00:00.000Z,7.7,239.9,28.1,20.8,35.1,14.776,674
2023-05-14T00:00:00.000Z,14.5,295,41.55,30.7,61.45,26.401,640
2023-05-15T00:00:00.000Z,25.3,404.6,35.79,31.6,39.6,22.352,664
2023-05-16T00:00:00.000Z,26.3,141,34,29.7,37.5,11.283,597
2023-05-17T00:00:00.000Z,32,326.2,38.7,35.6,41.1,19.963,635
2023-05-18T00:00:00.000Z,37.2,427.1,41.6,40.5,43.9,25.927,628
2023-05-19T00:00:00.000Z,36.6,551.1,43.05,41.3,44.4,40.407,634
2023-05-20T00:00:00.000Z,31.7,760.4,36.29,35.3,37.9,54.28,658
2023-05-21T00:00:00.000Z,25.8,420.2,36.4,35,39.7,26.311,635
2023-05-22T00:00:00.000Z,32.1,472.9,37.6,35.2,40.3,27.585,626
2023-05-23T00:00:00.000Z,32.6,262.5,38.5,37.1,41.9,16.811,623
2023-05-24T00:00:00.000Z,4.1,270.2,36.45,31.3,41.2,24.293,672
2023-05-25T00:00:00.000Z,12.9,347.8,20.65,17.8,23.5,22.583,658
2023-05-26T00:00:00.000Z,3.1,127.6,19,16.3,20.7,7.514,643
2023-05-27T00:00:00.000Z,6.8,224.5,13,11.8,15.2,17.13,638
2023-05-28T00:00:00.000Z,6.6,35.5,13.4,9.7,16.6,4.992,376
2023-06-06T00:00:00.000Z,24,384.4,44.9,32.29,51.9,30.669,350
2023-06-07T00:00:00.000Z,5.1,741.6,19.7,12,34.29,49.236,435
2023-06-08T00:00:00.000Z,5.8,57.9,19.45,14.3,36.29,11.431,450
2023-06-09T00:00:00.000Z,22.7,119.9,43.7,37.65,46.7,9.78,629
2023-06-10T00:00:00.000Z,24.1,577.2,39.7,32.6,49.2,38.196,649
2023-06-11T00:00:00.000Z,25.7,258.8,37.5,34.29,41.65,15.217,661
2023-06-12T00:00:00.000Z,13.8,298,29.3,23.2,39.04,16.226,648
2023-06-13T00:00:00.000Z,4.1,325.1,26.65,12.4,41.2,23.65,662
2023-06-14T00:00:00.000Z,13,553.4,38.5,34.5,42.4,30.001,643
2023-06-15T00:00:00.000Z,12.6,341.7,20,17.4,25.6,20.682,657
2023-06-16T00:00:00.000Z,6.3,62.7,13.3,11.3,17.6,6.066,646
2023-06-17T00:00:00.000Z,3.7,82.4,8.1,6.2,11.9,5.214,623
2023-06-18T00:00:00.000Z,1.4,187.3,9.9,6.5,15.1,14.146,638
2023-06-19T00:00:00.000Z,5.1,228,9.1,7.7,10.85,19.062,645
2023-06-20T00:00:00.000Z,2.2,213.8,8.9,7.9,11.8,9.585,647
2023-06-21T00:00:00.000Z,6.1,176.3,14,12,16.5,9.495,653
2023-06-22T00:00:00.000Z,5.4,291.4,16,13.2,20,15.827,647
2023-06-23T00:00:00.000Z,2.4,439.7,16.8,12.3,23.6,31.758,674
2023-06-24T00:00:00.000Z,2.3,395.7,13.95,9.6,21.3,25.116,646
2023-06-25T00:00:00.000Z,1.2,454,16.6,10.9,27,38.327,663
2023-06-26T00:00:00.000Z,3.6,549.6,15.2,10.8,20.14,35.549,653
2023-06-27T00:00:00.000Z,7.3,468.2,13,11,19.8,33.157,635
2023-06-28T00:00:00.000Z,5.4,315,9.7,8.1,11.8,21.77,639
2023-06-29T00:00:00.000Z,8.2,190.1,16.8,12.9,18.2,13.36,667
2023-06-30T00:00:00.000Z,11,250.8,17.2,14.45,20.5,13.885,645
2023-07-01T00:00:00.000Z,4.6,220.1,13.1,8.4,16.6,11.871,644
2023-07-02T00:00:00.000Z,2.4,217.4,8.2,4.8,12.2,11.412,630
2023-07-03T00:00:00.000Z,2,137.6,5.7,4.2,9.1,6.753,659
2023-07-04T00:00:00.000Z,0.2,167.6,3.7,1.5,6.5,13.484,624
2023-07-05T00:00:00.000Z,0.5,102.4,5.7,3.4,9.69,7.63,630
2023-07-06T00:00:00.000Z,3.9,80.2,8.4,6.6,12.1,6.369,643
2023-07-07T00:00:00.000Z,4.4,174.9,8.3,6.9,10.7,11.162,610
2023-07-08T00:00:00.000Z,5.3,74,10.8,9.4,12.9,6.034,630
2023-07-09T00:00:00.000Z,5.6,121.7,14.25,11.5,17.14,10.308,644
2023-07-10T00:00:00.000Z,10.6,78.7,15.55,13.9,17,5.804,622
2023-07-11T00:00:00.000Z,6.5,432.6,12.2,9.6,15,20.468,644
2023-07-12T00:00:00.000Z,4.8,102.9,13.6,12.1,17.5,6.545,648
2023-07-13T00:00:00.000Z,9.2,396.7,16.8,12.8,20.9,25.552,661
2023-07-14T00:00:00.000Z,8.9,317.2,14.7,12.8,17.3,13.491,659
2023-07-15T00:00:00.000Z,6.9,395.6,44.45,40.4,51.65,21.427,648
2023-07-16T00:00:00.000Z,24.8,341.6,39.2,32.1,46.6,22.837,675
2023-07-17T00:00:00.000Z,14.8,271.1,34.79,28.8,48.15,23.125,640
2023-07-18T00:00:00.000Z,17.6,750,29.35,27,35,46.358,646
2023-07-19T00:00:00.000Z,7.7,772.3,28.9,22.9,36.7,53.336,663
2023-07-20T00:00:00.000Z,4.4,413.1,15.4,12.6,30.2,27.874,639
2023-07-21T00:00:00.000Z,4,381.5,12.7,10.1,17,33.717,647
2023-07-22T00:00:00.000Z,2.6,628.4,12.05,5.95,22.75,44.604,624
2023-07-23T00:00:00.000Z,3.3,383.5,10.5,6.4,18.8,21.525,662
2023-07-24T00:00:00.000Z,3.7,201.9,9.1,7.2,15,13.836,599
2023-07-25T00:00:00.000Z,8,72.7,17,12.4,22,7.264,620
2023-07-26T00:00:00.000Z,3.4,158.7,9.9,7.2,13.4,10.028,631
2023-07-27T00:00:00.000Z,5,59.6,14.8,12.1,20.39,6.623,625
2023-07-28T00:00:00.000Z,26.4,228.3,49.7,39.9,55.05,14.038,653
2023-07-29T00:00:00.000Z,4.3,198.9,47.5,23,61.3,25.934,651
2023-07-30T00:00:00.000Z,3.1,324.1,12.55,8.6,16.5,25.903,630
2023-07-31T00:00:00.000Z,2.6,345.6,13.25,8.19,21.7,29.873,646
2023-08-01T00:00:00.000Z,5.7,411.2,27.2,23.7,33.79,25.346,674
2023-08-02T00:00:00.000Z,2,75,17.6,10.19,26.05,13.964,652
2023-08-03T00:00:00.000Z,11.4,185.4,34.29,24.25,41.75,14.292,656
2023-08-04T00:00:00.000Z,1.9,110.9,20.8,10.19,25.4,10.322,659
2023-08-05T00:00:00.000Z,1,201.8,5.7,3.8,8.9,13.837,629
2023-08-06T00:00:00.000Z,1,399.3,8.5,5.9,11.85,25.296,624
2023-08-07T00:00:00.000Z,3.5,39.5,7.3,6.2,9.9,4.309,623
2023-08-08T00:00:00.000Z,0.9,102.1,5.8,3.9,8.4,9.198,611
2023-08-09T00:00:00.000Z,5.3,141.6,14.6,10.6,21.2,12.441,646
2023-08-10T00:00:00.000Z,6.1,322.8,36.25,29.8,40.7,22.258,634
2023-08-11T00:00:00.000Z,1.2,158.7,28.7,13.1,33.54,12.883,661
2023-08-12T00:00:00.000Z,7.6,316,32.35,22.1,40.45,28.269,664
2023-08-13T00:00:00.000Z,14.4,484.7,37,31.05,43.1,24.992,669
2023-08-14T00:00:00.000Z,5.6,213.4,23.5,14.8,32.9,13.549,671
2023-08-15T00:00:00.000Z,5.6,330.3,42,26.5,49.6,20.741,655
2023-08-16T00:00:00.000Z,14.7,313.7,24.8,20.9,32.6,22.365,627
2023-08-17T00:00:00.000Z,9.2,173.8,21.8,18.3,26.4,10.933,651
2023-08-18T00:00:00.000Z,1.4,79.6,23.6,18.14,29.55,8.976,641
2023-08-19T00:00:00.000Z,4.9,715.3,35.65,30.6,41,40.374,660
2023-08-20T00:00:00.000Z,3,847.1,26.2,17.89,30.7,76.607,647
2023-08-21T00:00:00.000Z,5.8,226.4,14.2,10.6,21.15,17.635,645
2023-08-22T00:00:00.000Z,8.5,419.9,17.4,14.7,22.9,23.764,652
2023-08-23T00:00:00.000Z,7,405.3,15.6,12.9,20.2,18.737,657
2023-08-24T00:00:00.000Z,6.3,1020,17.2,14.55,23,41.259,641
2023-08-25T00:00:00.000Z,7.2,633.7,16.1,13.2,20.8,39.273,617
2023-08-26T00:00:00.000Z,13,119.1,30.2,21.5,37.4,13.471,635
2023-08-27T00:00:00.000Z,11.1,342.5,28,18.6,37.1,19.595,653
2023-08-28T00:00:00.000Z,8.1,241.7,27.7,24,32.6,19.4,646
2023-08-29T00:00:00.000Z,5.1,150.8,19.6,13,25.8,13.052,628
2023-08-30T00:00:00.000Z,23.8,222.2,33.7,29,37.5,10.657,606
2023-08-31T00:00:00.000Z,30.2,329,38.5,34.5,43.45,17.407,644
2023-09-01T00:00:00.000Z,30.1,129,49.8,35.6,55.9,12.362,626
2023-09-02T00:00:00.000Z,19.2,248.9,34.04,27.1,41.55,18.03,608
2023-09-03T00:00:00.000Z,14.2,290.5,25.2,20,30.3,33.033,298
2023-09-26T00:00:00.000Z,6.8,271.2,16.3,13.8,19.4,24.756,375
2023-09-27T00:00:00.000Z,0.6,653,8.6,5.6,13.3,55.856,628
2023-09-28T00:00:00.000Z,1.4,424.9,34.7,13.4,41.7,29.945,663
2023-09-29T00:00:00.000Z,9.9,538.1,30.6,24.2,38.1,33.496,653
2023-09-30T00:00:00.000Z,11,69.4,28.4,20.2,42.6,12.229,647
2023-10-01T00:00:00.000Z,10.1,420.8,25.2,17.8,36.5,27.284,631
2023-10-02T00:00:00.000Z,11.8,480.3,29.4,26.1,35.4,24.682,624
2023-10-03T00:00:00.000Z,10.2,291.8,21.9,18.2,34.4,15.901,639
2023-10-04T00:00:00.000Z,11.6,232.3,19.7,16.4,27.15,14.857,656
2023-10-05T00:00:00.000Z,11.2,248.9,24.75,20.5,29.6,16.751,650
2023-10-06T00:00:00.000Z,8.6,301.5,35.79,32.3,39.1,18.661,628
2023-10-07T00:00:00.000Z,12.8,388.8,34.7,23.2,39.2,21.175,628
2023-10-08T00:00:00.000Z,11.4,114,20.2,17.6,23,9.668,656
2023-10-09T00:00:00.000Z,14.7,166.8,22.4,20.7,25.7,8.585,648
2023-10-10T00:00:00.000Z,15.3,372.2,22.3,19.5,24.8,18.633,663
2023-10-11T00:00:00.000Z,6.3,260.9,21.1,16.89,26,15.303,645
2023-10-12T00:00:00.000Z,13.8,332.1,43.8,33.25,47.25,24.136,637
2023-10-13T00:00:00.000Z,20,503.8,37,29,42.4,26.294,674
2023-10-14T00:00:00.000Z,26.6,427.3,39.29,33.5,46.8,23.849,647
2023-10-15T00:00:00.000Z,28.7,328.6,36.54,34.4,41.3,17.346,648
2023-10-16T00:00:00.000Z,34.7,218.3,48.25,43.3,59.9,15.268,642
2023-10-17T00:00:00.000Z,37.8,438.7,52.25,43.8,71.8,25.246,642
2023-10-18T00:00:00.000Z,15.8,414.2,36.6,26.5,47.25,21.832,644
2023-10-19T00:00:00.000Z,8.1,51,22.8,14.4,31.7,11.056,643
2023-10-20T00:00:00.000Z,4.1,159.5,17.8,8.05,21.6,15.051,653
2023-10-21T00:00:00.000Z,10,238.5,18,15.9,20.7,19.651,679
2023-10-22T00:00:00.000Z,7.6,377.2,25.95,19.39,32.4,20.897,662
2023-10-23T00:00:00.000Z,16.4,330.5,32.54,28.3,38.2,19.931,634
2023-10-24T00:00:00.000Z,10.9,167.6,31.3,20.6,35.9,15.27,637
2023-10-25T00:00:00.000Z,20.2,653.1,31.7,28.3,34.6,34.413,648
2023-10-26T00:00:00.000Z,19.5,263.4,44.4,30.8,55.5,21.247,642
2023-10-27T00:00:00.000Z,17,235.6,34.95,30,38.6,16.954,646
2023-10-28T00:00:00.000Z,21,203,33.5,29.8,37.1,10.808,667
2023-10-29T00:00:00.000Z,1.6,397.6,29.35,10.3,36.9,33.188,644
2023-10-30T00:00:00.000Z,6.8,196.8,26.6,12.4,32,13.544,647
2023-10-31T00:00:00.000Z,28.2,273.3,37.8,34.79,41.8,12.525,647
2023-11-01T00:00:00.000Z,30.4,229.3,43.1,38.7,50.3,14.113,647
2023-11-02T00:00:00.000Z,19.7,478.8,41.6,36.75,44.7,27.336,625
2023-11-03T00:00:00.000Z,11,1246.3,19.7,14.7,33.29,57.175,647
2023-11-04T00:00:00.000Z,7.9,289,18.2,14.5,25.8,22.211,659
2023-11-05T00:00:00.000Z,9.7,291,20.1,14.6,25.55,17.04,652
2023-11-06T00:00:00.000Z,7.6,260.8,23.6,17.5,32.1,13.926,631
2023-11-07T00:00:00.000Z,28.9,541.8,51.6,43.45,55.3,32.569,624
2023-11-08T00:00:00.000Z,14.3,264.2,35.6,28.9,40.3,15.799,647
2023-11-09T00:00:00.000Z,1.5,744.9,9,3.5,13.7,41.258,619
2023-11-10T00:00:00.000Z,3.3,321.4,10.19,6.9,17.7,18.66,626
2023-11-11T00:00:00.000Z,3.7,230,14.55,10.5,18.7,12.789,566
2023-11-12T00:00:00.000Z,8.4,204.7,27.2,19,31.5,18.019,396
2023-11-13T00:00:00.000Z,9,101.6,17.6,14.3,20.7,6.984,622
2023-11-14T00:00:00.000Z,14.2,275.1,37.75,30.4,42.5,15.008,650
2023-11-15T00:00:00.000Z,0.6,190.7,42.6,38.1,46.6,14.097,651
2023-11-16T00:00:00.000Z,1.1,289.4,16,12.4,27.9,16.132,644
2023-11-17T00:00:00.000Z,14.7,309.1,30.55,20.6,37.1,15.96,646
2023-11-18T00:00:00.000Z,17.8,246.7,38.9,29.7,48.1,15.179,673
2023-11-19T00:00:00.000Z,29,95.1,38.65,33.2,43.1,14.264,674
2023-11-20T00:00:00.000Z,31.8,427.4,48.75,43.9,51.8,20.012,648
2023-11-21T00:00:00.000Z,33,201.6,46.15,40.9,53.15,13.957,648
2023-11-22T00:00:00.000Z,30,376.4,82.85,38.9,159.7,62.551,674
2023-11-23T00:00:00.000Z,21.6,173.7,42.1,30.5,49.1,26.308,655
2023-11-24T00:00:00.000Z,40.5,250.7,56.2,48.1,74.9,16.607,668
2023-11-25T00:00:00.000Z,32.7,47.4,41.8,34.4,45.4,5.35,51