date,min,max,median,q1,q3,stdev,count
2022-12-02T00:00:00.000Z,0.3,19.2,3.5,2.2,4.8,2.597,554
2022-12-03T00:00:00.000Z,0,294.8,6.9,3.3,12.4,22.585,649
2022-12-04T00:00:00.000Z,1.8,56.2,6.4,4.1,12.5,7.447,654
2022-12-05T00:00:00.000Z,2.8,33,20.4,13.3,26.9,7.336,655
2022-12-06T00:00:00.000Z,11.5,81,17.4,16,19.45,6.353,672
2022-12-07T00:00:00.000Z,3.3,47,15.1,10.8,18.6,5.977,647
2022-12-08T00:00:00.000Z,3.7,68.7,8.5,6.65,12.8,8.747,653
2022-12-09T00:00:00.000Z,7.2,48.3,16.5,13.4,21.5,6.263,669
2022-12-10T00:00:00.000Z,11.7,68,21.1,17,32.1,9.781,455
2022-12-11T00:00:00.000Z,26.7,58,34.5,33.4,36.5,4.973,383
2022-12-12T00:00:00.000Z,30.9,126,42.55,38.7,46.4,8.305,650
2022-12-13T00:00:00.000Z,37.8,58.5,44.6,43.2,47.4,3.32,651
2022-12-14T00:00:00.000Z,36.6,78.4,42.5,40.7,45.3,5.746,638
2022-12-15T00:00:00.000Z,33.2,182.7,49.8,37.79,54.5,14.378,666
2022-12-16T00:00:00.000Z,19.9,192.8,41.35,33.04,47.2,14.221,676
2022-12-17T00:00:00.000Z,1.8,38,7.7,5.7,19.4,7.54,658
2022-12-18T00:00:00.000Z,2,37.7,18.5,8,23.9,8.202,669
2022-12-19T00:00:00.000Z,12.5,48,21.05,18.5,26.3,5.756,650
2022-12-20T00:00:00.000Z,8.2,86.4,29.45,16.8,37.9,12.482,646
2022-12-21T00:00:00.000Z,1.5,64.4,13.2,9.25,35,13.704,637
2022-12-22T00:00:00.000Z,14.2,126.8,44.75,37.75,46.6,12.029,308
2022-12-23T00:00:00.000Z,14.3,77.5,38.7,27.7,49.9,13.815,527
2022-12-24T00:00:00.000Z,13.1,105.8,23.1,19.5,37.3,13.501,647
2022-12-25T00:00:00.000Z,7,158.9,16.8,11.1,33.6,17.749,650
2022-12-26T00:00:00.000Z,10,41.6,20.1,16.7,25.7,6.673,679
2022-12-27T00:00:00.000Z,7.6,75.1,22.6,16.8,30.9,9.831,666
2022-12-28T00:00:00.000Z,2.6,50.5,17.35,11.1,23,8.786,640
2022-12-29T00:00:00.000Z,2,83,31.9,9.7,47.4,18.648,631
2022-12-30T00:00:00.000Z,10.9,81.4,42.8,38.7,46.6,10.302,641
2022-12-31T00:00:00.000Z,28.9,111.5,40.54,37.4,44.1,6.551,650
2023-01-01T00:00:00.000Z,16.2,75.8,32.5,20,41.2,11.094,651
2023-01-02T00:00:00.000Z,0,51.4,11.2,3.9,17.9,9.877,635
2023-01-03T00:00:00.000Z,2,36.2,12.75,7.9,19,8.544,662
2023-01-04T00:00:00.000Z,1.3,42.6,14.4,6.8,20.6,9.249,638
2023-01-05T00:00:00.000Z,11.4,95.3,19,17.1,22.4,8.071,649
2023-01-06T00:00:00.000Z,12.4,148.6,30.4,18.7,37.7,12.441,652
2023-01-07T00:00:00.000Z,14.3,76.2,21.6,18.7,28.2,8.819,671
2023-01-08T00:00:00.000Z,6.2,105.5,21,12.6,31,13.545,659
2023-01-09T00:00:00.000Z,0.3,45.7,11.2,4.7,18.89,10.549,651
2023-01-10T00:00:00.000Z,5.5,78.4,44.3,20.39,48.25,15.957,633
2023-01-11T00:00:00.000Z,4.5,85.3,26.15,20.95,37.9,15.367,636
2023-01-12T00:00:00.000Z,9.2,123.6,32.9,25.75,39.4,14.294,636
2023-01-13T00:00:00.000Z,22.2,308.8,48.9,35.4,64.4,24.79,671
2023-01-14T00:00:00.000Z,16.5,126.1,49.8,34.1,56.7,18.01,659
2023-01-15T00:00:00.000Z,19.1,370.7,43.1,39.79,50.1,26.092,627
2023-01-16T00:00:00.000Z,1.8,74.9,18.3,10.95,29.9,12.711,660
2023-01-17T00:00:00.000Z,0.4,48.5,10.5,5.4,16.3,9.561,659
2023-01-18T00:00:00.000Z,5.1,126.1,26.6,18.8,33,15.86,623
2023-01-19T00:00:00.000Z,16.5,395.8,34.25,28.9,47.3,19.435,668
2023-01-20T00:00:00.000Z,15.9,107.8,37.79,31.65,41.8,11.34,668
2023-01-21T00:00:00.000Z,27.2,267.7,53.4,38.7,80.2,27.222,662
2023-01-22T00:00:00.000Z,20.2,120.6,45.9,41.5,49.3,10.947,650
2023-01-23T00:00:00.000Z,4.3,205.6,31.8,21.55,36.79,13.134,680
2023-01-24T00:00:00.000Z,0,47,21.7,3.9,33.79,14.516,623
2023-01-25T00:00:00.000Z,7.1,65.7,22.5,19,26.75,9.102,673
2023-01-26T00:00:00.000Z,16.1,41.4,30.45,22.9,33.4,5.957,662
2023-01-27T00:00:00.000Z,0,37.8,12.3,7.2,16.8,9.055,607
2023-01-28T00:00:00.000Z,0.2,74,9.19,2.35,30.65,15.349,633
2023-01-29T00:00:00.000Z,22,76.9,34.5,32.1,37.2,6.05,678
2023-01-30T00:00:00.000Z,30.9,84.3,35.7,34.1,39.1,5.526,647
2023-01-31T00:00:00.000Z,22.4,303.2,38.7,33.79,47.8,30.697,636
2023-02-01T00:00:00.000Z,16.3,146.5,43,31.15,48.9,16.28,645
2023-02-02T00:00:00.000Z,23.5,71.8,36.1,32.6,45.2,8.002,657
2023-02-03T00:00:00.000Z,3.7,140.7,24.8,7.4,32.4,15.501,668
2023-02-04T00:00:00.000Z,3.1,44.9,11.8,8.9,18.2,8.923,674
2023-02-05T00:00:00.000Z,2.9,73.3,16.95,9.8,27.3,10.383,638
2023-02-06T00:00:00.000Z,4.2,62.8,27.8,17.8,31.8,10.013,658
2023-02-07T00:00:00.000Z,8,275.4,28.6,23.6,33.79,20.088,650
2023-02-08T00:00:00.000Z,9.8,123.1,18.7,15.6,26.1,11.036,639
2023-02-09T00:00:00.000Z,6.8,68.2,19.1,14.55,26.85,9.236,649
2023-02-10T00:00:00.000Z,13.8,194.7,30.8,23,35.4,10.49,667
2023-02-11T00:00:00.000Z,13.7,54.2,36.8,27.6,40.2,9.424,640
2023-02-12T00:00:00.000Z,18.9,146.6,46.1,36.1,48.5,13.43,643
2023-02-13T00:00:00.000Z,20.4,112.7,43.7,39.4,48.4,10.186,642
2023-02-14T00:00:00.000Z,4.7,254.9,24.05,11.3,44.2,28.182,654
2023-02-15T00:00:00.000Z,1.7,208.4,29.7,9.9,33.3,21.838,655
2023-02-16T00:00:00.000Z,20.4,74.7,32.5,29.4,34.4,5.789,649
2023-02-17T00:00:00.000Z,8.1,135.4,24,19.5,32.6,13.863,662
2023-02-18T00:00:00.000Z,11.6,115.9,26.9,18.8,35.4,10.385,651
2023-02-19T00:00:00.000Z,3.1,50,11.6,5.7,14.7,9.798,595
2023-02-20T00:00:00.000Z,11.8,90.5,39.29,21,45.7,14.046,635
2023-02-21T00:00:00.000Z,26.1,57.5,33.79,30.8,39.29,6.611,640
2023-02-22T00:00:00.000Z,7.7,120.9,17.8,15.1,26.25,9.25,665
2023-02-23T00:00:00.000Z,8,80.2,21.9,11.5,32.45,11.736,649
2023-02-24T00:00:00.000Z,12.6,55.2,28.45,18,34.85,11.244,668
2023-02-25T00:00:00.000Z,33.1,169,52.4,42,64.09,13.172,655
2023-02-26T00:00:00.000Z,25,49.6,32.29,31,34,3.518,668
2023-02-27T00:00:00.000Z,13.3,53.3,32.4,26.3,38.3,7.781,654
2023-02-28T00:00:00.000Z,7.8,41.2,18.1,13.1,23.3,7.33,658
2023-03-01T00:00:00.000Z,18,63,27.3,22.5,33.6,8.321,658
2023-03-02T00:00:00.000Z,15,64.5,34.3,27.4,36.7,8.313,645
2023-03-03T00:00:00.000Z,25.5,167.9,40.7,31.7,48.9,15.933,623
2023-03-04T00:00:00.000Z,21.7,138.2,41.4,28.9,45.3,11.251,634
2023-03-05T00:00:00.000Z,43.1,101,58.1,49.3,64,11.391,639
2023-03-06T00:00:00.000Z,23.8,100.3,35.4,31.1,46.5,14.961,634
2023-03-07T00:00:00.000Z,8,63.6,25.4,19.5,34.1,11.28,637
2023-03-08T00:00:00.000Z,7.3,80,22.8,15.1,31.7,11.565,652
2023-03-09T00:00:00.000Z,7.2,217.7,24.7,12.4,31.7,18.378,642
2023-03-10T00:00:00.000Z,17,78.8,34.8,22.7,38.85,10.103,653
2023-03-11T00:00:00.000Z,16.6,80.8,31.9,24,34.5,10.241,659
2023-03-12T00:00:00.000Z,17.8,78.9,29.6,25.7,33,7.66,661
2023-03-13T00:00:00.000Z,30.5,71.1,44.2,38.45,47.7,6.336,637
2023-03-14T00:00:00.000Z,15.4,85.8,31.35,28.5,41.55,11.321,652
2023-03-15T00:00:00.000Z,11.4,125,18.6,14.6,26.5,14.224,644
2023-03-16T00:00:00.000Z,7.2,119.5,14.5,11.9,22.4,12.521,664
2023-03-17T00:00:00.000Z,11.5,63.3,20.39,15.3,26.9,8.756,673
2023-03-18T00:00:00.000Z,13.1,101.9,25.1,20.6,29.9,9.136,660
2023-03-19T00:00:00.000Z,9.4,44.8,23.2,17.1,28,8.021,635
2023-03-20T00:00:00.000Z,14.4,63.3,40.79,30.3,43.5,10.266,658
2023-03-21T00:00:00.000Z,34.2,84.4,46.8,44.1,51.8,8.145,633
2023-03-22T00:00:00.000Z,41.9,89,52.2,48.55,59.6,8.237,640
2023-03-23T00:00:00.000Z,41.5,98.7,51.35,48.6,64.65,11.156,672
2023-03-24T00:00:00.000Z,29.1,105.8,41.6,36.4,53.5,12.206,666
2023-03-25T00:00:00.000Z,24.4,124.2,41.2,35.6,48.8,10.623,658
2023-03-26T00:00:00.000Z,16.8,152.4,28.1,23.8,42,12.218,672
2023-03-27T00:00:00.000Z,9.5,62.1,16.35,13.15,22.9,7.869,636
2023-03-28T00:00:00.000Z,9.2,622.2,15.6,14.2,20.1,34.874,667
2023-03-29T00:00:00.000Z,11.3,56.8,22.1,18.2,26.6,5.994,654
2023-03-30T00:00:00.000Z,16.5,250.5,24.7,21.5,27.8,11.596,651
2023-03-31T00:00:00.000Z,16.4,131.3,33.2,26,37.5,9.084,655
2023-04-01T00:00:00.000Z,21.5,94.4,32.7,29.3,37.8,7.035,678
2023-04-02T00:00:00.000Z,18.6,126.8,38.9,35.54,42.4,8.071,668
2023-04-03T00:00:00.000Z,20.8,99.4,37.8,33.79,43.1,9.453,661
2023-04-04T00:00:00.000Z,33.8,62.4,43.2,41.3,51.1,6.416,650
2023-04-05T00:00:00.000Z,33.4,266.2,45.5,41.1,49.4,19.849,649
2023-04-06T00:00:00.000Z,26.5,69.5,38.2,34.7,44.2,6.991,666
2023-04-07T00:00:00.000Z,5.8,45.4,22.2,17,27.95,8.224,661
2023-04-08T00:00:00.000Z,5.5,40.4,12.3,9.94,15.6,6.993,661
2023-04-09T00:00:00.000Z,13.8,214.6,23.9,18.5,29.45,12.773,673
2023-04-10T00:00:00.000Z,26.3,81.5,36.4,33.5,40.6,8.691,634
2023-04-11T00:00:00.000Z,32.9,161.9,43,38.7,45.8,9.025,635
2023-04-12T00:00:00.000Z,22.8,70.1,32.7,28.1,43.6,9.161,674
2023-04-13T00:00:00.000Z,22,90.3,33.3,30.9,36.4,6.852,674
2023-04-14T00:00:00.000Z,31.7,135.5,39,35.3,45.2,8.485,653
2023-04-15T00:00:00.000Z,24.9,103.9,37.6,33.3,43,9.909,661
2023-04-16T00:00:00.000Z,28.1,915.7,38.2,33.2,41.3,59.025,666
2023-04-17T00:00:00.000Z,32.7,91.8,43.1,37.6,48.7,9.338,655
2023-04-18T00:00:00.000Z,37.4,234.9,45.5,43.4,49,18.541,658
2023-04-19T00:00:00.000Z,41.5,116.8,50.7,45.1,55.3,7.72,648
2023-04-20T00:00:00.000Z,41.2,116.3,52.6,45.2,57.6,8.462,632
2023-04-21T00:00:00.000Z,19.3,79.3,43.5,34.85,46.3,7.75,641
2023-04-22T00:00:00.000Z,29.8,100.2,48,37.1,54.6,13.093,663
2023-04-23T00:00:00.000Z,23.9,60.9,34.3,30.3,38.9,9.331,669
2023-04-24T00:00:00.000Z,10.8,143.3,30.65,23.2,34.7,11.133,680
2023-04-25T00:00:00.000Z,10.8,448.2,22.8,18.1,29.6,21.014,672
2023-04-26T00:00:00.000Z,14.1,41.6,22.3,17.95,26.45,5.688,661
2023-04-27T00:00:00.000Z,11.7,83.4,26.2,18.85,33.29,9.741,664
2023-04-28T00:00:00.000Z,14.1,135.8,32.7,23.8,36.6,11.398,677
2023-04-29T00:00:00.000Z,19,84.4,32,27.6,35,6.874,644
2023-04-30T00:00:00.000Z,4.8,122.7,24.25,12,32,12.618,654
2023-05-01T00:00:00.000Z,9,82.7,24.7,16.2,30.7,10.21,647
2023-05-02T00:00:00.000Z,12.6,179.3,25.5,20.2,28.75,13.222,649
2023-05-03T00:00:00.000Z,11.1,244.2,26.5,20.95,34.5,22.871,676
2023-05-04T00:00:00.000Z,13.5,73.1,33.6,28.45,42.5,10.209,660
2023-05-05T00:00:00.000Z,30.6,191.6,43.8,38.15,48,15.176,656
2023-05-06T00:00:00.000Z,36.3,122.8,49.1,43.3,52.7,8.016,671
2023-05-07T00:00:00.000Z,21.4,86.6,45.9,41.1,57.3,12.46,659
2023-05-15T00:00:00.000Z,5.3,82.8,17.55,14.8,22.4,8.223,666
2023-05-16T00:00:00.000Z,7.5,67.2,14.3,11.7,18.8,7.882,655
2023-05-17T00:00:00.000Z,17.7,69.2,40.4,28.5,44.2,9.935,632
2023-05-18T00:00:00.000Z,29.7,85.8,42.4,37.4,55.65,10.219,640
2023-05-19T00:00:00.000Z,27.5,100.9,37.9,32.29,45.6,10.129,655
2023-05-20T00:00:00.000Z,29.7,85.2,36.15,33.04,39.2,5.012,636
2023-05-21T00:00:00.000Z,18,55,33.5,30.2,40.9,7.197,636
2023-05-22T00:00:00.000Z,17.9,52.7,27,23.2,30.4,5.262,661
2023-05-23T00:00:00.000Z,8.6,40.1,15.3,13.1,22,6,627
2023-05-24T00:00:00.000Z,1,149.7,7.35,3.5,22,12.335,564
2023-05-25T00:00:00.000Z,3.8,47.4,8.8,6.1,12,7.554,653
2023-05-26T00:00:00.000Z,6.8,41.8,13.7,11.6,16.2,5.284,602
2023-05-27T00:00:00.000Z,2.6,62.3,15.05,10.1,19.4,6.939,602
2023-05-28T00:00:00.000Z,1.5,43.1,9.3,7.3,13.7,7.521,659
2023-05-29T00:00:00.000Z,1.2,52.6,11.3,7.25,14.4,6.522,668
2023-05-30T00:00:00.000Z,2.7,73.4,16.2,7.2,22.75,10.621,612
2023-05-31T00:00:00.000Z,4.9,46.2,11,8.5,15.1,6.227,635
2023-06-01T00:00:00.000Z,3,38.1,8.65,6.1,10.6,5.423,638
2023-06-02T00:00:00.000Z,6.6,42,11.1,9.8,14.4,5.254,645
2023-06-03T00:00:00.000Z,9.9,32.4,14,11.5,18.2,4.067,638
2023-06-04T00:00:00.000Z,11.5,65,17.39,15.5,20.7,5.886,641
2023-06-05T00:00:00.000Z,5.9,62.9,19.39,16,28.9,8.225,630
2023-06-06T00:00:00.000Z,0,49.4,18.5,2.45,22.9,11.701,629
2023-06-07T00:00:00.000Z,0,60.1,3.1,1.6,5.5,5.474,598
2023-06-08T00:00:00.000Z,1.3,48.7,11.2,5.09,20.75,8.727,632
2023-06-09T00:00:00.000Z,2.7,134.6,18.6,9.9,25.75,11.563,648
2023-06-10T00:00:00.000Z,2.7,171.2,18.1,8.6,25.8,14.349,642
2023-06-11T00:00:00.000Z,2.9,62.8,13.75,8.19,19.2,8.036,638
2023-06-12T00:00:00.000Z,0.6,103.9,19.7,5.2,25,11.402,663
2023-06-13T00:00:00.000Z,5.1,56.1,15.4,9.5,25.7,10.661,638
2023-06-14T00:00:00.000Z,2.9,282,12.8,6.9,25.6,17.094,625
2023-06-15T00:00:00.000Z,0.4,37.4,13.6,6.3,18.8,7.672,623
2023-06-16T00:00:00.000Z,1.3,30.6,4.6,2.7,6.75,4.425,632
2023-06-17T00:00:00.000Z,0,79.9,5.1,2.9,8.4,9.92,633
2023-06-18T00:00:00.000Z,0.9,40.3,8.5,5.5,11.5,5.446,661
2023-06-19T00:00:00.000Z,2.6,84.1,9.55,6.8,13.2,7.999,610
2023-06-20T00:00:00.000Z,0.5,53,7.7,4.5,11.7,7.077,638
2023-06-21T00:00:00.000Z,1.7,74,7.5,6,9.6,7.403,645
2023-06-22T00:00:00.000Z,3.8,84,8.4,6.5,11.65,10.685,613
2023-06-23T00:00:00.000Z,1.9,27.7,10,5.8,12.9,4.795,642
2023-06-24T00:00:00.000Z,4.5,70.6,8.69,6.9,13.4,6.586,629
2023-06-25T00:00:00.000Z,7,52.4,13.8,11.15,16.1,5.781,652
2023-06-26T00:00:00.000Z,6.9,38,11.9,9.5,17.2,5.743,624
2023-06-27T00:00:00.000Z,7.8,113.2,19.4,15.7,22.8,7.605,606
2023-06-28T00:00:00.000Z,8.3,55.4,19.4,15.8,27.2,7.221,603
2023-06-29T00:00:00.000Z,3.9,70.7,11.1,8,16.1,7.522,650
2023-06-30T00:00:00.000Z,3.6,119.9,8,5.6,11.2,10.46,628
2023-07-01T00:00:00.000Z,0,43.4,8.6,4.9,13.3,8.058,558
2023-07-02T00:00:00.000Z,2.2,237.7,12.5,5.4,28.1,24.947,362
2023-07-03T00:00:00.000Z,1.8,45.1,6,3.5,10.1,6.168,623
2023-07-04T00:00:00.000Z,0.1,64,6.8,4.8,9.4,5.707,623
2023-07-05T00:00:00.000Z,0.9,101.4,8,3.5,11.4,7.707,619
2023-07-06T00:00:00.000Z,4.8,40.2,14.75,10.3,20.7,7.353,634
2023-07-07T00:00:00.000Z,6.2,75.8,16.89,13.1,22.1,6.224,661
2023-07-08T00:00:00.000Z,7.3,43.9,16.8,13.8,20.8,6.638,638
2023-07-09T00:00:00.000Z,3.7,47.6,11.8,6.2,16.1,7.52,617
2023-07-10T00:00:00.000Z,3.4,59.6,9.69,6.25,14.8,7.7,636
2023-07-11T00:00:00.000Z,4.4,119,13.3,8.9,24.2,13.602,650
2023-07-12T00:00:00.000Z,4.2,51.2,12.8,8.8,16.3,10.398,628
2023-07-13T00:00:00.000Z,5.8,73.4,14.4,12.2,20.2,8.874,651
2023-07-14T00:00:00.000Z,3.3,146,17,9.8,23.2,12.963,664
2023-07-15T00:00:00.000Z,0.9,124.8,16.64,7.6,30.4,14.762,634
2023-07-16T00:00:00.000Z,3.6,81.7,15.6,8.8,24.8,10.623,670
2023-07-17T00:00:00.000Z,0.9,117.2,17.1,8.2,24.7,12.655,647
2023-07-18T00:00:00.000Z,2,69.7,13.1,9.5,25.4,11.127,621
2023-07-19T00:00:00.000Z,2.9,251.9,10.5,8.4,14,13.323,633
2023-07-20T00:00:00.000Z,4,42.3,16.6,11,20,6.161,638
2023-07-21T00:00:00.000Z,3.6,91.1,11.2,8.6,14.95,6.475,660
2023-07-22T00:00:00.000Z,0,25.9,8.4,4,11.6,5.473,650
2023-07-23T00:00:00.000Z,4.1,211.1,26.7,14.4,30.9,15.591,647
2023-07-24T00:00:00.000Z,0.1,63.2,10.1,8.1,12.5,6.272,647
2023-07-25T00:00:00.000Z,0.3,88.3,5,2,10.2,8.625,629
2023-07-26T00:00:00.000Z,0.2,43.9,8.6,3.2,17.2,9.815,589
2023-07-27T00:00:00.000Z,2.8,37.1,17.4,7.8,24,8.695,649
2023-07-28T00:00:00.000Z,3.3,72.9,11.2,7.25,24.7,11.337,625
2023-07-29T00:00:00.000Z,2.5,36.7,7.1,5.3,9.2,4.91,395
2023-07-30T00:00:00.000Z,0.4,67.8,8.9,5.85,15.8,8.927,640
2023-07-31T00:00:00.000Z,1,84.6,15.7,6.25,22.1,12.355,629
2023-08-01T00:00:00.000Z,0,59.4,17.85,7.8,23.8,11.12,612
2023-08-02T00:00:00.000Z,1.1,60,15.2,9.4,21.9,9.941,639
2023-08-03T00:00:00.000Z,2.8,92.6,18.1,9.6,26,14.317,628
2023-08-04T00:00:00.000Z,0,63.6,18.89,7.75,30.85,12.758,628
2023-08-05T00:00:00.000Z,2.9,53.4,12.7,10.9,16.2,5.876,651
2023-08-06T00:00:00.000Z,4.2,148.7,11.7,7.4,19,15.072,639
2023-08-07T00:00:00.000Z,4.1,32.1,9.4,7.1,13.8,4.86,631
2023-08-08T00:00:00.000Z,3.7,37,16.6,8.8,20.8,7.926,635
2023-08-09T00:00:00.000Z,3,48.5,15.7,6,21.8,8.741,639
2023-08-10T00:00:00.000Z,3.7,44.6,19.6,12.9,26.8,8.614,636
2023-08-11T00:00:00.000Z,4.8,45.7,22.7,12.5,28.5,9.715,664
2023-08-12T00:00:00.000Z,8.2,43.4,21.2,17,27.5,6.566,645
2023-08-13T00:00:00.000Z,8.4,62.7,22.05,15.2,28.1,7.281,646
2023-08-14T00:00:00.000Z,7.7,67.7,23.5,17,30.2,7.879,670
2023-08-15T00:00:00.000Z,5.2,39.8,16,12.6,21.4,6.844,644
2023-08-16T00:00:00.000Z,6.1,45.2,17.6,11.8,22.3,8.045,666
2023-08-17T00:00:00.000Z,3.1,97.9,9.69,8.1,13.6,8.756,659
2023-08-18T00:00:00.000Z,6,109.2,17.55,11.7,25.5,10.619,608
2023-08-19T00:00:00.000Z,8.6,341.4,27.9,12.9,32,19.895,510
2023-08-20T00:00:00.000Z,7,41.4,18.6,11.9,24.6,8.476,638
2023-08-21T00:00:00.000Z,2.9,33.1,14.5,11.9,16,4.27,604
2023-08-22T00:00:00.000Z,2,76.5,16.95,4.75,24.6,10.979,632
2023-08-23T00:00:00.000Z,5.2,44.5,14.7,11.8,20.7,6.847,617
2023-08-24T00:00:00.000Z,0.2,37.6,10.6,6.4,15.2,7.499,630
2023-08-25T00:00:00.000Z,0.3,58.6,20.8,11.05,25.05,9.758,628
2023-08-26T00:00:00.000Z,1.1,85.1,21.35,13,30.2,11.075,640
2023-08-27T00:00:00.000Z,0.5,39.5,14.6,6,24.4,9.933,635
2023-08-28T00:00:00.000Z,2.6,76,19.14,14.5,27.9,10.812,610
2023-08-29T00:00:00.000Z,4.4,169.3,20.7,13,29.3,13.425,607
2023-08-30T00:00:00.000Z,3.2,52.8,29.2,16.2,39,13.045,579
2023-08-31T00:00:00.000Z,10.4,74.4,31.8,17.9,36.7,11.107,634
2023-09-01T00:00:00.000Z,22,257.1,40.29,33.1,45.1,13.276,624
2023-09-02T00:00:00.000Z,5.9,85.2,28.6,17.8,40.8,14.66,611
2023-09-03T00:00:00.000Z,11,102.1,37.7,18,41.8,15.916,640
2023-09-04T00:00:00.000Z,18.8,96.7,28.6,25.7,33.4,7.356,654
2023-09-05T00:00:00.000Z,12,85.7,24.5,19.9,31.5,8.2,635
2023-09-06T00:00:00.000Z,6,46.5,16.3,11.9,26.8,9.142,639
2023-09-07T00:00:00.000Z,5.6,58.3,15,11.6,23.4,10.311,623
2023-09-08T00:00:00.000Z,10.2,64.9,29.9,17.4,35.29,11.664,654
2023-09-09T00:00:00.000Z,12.4,164.1,25.2,18.2,32.9,17.953,640
2023-09-10T00:00:00.000Z,3.3,132.6,20.3,14.1,34.85,19.036,664
2023-09-18T00:00:00.000Z,2.7,148,9.9,5.5,21.8,16.547,631
2023-09-19T00:00:00.000Z,7.7,99.5,31.6,21.1,36.29,12.496,651
2023-09-20T00:00:00.000Z,6.1,105,34.4,19.7,37.35,12.668,608
2023-09-21T00:00:00.000Z,2.8,60.6,26,12.2,30.1,10.797,655
2023-09-22T00:00:00.000Z,1.5,67.3,18.1,11.45,28.75,11.421,636
2023-09-23T00:00:00.000Z,0.3,54.7,18.75,12.05,26.35,10.172,584
2023-09-24T00:00:00.000Z,1.4,35.7,9.1,6.9,14.05,5.953,609
2023-09-25T00:00:00.000Z,0.1,60.6,3.9,1.5,6.1,6.134,618
2023-09-26T00:00:00.000Z,0.4,26.7,8.1,3.2,14.2,6.254,635
2023-09-27T00:00:00.000Z,1.3,224.5,12.1,7.8,18,16.752,617
2023-09-28T00:00:00.000Z,2.8,108.3,12.3,5.7,19.85,16.636,629
2023-09-29T00:00:00.000Z,2,221.8,14.9,7.75,23.4,13.342,637
2023-09-30T00:00:00.000Z,4.2,43.7,10,7.4,20.55,7.673,340
2023-10-01T00:00:00.000Z,4.9,47.9,12.3,8.1,21.1,9.014,645
2023-10-02T00:00:00.000Z,6.5,159.6,19.2,15.4,22.6,9.998,650
2023-10-03T00:00:00.000Z,4.9,52.1,11.4,7.5,20.9,9.718,639
2023-10-04T00:00:00.000Z,0,51.1,4.2,2.29,8.94,6.578,633
2023-10-05T00:00:00.000Z,2.7,285.2,23.2,6.7,30.1,24.204,662
2023-10-06T00:00:00.000Z,0,145.6,7.7,2.6,16.14,12.089,625
2023-10-07T00:00:00.000Z,0,153.2,5.1,2.15,7.4,10.2,613
2023-10-08T00:00:00.000Z,0.5,44.1,5.3,2.7,10.15,6.814,640
2023-10-09T00:00:00.000Z,4.5,132.4,20.8,15.8,29,12.878,662
2023-10-10T00:00:00.000Z,3.3,143.8,16.5,12,21.2,12.316,651
2023-10-11T00:00:00.000Z,0,74.4,14.2,10.5,21.85,10.457,625
2023-10-12T00:00:00.000Z,0,50.8,4.09,2.3,6.2,4.982,611
2023-10-13T00:00:00.000Z,0,42.8,4.45,2.3,8.1,5.254,652
2023-10-14T00:00:00.000Z,0,1533.4,2.29,0.6,5.8,151.216,578
2023-10-15T00:00:00.000Z,2.3,50.5,23.2,16.9,27.1,7.558,664
2023-10-16T00:00:00.000Z,2.4,90.6,12.7,6.95,19.8,8.82,644
2023-10-17T00:00:00.000Z,0.5,39.2,4.2,2.5,6.3,4.203,521
2023-10-18T00:00:00.000Z,0,100.5,4.6,2.6,10.19,11.815,634
2023-10-19T00:00:00.000Z,1.7,129.9,15.8,6.95,23.35,13.666,640
2023-10-20T00:00:00.000Z,6.3,55.8,20.5,14.1,25.2,10.657,643
2023-10-21T00:00:00.000Z,0.5,43.3,10,5.6,15.5,6.799,653
2023-10-22T00:00:00.000Z,0,91.6,10.8,5.09,17.3,10.31,629
2023-10-23T00:00:00.000Z,0,41,5.09,1.55,15.05,8.849,565
2023-10-24T00:00:00.000Z,0,34.4,8.9,4.2,13.1,6.316,642
2023-10-25T00:00:00.000Z,3.3,152.2,18.2,8.9,21.8,12.713,651
2023-10-26T00:00:00.000Z,2.7,85.9,15.7,11.25,21,8.555,645
2023-10-27T00:00:00.000Z,5.1,447.2,11.1,8.9,16,27.668,638
2023-10-28T00:00:00.000Z,4.1,76.1,19.1,10.19,27.8,10.39,646
2023-10-29T00:00:00.000Z,0.9,172.4,13.55,9.3,21.8,12.883,652
2023-10-30T00:00:00.000Z,0,148.2,3.7,1.3,10.3,10.73,597
2023-10-31T00:00:00.000Z,11.6,147.4,18.7,15.5,23.2,7.487,649
2023-11-01T00:00:00.000Z,2.3,159.7,12.25,7.1,17.2,9.889,658
2023-11-02T00:00:00.000Z,2.5,51.1,6.6,5,10.8,7.293,649
2023-11-03T00:00:00.000Z,2,69.6,5.9,4.7,12.85,7.998,620
2023-11-04T00:00:00.000Z,3,49.1,14.6,6.8,19,8.339,654
2023-11-05T00:00:00.000Z,1.6,237.2,9.1,5.6,15.8,17.476,639
2023-11-06T00:00:00.000Z,3.6,121.9,9.6,5.9,19.6,13.447,614
2023-11-07T00:00:00.000Z,1,69.9,6.2,3.9,11.75,8.94,617
2023-11-08T00:00:00.000Z,0.6,162.4,6.6,4.3,9.6,16.741,626
2023-11-09T00:00:00.000Z,2.1,169.1,18.9,11.05,26.3,16.364,624
2023-11-10T00:00:00.000Z,5.2,59.2,25.3,10.8,35.1,12.673,641
2023-11-11T00:00:00.000Z,3.9,59.7,20.7,10.7,27.55,12.055,640
2023-11-12T00:00:00.000Z,0.2,46.8,5.2,1.9,13.9,8.4,395
2023-11-13T00:00:00.000Z,3.1,42,6.55,5.8,7.6,2.325,602
2023-11-14T00:00:00.000Z,0.5,77.3,7.5,6.2,10.19,7.461,630
2023-11-15T00:00:00.000Z,1,93.9,7.6,6.7,9.85,9.757,640
2023-11-16T00:00:00.000Z,3.4,40.3,13.75,6.6,19.55,10.224,644
2023-11-17T00:00:00.000Z,9.4,116.2,18,17,20.1,7.979,626
2023-11-18T00:00:00.000Z,12.8,47.8,22.6,20.6,25.2,6.045,659
2023-11-19T00:00:00.000Z,15.1,64,25.7,23.7,31.5,6.893,664
2023-11-20T00:00:00.000Z,19.3,52.9,28.9,23.9,32.2,6.07,662
2023-11-21T00:00:00.000Z,7.2,125.4,22.4,14.55,26.55,17.485,652
2023-11-22T00:00:00.000Z,7.9,250.9,20,12.4,27,21.656,678
2023-11-23T00:00:00.000Z,6.3,97,23.4,13.7,36.6,14.851,661
2023-11-24T00:00:00.000Z,5.4,57.2,21.3,9.7,31.1,12.971,649
2023-11-25T00:00:00.000Z,20.3,42.3,29.5,22.7,38.25,7.461,52