date,min,max,median,q1,q3,stdev,count
2022-11-19T00:00:00.000Z,37.2,80,45.15,42.5,47.4,7.575,50
2022-11-20T00:00:00.000Z,41.1,167.3,48.6,44.5,58.7,19.569,47
2022-11-21T00:00:00.000Z,50.9,56.4,53.65,50.9,56.4,2.75,2
2022-11-22T00:00:00.000Z,48.8,104,52.3,50.1,54.5,15.39,11
2022-11-23T00:00:00.000Z,5.1,332.2,24.5,17.7,31.4,19.654,655
2022-11-24T00:00:00.000Z,7.2,83.1,25.9,20.1,31.65,10.904,688
2022-11-25T00:00:00.000Z,5.6,145.6,17.75,10.8,30.8,18.255,682
2022-11-26T00:00:00.000Z,12,158.5,24.9,19.4,32.29,19.318,666
2022-11-27T00:00:00.000Z,2.1,81.7,13.7,10.7,19.8,11.629,659
2022-11-28T00:00:00.000Z,4.6,95.8,15.2,11.75,22.7,10.478,669
2022-11-29T00:00:00.000Z,9.3,154.3,30.15,20.85,37.9,17.918,672
2022-11-30T00:00:00.000Z,22.3,292,43.8,35.2,64.7,31.261,657
2022-12-01T00:00:00.000Z,2.4,333.7,41.6,16.8,95.2,54,623
2022-12-02T00:00:00.000Z,4.7,153.6,19.7,10.1,40.1,22.17,683
2022-12-03T00:00:00.000Z,1.3,236.4,14.1,6.7,29.3,31.764,649
2022-12-04T00:00:00.000Z,2.4,88.1,14.8,8.19,22.6,16.47,423
2022-12-05T00:00:00.000Z,19.9,173.2,48.85,34.1,65.59,30.051,356
2022-12-06T00:00:00.000Z,12.8,177,33.9,23.9,45.2,18.511,678
2022-12-07T00:00:00.000Z,17.5,180.2,43.4,38.4,47.7,30.193,678
2022-12-08T00:00:00.000Z,11.2,328.1,37.5,30.4,55.1,29.747,676
2022-12-09T00:00:00.000Z,21.3,335.6,44.9,37.2,64.45,63.659,685
2022-12-10T00:00:00.000Z,17.6,246.7,38,28.1,54.4,22.719,675
2022-12-11T00:00:00.000Z,22.4,224,32.2,27.95,52.15,34.183,316
2022-12-12T00:00:00.000Z,24.6,171.9,39.35,36,45.9,10.938,458
2022-12-13T00:00:00.000Z,34.5,324.2,49.3,43.5,60.4,39.162,543
2022-12-14T00:00:00.000Z,32.2,309.6,86.5,70.65,108.3,38.992,597
2022-12-15T00:00:00.000Z,35.8,152.5,51.4,44.95,66.45,16.732,605
2022-12-16T00:00:00.000Z,31.6,205,47,43.6,63.5,27.416,642
2022-12-17T00:00:00.000Z,37.8,205,55.15,45.6,71.2,32.341,86
2022-12-21T00:00:00.000Z,21.5,231.2,50.25,38.45,72.25,26.547,592
2022-12-22T00:00:00.000Z,28.8,192.8,43.8,38.1,51.3,22.039,547
2022-12-23T00:00:00.000Z,25.7,193.6,43.2,39.79,50.15,25.986,616
2022-12-24T00:00:00.000Z,23.2,240.3,43.8,34.79,55.9,26.173,599
2022-12-25T00:00:00.000Z,28.4,190.1,49.1,42.7,77,31.478,655
2022-12-26T00:00:00.000Z,32.9,268.8,58.25,49.6,91.4,48.78,664
2022-12-27T00:00:00.000Z,50.6,442.9,94,68.6,122.4,65.242,659
2022-12-28T00:00:00.000Z,35.8,311.2,53.4,47.6,71.59,49.684,655
2022-12-29T00:00:00.000Z,33.3,189.5,62.2,46.1,90,26.842,623
2022-12-30T00:00:00.000Z,21.1,367.4,52.6,41.7,83.3,32.235,640
2022-12-31T00:00:00.000Z,32.1,200,45.2,36.6,58.45,21.667,657
2023-01-01T00:00:00.000Z,10.6,103.9,32.1,24.2,43.5,15.245,635
2023-01-02T00:00:00.000Z,36.4,228.3,62.6,47.3,80.09,29.82,643
2023-01-03T00:00:00.000Z,3.6,205,19.9,11.4,42.3,23.222,647
2023-01-04T00:00:00.000Z,5,224.8,15.1,10.7,25.15,20.322,633
2023-01-05T00:00:00.000Z,8.8,203.1,16.4,13.6,24.2,11.942,653
2023-01-06T00:00:00.000Z,7.2,97.7,13.9,10.8,22.85,10.83,660
2023-01-07T00:00:00.000Z,14.6,125.2,24.9,20.35,30.2,10.161,653
2023-01-08T00:00:00.000Z,28.3,344.1,48.4,39.7,79.2,37.335,678
2023-01-09T00:00:00.000Z,9.1,234,25.6,16.3,52,37.709,671
2023-01-10T00:00:00.000Z,6.8,119.7,15.3,11.8,24.2,13.032,643
2023-01-11T00:00:00.000Z,7.2,174.7,16.5,12.6,25.2,14.283,642
2023-01-12T00:00:00.000Z,8.4,80.7,16.7,13.7,22.8,10.37,636
2023-01-13T00:00:00.000Z,16.1,115.2,37.79,29.8,42.6,12.084,633
2023-01-14T00:00:00.000Z,38.6,158,55.85,48.8,65.6,16.164,662
2023-01-15T00:00:00.000Z,39.1,170.4,51.5,46.8,63,16.364,674
2023-01-16T00:00:00.000Z,23.9,132.2,43.9,39.6,50.95,16.944,661
2023-01-17T00:00:00.000Z,25.6,224.4,46.8,39.8,70,25.422,647
2023-01-18T00:00:00.000Z,11.1,223.8,44.9,21.3,54.3,23.277,655
2023-01-19T00:00:00.000Z,21.2,193.8,43.9,40.4,47.4,14.239,667
2023-01-20T00:00:00.000Z,15.4,156.3,44.8,41.4,49.75,14.613,676
2023-01-21T00:00:00.000Z,21.4,704.3,50.8,41.3,61,46.842,674
2023-01-22T00:00:00.000Z,10.2,135.3,24.8,14.7,33.29,19.503,683
2023-01-23T00:00:00.000Z,8.3,105.8,19.3,16,27.7,10.541,674
2023-01-24T00:00:00.000Z,4.7,139,15.3,11.6,19.1,14.503,656
2023-01-25T00:00:00.000Z,8.1,109.3,20.9,14.4,26.6,10.818,676
2023-01-26T00:00:00.000Z,18.4,152.1,33.3,29.7,37.8,9.618,670
2023-01-27T00:00:00.000Z,2.2,280.8,36,10.1,46.6,25.828,639
2023-01-28T00:00:00.000Z,3.8,217.8,18.3,14,25.9,17.536,674
2023-01-29T00:00:00.000Z,13.3,155,32.9,25,41.4,15.238,679
2023-01-30T00:00:00.000Z,34,219.8,45.25,40.8,55.8,16.886,662
2023-01-31T00:00:00.000Z,25.8,342.6,48.7,41.4,78.9,32.6,654
2023-02-01T00:00:00.000Z,19.3,135.4,60.55,33.3,72.5,22.843,652
2023-02-02T00:00:00.000Z,9.4,158.6,26.3,16.2,47,25.459,650
2023-02-03T00:00:00.000Z,6,236.1,17.6,14.9,27.9,21.495,654
2023-02-04T00:00:00.000Z,6.3,110.6,16.7,12.2,31.2,15.012,665
2023-02-05T00:00:00.000Z,7.8,166.6,21,14.6,33.9,17.865,666
2023-02-06T00:00:00.000Z,8.7,74.5,24.8,17.35,31.3,9.541,644
2023-02-07T00:00:00.000Z,16,200.8,25.2,21.85,30.1,15.354,657
2023-02-08T00:00:00.000Z,13.9,120.5,29,20.5,41.25,13.361,653
2023-02-09T00:00:00.000Z,11.1,154.8,26.6,22,30.6,9.842,646
2023-02-10T00:00:00.000Z,11.1,101.4,27.7,22.4,34.2,11.362,635
2023-02-11T00:00:00.000Z,15,143.6,31.6,23.5,40.9,12.526,655
2023-02-12T00:00:00.000Z,21,109,31.8,26.3,37.7,9.023,654
2023-02-13T00:00:00.000Z,15.1,216.9,29.5,24.25,34.45,17.934,637
2023-02-14T00:00:00.000Z,20.9,330.2,33.35,29.1,39.15,14.88,660
2023-02-15T00:00:00.000Z,15.5,306.7,39.29,31.5,45.95,18.504,657
2023-02-16T00:00:00.000Z,29.3,272.3,41.3,36.29,61.7,34.397,654
2023-02-17T00:00:00.000Z,12.9,242.5,35.5,23.5,44.4,19.133,632
2023-02-18T00:00:00.000Z,11.2,159.1,56.65,23.3,88.5,35.439,652
2023-02-19T00:00:00.000Z,15.1,181,34.79,26.9,51.7,30.348,654
2023-02-20T00:00:00.000Z,17.7,102.3,42.25,32.7,53.2,17.336,634
2023-02-21T00:00:00.000Z,33.9,96.8,44.4,40.54,49.7,8.381,213
2023-03-06T00:00:00.000Z,31.7,231.5,43.1,36.5,49.85,56.002,400
2023-03-07T00:00:00.000Z,17.6,284.2,41.4,27.6,91.5,56.385,648
2023-03-08T00:00:00.000Z,16.3,181.1,31.45,23.4,54.9,21.548,642
2023-03-09T00:00:00.000Z,15.5,240.8,37.65,29,46.1,37.28,654
2023-03-10T00:00:00.000Z,27.9,339,42.6,32.3,73.5,43.608,675
2023-03-11T00:00:00.000Z,33.3,137.8,45.7,38.6,53.3,15.329,532
2023-03-12T00:00:00.000Z,21.9,176.8,46.5,33.5,56.4,16.648,654
2023-03-13T00:00:00.000Z,28.3,85,45.7,37.5,50.25,8.523,369
2023-03-14T00:00:00.000Z,18,87.8,33.45,24.45,41.1,10.554,468
2023-03-15T00:00:00.000Z,11.2,136.1,27.3,21.7,40.6,14.494,668
2023-03-16T00:00:00.000Z,11.6,113.8,25.4,18.8,36.2,12.454,670
2023-03-17T00:00:00.000Z,11.1,73.4,25.3,19.2,40.9,12.552,679
2023-03-18T00:00:00.000Z,12.2,76.9,21.6,17.39,27.7,7.82,658
2023-03-19T00:00:00.000Z,12.5,73.6,22.6,18.39,29.1,7.967,660
2023-03-20T00:00:00.000Z,11.1,121.4,22.5,19.1,26.95,9.016,665
2023-03-21T00:00:00.000Z,14.7,85.6,31.8,29.5,34.6,8.489,652
2023-03-22T00:00:00.000Z,13.4,71.1,33.1,29.6,37.4,8.121,673
2023-03-23T00:00:00.000Z,13.8,64.3,23.3,18.89,28.2,7.604,679
2023-03-24T00:00:00.000Z,7.1,53.4,22.6,11.45,31.7,10.984,664
2023-03-25T00:00:00.000Z,10.3,179.6,23.7,18.7,29.85,26.145,673
2023-03-26T00:00:00.000Z,8.6,173.5,22,14.2,33.79,23.476,643
2023-03-27T00:00:00.000Z,9.3,237.6,19.8,16.45,25.7,12.438,673
2023-03-28T00:00:00.000Z,18,128.5,28.7,25.4,31.3,9.639,681
2023-03-29T00:00:00.000Z,14,143.2,26.8,20.8,34.2,9.44,647
2023-03-30T00:00:00.000Z,15.1,64.1,25.2,20.6,29,6.631,653
2023-03-31T00:00:00.000Z,22.6,76.6,28.8,26.8,31.3,5.152,676
2023-04-01T00:00:00.000Z,31,135.1,38.4,35.7,41.8,11.775,682
2023-04-02T00:00:00.000Z,13.5,82.4,26.3,23.6,31.3,10.395,683
2023-04-03T00:00:00.000Z,10.9,96.9,37.79,20.9,47.8,15.222,675
2023-04-04T00:00:00.000Z,8.6,101.6,23.1,15.3,31.5,11.045,670
2023-04-05T00:00:00.000Z,2.9,86.5,14.9,9,30.25,13.889,652
2023-04-06T00:00:00.000Z,6.4,148.6,14.45,10.4,23.4,12.002,684
2023-04-07T00:00:00.000Z,4.5,113.5,13.4,9.4,19.14,13.063,668
2023-04-08T00:00:00.000Z,10.2,91.5,28.2,22.35,30.6,7.014,669
2023-04-09T00:00:00.000Z,33.6,119.1,43,38.4,56,11.436,671
2023-04-10T00:00:00.000Z,34.8,100.2,45.55,39.6,49.75,10.099,652
2023-04-11T00:00:00.000Z,33.8,134.1,39.2,37.5,42.6,8.623,655
2023-04-12T00:00:00.000Z,36.3,83.4,45.15,42.4,49.4,6.132,666
2023-04-13T00:00:00.000Z,40.6,199.2,48.9,46.4,51.1,8.396,651
2023-04-14T00:00:00.000Z,42.5,81.1,48.2,45.4,52,5.421,648
2023-04-15T00:00:00.000Z,9.6,276.8,56.2,50.8,64,29.104,677
2023-04-16T00:00:00.000Z,31.2,117.1,46.6,44.3,50.8,13.093,668
2023-04-17T00:00:00.000Z,39.1,121.1,43.7,41.9,46,5.734,659
2023-04-18T00:00:00.000Z,33.4,85.4,43,39,47,5.949,671
2023-04-19T00:00:00.000Z,40.4,87.1,46.7,45.3,49.65,4.775,665
2023-04-20T00:00:00.000Z,37.4,85.9,49.5,47.9,51.45,4.423,648
2023-04-21T00:00:00.000Z,33,91.8,45.8,43.6,48.1,4.658,668
2023-04-22T00:00:00.000Z,36.4,89,41.1,39.6,43,3.733,663
2023-04-23T00:00:00.000Z,13.8,121.6,32.4,27.9,37.5,11.273,671
2023-04-24T00:00:00.000Z,13.2,119.2,28.95,20.8,34.7,10.947,674
2023-04-25T00:00:00.000Z,20.3,194.4,37,32.65,39.6,12.41,673
2023-04-26T00:00:00.000Z,26.2,155.9,38,32.1,46.5,13.219,687
2023-04-27T00:00:00.000Z,28.5,197.5,35.95,32.9,44.3,12.714,672
2023-04-28T00:00:00.000Z,25,200.1,33.5,30.8,37.8,13.235,658
2023-04-29T00:00:00.000Z,27.1,170.4,33.1,31.1,38,11.838,632
2023-04-30T00:00:00.000Z,21.8,116.4,33.79,28.9,39.5,12.47,661
2023-05-01T00:00:00.000Z,19.3,380.5,30.2,27.2,35.2,38.164,663
2023-05-02T00:00:00.000Z,14.2,130.5,26.6,21.8,31.9,9.014,662
2023-05-03T00:00:00.000Z,12.3,75.2,22.3,19.7,27.8,7.042,675
2023-05-04T00:00:00.000Z,8.2,54.9,25.1,21.9,29.25,7.074,661
2023-05-05T00:00:00.000Z,23.8,117.5,40.2,37.5,45.8,9.486,662
2023-05-06T00:00:00.000Z,23.2,102.6,31.5,29.1,36.5,7.944,678
2023-05-07T00:00:00.000Z,27,114.3,34.2,30.7,38.5,9.283,475
2023-05-15T00:00:00.000Z,5.6,108,27.3,19.5,31.2,11.978,680
2023-05-16T00:00:00.000Z,7.8,119.4,37.5,33.2,45.7,11.71,654
2023-05-17T00:00:00.000Z,35.4,58,44.1,42.4,46.6,4.368,59
2023-05-20T00:00:00.000Z,22.7,66,35.2,30.4,41.9,6.97,538
2023-05-21T00:00:00.000Z,5.9,95.4,35.2,31.25,40.3,11.589,657
2023-05-22T00:00:00.000Z,11.5,168.8,39.7,27.8,44.75,14.429,669
2023-05-23T00:00:00.000Z,13.8,53.5,33.4,26.75,36.29,7.264,648
2023-05-24T00:00:00.000Z,19.8,95.2,32.1,28.8,37.1,6.553,662
2023-05-25T00:00:00.000Z,21.5,94.3,32.6,29.1,38.1,7.803,661
2023-05-26T00:00:00.000Z,5.9,91.8,36.6,31.75,44.5,13.934,649
2023-05-27T00:00:00.000Z,8.5,233.9,44.6,31.7,55.75,28.224,661
2023-05-28T00:00:00.000Z,12.3,139.9,33.4,28.9,39,16.756,678
2023-05-29T00:00:00.000Z,16,111.1,32.5,28.3,36.79,9.125,683
2023-05-30T00:00:00.000Z,14.3,107.4,24.55,19.8,33.2,10.359,668
2023-05-31T00:00:00.000Z,9.7,136.6,27.9,21.4,32.6,10.621,651
2023-06-01T00:00:00.000Z,9.8,151.4,19.89,15.3,31.5,13.139,676
2023-06-02T00:00:00.000Z,15.2,132,28.8,25.1,44.5,13.716,623
2023-06-03T00:00:00.000Z,7.2,78.2,21.7,15.25,32.54,10.482,672
2023-06-04T00:00:00.000Z,3.5,115.4,17.7,11.5,26.7,13.103,668
2023-06-05T00:00:00.000Z,4.9,236.8,37.54,19.2,48.7,24.785,674
2023-06-06T00:00:00.000Z,7.1,103.1,26.4,18.7,31.8,13.522,659
2023-06-07T00:00:00.000Z,13,125.7,26.35,21.1,35,12.06,650
2023-06-08T00:00:00.000Z,6.4,100.6,22,12.8,35.54,17.256,644
2023-06-09T00:00:00.000Z,7.4,108.3,27,18.4,36,13.55,620
2023-06-10T00:00:00.000Z,8.8,60.1,21.6,15.9,27.3,9.4,659
2023-06-11T00:00:00.000Z,4,80.7,17.45,8.6,23.45,10.278,632
2023-06-12T00:00:00.000Z,6.5,141.3,23.9,19,32.1,14.437,596
2023-06-13T00:00:00.000Z,12.8,120.9,29.3,26.9,32.29,9.069,498
2023-06-14T00:00:00.000Z,17.4,87.3,34,27.1,41.7,10.088,555
2023-06-15T00:00:00.000Z,8.1,71.8,26.25,16.1,32.29,10.724,662
2023-06-16T00:00:00.000Z,9.4,55.9,27.3,20.75,33.95,9.099,648
2023-06-17T00:00:00.000Z,8.4,145.2,28.05,23.15,34,11.892,676
2023-06-18T00:00:00.000Z,10.5,73.9,22.5,18.2,30.5,9.641,671
2023-06-19T00:00:00.000Z,7.1,100.2,31.4,23.7,40,13.031,648
2023-06-20T00:00:00.000Z,6.7,126.4,29.9,17.6,47.7,22.728,675
2023-06-21T00:00:00.000Z,13.6,306.2,26.6,21.1,40.15,23.141,677
2023-06-22T00:00:00.000Z,1.6,149.3,27.85,17.1,39.79,20.585,652
2023-06-23T00:00:00.000Z,7.6,113,31,25.9,36.4,11.644,667
2023-06-24T00:00:00.000Z,11.4,166,34.9,26.65,49.45,23.38,641
2023-06-25T00:00:00.000Z,7.1,234.7,27.2,19.8,34.5,17.005,647
2023-06-26T00:00:00.000Z,11.1,195.7,29.9,22.2,38.79,19.769,665
2023-06-27T00:00:00.000Z,12.3,98.8,36.25,25.8,47.1,14.659,674
2023-06-28T00:00:00.000Z,10.3,165.4,23.05,18.3,29,11.609,664
2023-06-29T00:00:00.000Z,6.7,76,31.1,18.95,36,12.074,636
2023-06-30T00:00:00.000Z,7.8,146.6,41.7,27.3,50,18.714,658
2023-07-01T00:00:00.000Z,2.5,177.1,22.55,10.5,32.2,16.538,686
2023-07-02T00:00:00.000Z,2.3,215.4,30.6,16.89,37.65,17.189,653
2023-07-03T00:00:00.000Z,6,89.3,24.45,15.8,33.2,11.81,672
2023-07-04T00:00:00.000Z,13.4,194.2,34.5,26.15,47.9,28.315,660
2023-07-05T00:00:00.000Z,19,270.4,35.45,29.9,46.6,35.621,658
2023-07-06T00:00:00.000Z,20.1,252.1,65,45.7,116,44.915,667
2023-07-07T00:00:00.000Z,6,172.6,24.4,15.8,36.25,20.401,629
2023-07-08T00:00:00.000Z,5.3,148.8,21,13.9,29.4,18.043,656
2023-07-09T00:00:00.000Z,7.7,255,33.9,20.55,55.4,30.391,649
2023-07-10T00:00:00.000Z,14.4,141.7,30.8,26.2,38.6,14.646,638
2023-07-11T00:00:00.000Z,5.8,150.7,24,17.2,33,18.912,649
2023-07-12T00:00:00.000Z,11.8,152.3,38.9,28.5,50.85,25.44,645
2023-07-13T00:00:00.000Z,3.9,148,27.2,17.6,38.5,15.61,645
2023-07-14T00:00:00.000Z,6.6,173.3,25.75,16,50.6,29.63,690
2023-07-15T00:00:00.000Z,9.2,115.2,23.6,16.1,38.2,17.973,655
2023-07-16T00:00:00.000Z,4.9,96.6,12.65,10.3,17.39,8.326,650
2023-07-17T00:00:00.000Z,2.4,61.3,10,7,13.4,6.864,619
2023-07-18T00:00:00.000Z,2.8,125.5,13.1,9,17.89,13.03,664
2023-07-19T00:00:00.000Z,3.3,159.8,17.85,13.1,27.55,18.395,652
2023-07-20T00:00:00.000Z,7.9,136.6,21.4,16.1,33.25,16.466,636
2023-07-21T00:00:00.000Z,7.1,286.9,32.2,18.6,42.5,22.42,649
2023-07-22T00:00:00.000Z,4.8,135,20.35,13.75,32.35,13.637,668
2023-07-23T00:00:00.000Z,5.4,56.5,15.6,12.7,19.5,7.503,279
2023-07-24T00:00:00.000Z,7.8,111.8,19,16,25.3,11.944,545
2023-07-25T00:00:00.000Z,6.7,136.6,19.6,12.2,31.2,14.793,656
2023-07-26T00:00:00.000Z,6.9,89.3,25.25,13.25,37.79,15.519,620
2023-07-27T00:00:00.000Z,5.8,82,14.8,11.2,22.9,10.246,651
2023-07-28T00:00:00.000Z,4.5,93.6,16.8,8.9,29,13.859,649
2023-07-29T00:00:00.000Z,7.9,232.6,19,14.7,26.2,19.685,681
2023-07-30T00:00:00.000Z,11.4,100.9,30.9,23.8,34.65,12.645,648
2023-07-31T00:00:00.000Z,11,159.8,23.8,17.2,38.04,28.216,661
2023-08-01T00:00:00.000Z,15.4,108.7,27,19.8,34.65,13.091,645
2023-08-02T00:00:00.000Z,11.2,72.7,27.6,19.1,37.2,10.986,624
2023-08-03T00:00:00.000Z,12.4,126.2,25.4,17.5,31.8,9.714,617
2023-08-04T00:00:00.000Z,10.4,119,31.9,24.7,37.6,15.424,659
2023-08-05T00:00:00.000Z,13.3,86.8,31.05,22.15,37.1,10.237,640
2023-08-06T00:00:00.000Z,14.4,63.6,21,18.6,28.3,7.962,638
2023-08-07T00:00:00.000Z,9.9,111.3,23.6,17.5,29.5,11.284,647
2023-08-08T00:00:00.000Z,8.8,88.5,19.7,15,25.4,7.724,624
2023-08-09T00:00:00.000Z,6.1,145.4,19.1,10.1,29.8,12.431,655
2023-08-10T00:00:00.000Z,5.9,122.2,23.3,14,35.65,14.011,636
2023-08-11T00:00:00.000Z,4.4,77.6,13.2,9.4,24.8,10.809,664
2023-08-12T00:00:00.000Z,8.5,49.9,14.8,11.6,18.8,5.702,660
2023-08-13T00:00:00.000Z,6.4,62.3,18.4,13.2,24.9,9.304,670
2023-08-14T00:00:00.000Z,7.3,56,17.2,12.1,26.5,9.706,678
2023-08-15T00:00:00.000Z,4.1,70.7,13.7,10.4,17.45,6.776,649
2023-08-16T00:00:00.000Z,9.8,252.7,17.75,15,25.1,19.603,620
2023-08-17T00:00:00.000Z,11.5,121.5,30.5,21.55,42.8,15.289,661
2023-08-18T00:00:00.000Z,10.7,92.6,32.79,26.1,38.25,11.182,632
2023-08-19T00:00:00.000Z,11.8,119.3,27.8,19.7,34.5,14.68,647
2023-08-20T00:00:00.000Z,6,62,15.5,11.9,23.1,8.677,656
2023-08-21T00:00:00.000Z,7.8,115.9,25,19.89,31.9,11.124,613
2023-08-22T00:00:00.000Z,9.8,87.9,28.3,22.6,33.79,9.485,651
2023-08-23T00:00:00.000Z,10.8,124.7,24.4,18.1,33.29,10.138,663
2023-08-24T00:00:00.000Z,10.8,57.4,24.9,18.89,32.35,9.209,641
2023-08-25T00:00:00.000Z,7.7,71.1,21.7,14.85,34.54,11.33,621
2023-08-26T00:00:00.000Z,9.6,100.8,26.6,20.6,33.4,12.964,639
2023-08-27T00:00:00.000Z,5.1,126.7,16.85,10.5,25.9,10.365,630
2023-08-28T00:00:00.000Z,8.4,486.4,19,13.2,26.7,21.769,672
2023-08-29T00:00:00.000Z,7.3,78.9,28.8,19.35,35.85,10.608,680
2023-08-30T00:00:00.000Z,11.4,131.6,33.7,26.7,39.9,12.203,683
2023-08-31T00:00:00.000Z,5.3,257.6,23.7,13.9,34.5,23.125,610
2023-09-01T00:00:00.000Z,2.9,92.1,17.9,10,33.79,15.409,619
2023-09-02T00:00:00.000Z,3.8,102.6,12.5,7.7,18.1,9.416,657
2023-09-03T00:00:00.000Z,5.3,344.6,19.3,11.7,28.3,18.108,646
2023-09-04T00:00:00.000Z,5.5,59.3,12.7,9.6,26.4,11.458,643
2023-09-05T00:00:00.000Z,4.4,124.1,14.3,9.2,26.2,15.685,635
2023-09-06T00:00:00.000Z,8.2,170.5,31.7,19.9,42.3,35.162,662
2023-09-07T00:00:00.000Z,15.9,85.1,30.6,23.5,41.5,14.438,679
2023-09-08T00:00:00.000Z,6.2,77.9,34.29,24.5,43.55,13.618,661
2023-09-09T00:00:00.000Z,3.6,78.6,17.8,13.6,28,10.435,662
2023-09-10T00:00:00.000Z,2.9,114.6,12.55,9.9,21.8,10.424,636
2023-09-18T00:00:00.000Z,5.1,212.7,36.2,23.7,47.5,35.023,670
2023-09-19T00:00:00.000Z,4.3,294.9,38.4,27.75,53.3,28.425,625
2023-09-20T00:00:00.000Z,14.2,97.9,32.6,24.45,44.55,18.404,373
2023-09-21T00:00:00.000Z,37.2,151,53.35,44.3,62,15.71,338
2023-09-22T00:00:00.000Z,16.4,131.8,47.75,31.05,65.4,23.694,648
2023-09-23T00:00:00.000Z,9.2,117.1,33.6,28.2,41.4,14.024,618
2023-09-24T00:00:00.000Z,2,112.8,17.64,11.5,26.2,13.768,656
2023-09-25T00:00:00.000Z,3.9,94.2,12.9,8.05,20.9,12.152,641
2023-09-26T00:00:00.000Z,1.7,64.6,12.9,8.9,17.55,8.09,628
2023-09-27T00:00:00.000Z,3.3,122.1,30.4,11.75,40.65,16.789,669
2023-09-28T00:00:00.000Z,10.3,154.2,37.29,24.2,46.3,23.155,602
2023-09-29T00:00:00.000Z,2.5,445.5,30.75,18.1,42.05,34.985,648
2023-09-30T00:00:00.000Z,16,191.4,44.6,29,66.7,36.744,666
2023-10-01T00:00:00.000Z,5.5,111.5,28.2,17.64,40.25,15.269,657
2023-10-02T00:00:00.000Z,6.7,137,45.1,31.15,52.25,21.594,680
2023-10-03T00:00:00.000Z,2.3,137.5,16.2,12,23.5,12.228,671
2023-10-04T00:00:00.000Z,4.9,59.6,15.7,12.1,20.9,7.741,654
2023-10-05T00:00:00.000Z,10.2,97.2,23.5,19.3,28.55,8.653,665
2023-10-06T00:00:00.000Z,9.9,113.6,35.7,21.85,41.2,13.499,641
2023-10-07T00:00:00.000Z,8.6,184.8,30.7,19.8,38,18.851,627
2023-10-08T00:00:00.000Z,6.7,237.5,16.35,11.6,30.45,14.43,660
2023-10-09T00:00:00.000Z,5.8,212.2,41.5,22.05,53.85,27.177,645
2023-10-10T00:00:00.000Z,22.9,205.8,42.8,35.54,50.1,29.556,664
2023-10-11T00:00:00.000Z,8.7,204.6,23.65,16.39,33.29,39.45,662
2023-10-12T00:00:00.000Z,11.4,177,45.35,33.4,70,28.419,658
2023-10-13T00:00:00.000Z,27.2,177.5,64.75,39.79,102.2,35.586,690
2023-10-14T00:00:00.000Z,22.1,340.2,40.04,31.1,55.9,24.954,618
2023-10-15T00:00:00.000Z,9.8,86.8,30.7,24.5,39.6,11.653,667
2023-10-16T00:00:00.000Z,5.2,181,30.75,22.9,40.5,21.128,674
2023-10-17T00:00:00.000Z,8.7,209.9,38.29,15.8,63.85,35.898,693
2023-10-18T00:00:00.000Z,10.4,216.7,35.2,27,40.7,23.513,653
2023-10-19T00:00:00.000Z,6.5,167.7,35.9,29.7,43.35,13.04,668
2023-10-20T00:00:00.000Z,11.2,188.6,28.7,24.7,40,18.18,665
2023-10-21T00:00:00.000Z,14.7,311.3,50.55,35.8,70.5,50.347,656
2023-10-22T00:00:00.000Z,10.8,201.4,50.3,46.1,57.2,18.697,633
2023-10-23T00:00:00.000Z,10.6,319,45.6,38,52.3,22.377,674
2023-10-24T00:00:00.000Z,22.8,190.7,45.1,37.1,52.55,23.082,669
2023-10-25T00:00:00.000Z,7,264.6,33.7,22.7,48.4,35.443,659
2023-10-26T00:00:00.000Z,6.3,165.5,34,23.2,38.54,18.773,660
2023-10-27T00:00:00.000Z,10.4,230.2,63.9,45.9,96.9,45.74,679
2023-10-28T00:00:00.000Z,16,180.1,49.3,38.04,72.9,30.269,628
2023-10-29T00:00:00.000Z,11.5,268,42.8,36.29,47.3,14.743,652
2023-10-30T00:00:00.000Z,26.9,120.3,41,35.1,49.4,11.128,625
2023-10-31T00:00:00.000Z,6.8,217.3,50.9,35.1,64.6,31.706,641
2023-11-01T00:00:00.000Z,14.7,270,39.35,28.3,50,17.459,654
2023-11-02T00:00:00.000Z,17.2,173.5,43.4,33.9,53.2,26.973,617
2023-11-03T00:00:00.000Z,17.3,129.4,48.15,38.5,69.4,19.297,672
2023-11-04T00:00:00.000Z,11.6,123.5,22.3,17.2,36.3,13.757,663
2023-11-05T00:00:00.000Z,8.3,136.8,25,17.5,36.4,13.696,655
2023-11-06T00:00:00.000Z,8.9,134.8,29.2,24.5,45.2,19.088,634
2023-11-07T00:00:00.000Z,24.7,283.3,50.2,44.4,132.69,57.573,632
2023-11-08T00:00:00.000Z,9,175.5,24.1,13.95,50,24.69,648
2023-11-09T00:00:00.000Z,16.6,198.9,30.9,26.25,37.95,16.998,588
2023-11-10T00:00:00.000Z,17.1,157.9,34.4,23.7,53.3,29.25,645
2023-11-11T00:00:00.000Z,12.3,110.6,29.2,19.1,39.7,18.179,651
2023-11-12T00:00:00.000Z,14.6,104.1,41.15,32.29,48.8,14.804,408
2023-11-13T00:00:00.000Z,4,126.2,49.1,32,66.5,25.956,618
2023-11-14T00:00:00.000Z,9.1,214.3,49.5,32,63.2,36.519,634
2023-11-15T00:00:00.000Z,7,223.3,30.8,22.65,53.7,25.306,668
2023-11-16T00:00:00.000Z,6.2,392.2,46.9,38.75,73.45,35.745,661
2023-11-17T00:00:00.000Z,9.5,340.5,22,17.39,29.8,22.389,651
2023-11-18T00:00:00.000Z,19.7,64.2,30.4,26.4,34.9,6.775,662
2023-11-19T00:00:00.000Z,27.1,102,37.3,33.79,43.9,10.261,673
2023-11-20T00:00:00.000Z,27.9,147.2,48.1,44.5,56.1,15.437,683
2023-11-21T00:00:00.000Z,23.7,199.1,52.05,44.7,83.35,35.753,668
2023-11-22T00:00:00.000Z,24.6,414.3,54.7,44.3,64.1,25.302,670
2023-11-23T00:00:00.000Z,11.8,177.8,68.05,58.2,82.3,26.574,676
2023-11-24T00:00:00.000Z,27.3,152,49.55,36.75,85.75,32.757,520