date,min,max,median,q1,q3,stdev,count
2022-11-19T00:00:00.000Z,6.8,109.3,25.6,20.3,34.75,12.673,644
2022-11-20T00:00:00.000Z,8.2,243.1,17.3,13,23.3,18.693,659
2022-11-21T00:00:00.000Z,12.6,91.6,36.6,19.6,54.3,18.667,664
2022-11-22T00:00:00.000Z,10.1,193.7,40.8,26.7,57.3,22.185,669
2022-11-23T00:00:00.000Z,8.3,317.5,48.6,37.95,57.75,28.563,684
2022-11-24T00:00:00.000Z,15.9,294.7,40.2,30.2,48.2,19.971,690
2022-11-25T00:00:00.000Z,5.5,173.3,28.4,13,46.7,23.265,663
2022-11-26T00:00:00.000Z,17.7,256.7,45.7,35.29,57.4,20.934,681
2022-11-27T00:00:00.000Z,12.9,447.3,42.3,31.7,51.9,33.291,642
2022-11-28T00:00:00.000Z,6.8,351.9,40.29,29.3,50,30.407,667
2022-11-29T00:00:00.000Z,7.6,229.2,44.2,31.15,52.25,23.195,673
2022-11-30T00:00:00.000Z,17.3,1050.3,62.4,52.75,72.4,47.419,668
2022-12-01T00:00:00.000Z,8.7,326.4,46.25,34.5,59.4,30.658,624
2022-12-02T00:00:00.000Z,4.4,145.9,27.3,18.1,47.2,20.691,687
2022-12-03T00:00:00.000Z,6,327.7,42.3,30.05,54.8,36.046,680
2022-12-04T00:00:00.000Z,6.3,75,27.15,21.4,36.79,14.409,402
2022-12-05T00:00:00.000Z,9.9,231,30.5,20.8,49.1,21.243,674
2022-12-06T00:00:00.000Z,9.8,146.2,37.45,26.75,46.65,14.567,664
2022-12-07T00:00:00.000Z,6.8,116.5,60.2,39.4,66.5,20.251,656
2022-12-08T00:00:00.000Z,15.2,114.1,48.3,36.7,56.2,16.897,678
2022-12-09T00:00:00.000Z,20.7,509.1,44.35,37,60.5,24.65,680
2022-12-10T00:00:00.000Z,20,153,50.2,40.85,60.85,23.336,680
2022-12-11T00:00:00.000Z,28.2,2632.8,56.4,46.1,65.3,154.611,619
2022-12-12T00:00:00.000Z,24.5,497.8,55.9,50.1,62.8,31.68,670
2022-12-13T00:00:00.000Z,17.1,163.2,59.5,51,65,18.03,682
2022-12-14T00:00:00.000Z,42,798.1,62,51.6,94.75,41.805,681
2022-12-15T00:00:00.000Z,41,130.4,65.5,53.4,79.3,16.799,660
2022-12-16T00:00:00.000Z,31.1,305.9,63.6,50.9,94.4,34.71,643
2022-12-17T00:00:00.000Z,11.2,182.6,55.3,37.2,79.45,29.322,685
2022-12-18T00:00:00.000Z,6.5,234.6,18.25,14.2,22.75,15.901,664
2022-12-19T00:00:00.000Z,13.5,108.3,36.4,26.3,61.7,18.678,657
2022-12-20T00:00:00.000Z,15.3,319.4,51.1,27.3,75.8,36.967,642
2022-12-21T00:00:00.000Z,31.3,167.9,62.4,56.4,70.2,14.648,664
2022-12-22T00:00:00.000Z,17.3,121.9,60.9,42.05,69.2,20.549,641
2022-12-23T00:00:00.000Z,42.3,466.1,68.1,55.3,75.7,21.992,653
2022-12-24T00:00:00.000Z,32,182.2,64.2,55.3,71.4,16.977,655
2022-12-25T00:00:00.000Z,24.5,258.9,70,42.3,80.9,32.1,682
2022-12-26T00:00:00.000Z,38.1,358.8,78.3,65,90.95,29.395,624
2022-12-27T00:00:00.000Z,46.9,186.2,75.34,62.25,86.85,20.898,344
2023-01-08T00:00:00.000Z,14.5,241.7,46.85,33.3,86.2,53.606,636
2023-01-09T00:00:00.000Z,19.3,358.4,59.2,47,70.7,34.182,683
2023-01-10T00:00:00.000Z,8.3,370.1,32.1,24.45,42.1,30.337,652
2023-01-11T00:00:00.000Z,11.6,171.2,28.1,21.5,39.3,23.737,667
2023-01-12T00:00:00.000Z,8.8,183.8,39.85,25.9,54.1,20.816,686
2023-01-13T00:00:00.000Z,10.6,177.8,48,27.6,58.3,20.608,660
2023-01-14T00:00:00.000Z,15.4,593.5,59.15,28.8,69,43.113,674
2023-01-15T00:00:00.000Z,14.4,365.4,77.45,41.9,103.8,45.257,662
2023-01-16T00:00:00.000Z,29.2,577.2,49.95,39.45,62.2,34.853,672
2023-01-17T00:00:00.000Z,28,319,46.7,40.29,57.4,24.63,661
2023-01-18T00:00:00.000Z,22.4,244,43.8,31.4,56.4,27.724,647
2023-01-19T00:00:00.000Z,30.2,151.8,53.8,36.79,65.1,16.999,671
2023-01-20T00:00:00.000Z,29.4,183,58.35,46.3,71,22.783,682
2023-01-21T00:00:00.000Z,26.2,1264.5,49.7,44.55,59.8,100.773,668
2023-01-22T00:00:00.000Z,6.7,222,22.9,17.39,64.5,27.396,670
2023-01-23T00:00:00.000Z,7.1,290,22,14.3,28.8,30.935,677
2023-01-24T00:00:00.000Z,4.6,492,13.8,9.4,26.7,45.137,618
2023-01-25T00:00:00.000Z,9.8,657.9,24.15,17.89,46,39.005,666
2023-01-26T00:00:00.000Z,17.8,311.1,56.05,33.35,68.25,25.826,652
2023-01-27T00:00:00.000Z,9.2,250.8,46.45,22.7,56.8,22.554,656
2023-01-28T00:00:00.000Z,8.6,270.7,26.45,20.9,34.85,23.532,652
2023-01-29T00:00:00.000Z,16,106.9,35.85,28,47,17.44,670
2023-01-30T00:00:00.000Z,25.8,353.6,66.5,42.6,78.5,29.238,667
2023-01-31T00:00:00.000Z,16.3,254,61.4,46.95,72.45,24.606,548
2023-02-01T00:00:00.000Z,13,462.5,58.4,35.9,69.5,35.734,531
2023-02-02T00:00:00.000Z,16.9,480.5,46.1,38.2,59.25,41.688,657
2023-02-03T00:00:00.000Z,12.3,557,41.8,28.2,54.55,26.804,673
2023-02-04T00:00:00.000Z,11.6,138.1,44.25,29.4,58.35,19.176,672
2023-02-05T00:00:00.000Z,11.2,603.4,38.29,23,49.1,41.785,658
2023-02-06T00:00:00.000Z,13.1,479.8,39.35,28.95,51.6,35.632,652
2023-02-07T00:00:00.000Z,19.4,351.1,43.3,36.1,56,27.914,658
2023-02-08T00:00:00.000Z,21.8,527.4,54.2,46.9,63.7,32.325,658
2023-02-09T00:00:00.000Z,19.3,389.8,42.3,32.5,52.75,30.049,676
2023-02-10T00:00:00.000Z,14.7,465.7,48.5,30.8,65.4,35.5,676
2023-02-11T00:00:00.000Z,20.3,503,46.65,35.7,58.8,41.895,674
2023-02-12T00:00:00.000Z,17.6,234.1,50.65,37.7,60.5,29.471,670
2023-02-13T00:00:00.000Z,11.9,123.6,55.2,42.2,62.7,20.363,647
2023-02-14T00:00:00.000Z,25.5,137.4,49.25,38.5,60.2,16.762,662
2023-02-15T00:00:00.000Z,28.2,118.7,52.55,46.5,60.6,11.419,678
2023-02-16T00:00:00.000Z,30.5,159.6,51.4,44,60.4,15.228,642
2023-02-17T00:00:00.000Z,21.6,144.8,47.5,38.7,61.6,20.784,661
2023-02-18T00:00:00.000Z,16.1,311.3,56.5,30.65,66.4,24.778,668
2023-02-19T00:00:00.000Z,18.2,391.7,47.7,36.79,56,30.633,676
2023-02-20T00:00:00.000Z,22.1,74.8,37.2,30.7,48.8,11.09,622
2023-02-21T00:00:00.000Z,25.7,150,49.2,37.35,61.05,17.317,621
2023-02-22T00:00:00.000Z,11.5,359,52.95,43.9,60.9,23.574,662
2023-02-23T00:00:00.000Z,18.8,188.4,38.9,28.8,47.2,17.03,673
2023-02-24T00:00:00.000Z,26.4,213.2,47.1,35.9,56.3,17.134,674
2023-02-25T00:00:00.000Z,51,113.4,65.4,60.1,74.9,12.072,662
2023-02-26T00:00:00.000Z,40.7,316.5,55.7,49.6,61,24.397,679
2023-02-27T00:00:00.000Z,21,100.8,58.9,45.4,62.95,13.049,653
2023-02-28T00:00:00.000Z,16,106.6,39.95,27.25,58.8,17.617,664
2023-03-01T00:00:00.000Z,11.4,147.7,37.79,31.7,46.9,13.365,670
2023-03-02T00:00:00.000Z,27.2,103.4,51,45.7,59,10.541,667
2023-03-03T00:00:00.000Z,26.7,408,49.1,40.4,56.9,35.746,654
2023-03-04T00:00:00.000Z,40.7,99.4,61.2,52,67.9,10.434,647
2023-03-05T00:00:00.000Z,36.9,753.7,72,63.85,77.8,51.328,653
2023-03-06T00:00:00.000Z,38.3,229.5,65.2,58.75,71.65,17.029,664
2023-03-07T00:00:00.000Z,24.1,768.8,49.8,39.1,74,49.515,662
2023-03-08T00:00:00.000Z,22.2,353.1,43.65,35.5,54.5,44.895,662
2023-03-09T00:00:00.000Z,23.6,154.4,51.35,42.05,63.6,16.187,652
2023-03-10T00:00:00.000Z,35,287.9,58.65,52.9,68.59,22.675,650
2023-03-11T00:00:00.000Z,53.2,171.2,65.5,61.6,71.3,11.183,669
2023-03-12T00:00:00.000Z,22.8,192.2,54.3,45,64.3,19.304,661
2023-03-13T00:00:00.000Z,39.9,116.4,58.5,52.8,70.8,13.464,674
2023-03-14T00:00:00.000Z,38.8,476.5,54.45,50.4,60.3,24.386,662
2023-03-15T00:00:00.000Z,21.8,145,54.9,40,66.5,17.933,655
2023-03-16T00:00:00.000Z,16.9,106.4,43.3,33.3,51.2,11.646,658
2023-03-17T00:00:00.000Z,22.9,85,42.5,33.8,49.7,10.63,687
2023-03-18T00:00:00.000Z,17.1,2493.2,41.9,32.8,51.3,150.101,682
2023-03-19T00:00:00.000Z,15.2,474.6,40.4,29.9,50.6,45.112,667
2023-03-20T00:00:00.000Z,12.3,71.1,45.8,26.6,51.8,14.879,671
2023-03-21T00:00:00.000Z,15.2,503.3,53.15,42,60.6,30.056,662
2023-03-22T00:00:00.000Z,19,256.3,52.2,35.1,60.15,18.509,677
2023-03-23T00:00:00.000Z,19.8,1082.3,48.9,35.9,56.45,91.836,676
2023-03-24T00:00:00.000Z,15.7,97.8,41.7,33.85,53.5,14.637,684
2023-03-25T00:00:00.000Z,19.4,600.8,53.4,36.6,69.59,52.014,682
2023-03-26T00:00:00.000Z,19.6,1121.9,41.8,32.1,54.1,95.14,686
2023-03-27T00:00:00.000Z,9.7,545.7,42.5,25.35,53.1,73.054,660
2023-03-28T00:00:00.000Z,19.6,685.8,36.8,30.05,42.6,61.006,661
2023-03-29T00:00:00.000Z,20.3,405.3,44.4,32.4,61,30.539,672
2023-03-30T00:00:00.000Z,16.5,417.6,40.6,34.29,51.2,50.426,674
2023-03-31T00:00:00.000Z,22.4,323.4,56,46.1,67.34,23.506,657
2023-04-01T00:00:00.000Z,34.7,519.1,61.5,55,68.09,45.063,687
2023-04-02T00:00:00.000Z,20.4,385.6,56.1,37.1,63.4,40.328,674
2023-04-03T00:00:00.000Z,10.6,609.4,68.2,31.7,80.3,68.703,654
2023-04-04T00:00:00.000Z,16.5,501.3,42.9,33.79,53,42.995,669
2023-04-05T00:00:00.000Z,4.1,671.8,35.9,23.35,46.75,68.164,689
2023-04-06T00:00:00.000Z,8.2,378,29.9,22.15,43.95,48.802,685
2023-04-07T00:00:00.000Z,15.8,519.7,45.4,37,54.25,36.254,676
2023-04-08T00:00:00.000Z,16.4,732.4,44.5,36.54,53.2,56.065,445
2023-04-09T00:00:00.000Z,49,1066,63,57.2,73.95,96.442,664
2023-04-10T00:00:00.000Z,48,926.8,59.85,56.2,65.34,88.898,640
2023-04-11T00:00:00.000Z,44.1,812.9,61.15,53.9,67.5,68.366,658
2023-04-12T00:00:00.000Z,50.7,629.6,67.3,62.3,75.7,71.946,632
2023-04-13T00:00:00.000Z,56.1,577.9,73.09,62.7,78.09,48.939,637
2023-04-14T00:00:00.000Z,59.2,506.2,69.8,65.8,79.34,60.926,605
2023-04-15T00:00:00.000Z,26.1,608.8,63.85,46.5,72.4,60.87,650
2023-04-16T00:00:00.000Z,49.7,1486.7,65.59,56.2,73.4,110.821,612
2023-04-17T00:00:00.000Z,46.7,103.4,62.1,55,67.6,8.121,587
2023-04-18T00:00:00.000Z,42.8,1043,68.8,52.65,76.2,82.115,672
2023-04-19T00:00:00.000Z,48.5,196.6,63.75,59.7,71.8,17.806,674
2023-04-20T00:00:00.000Z,49.1,204.7,61.4,56.2,66.4,11.682,652
2023-04-21T00:00:00.000Z,47.5,705.6,58,52.5,65.7,59.951,598
2023-04-22T00:00:00.000Z,45.3,483.6,65.9,55.5,73.3,43.576,657
2023-04-23T00:00:00.000Z,18.1,1145.8,63.2,49.1,69.9,81.543,686
2023-04-24T00:00:00.000Z,18.1,556.9,45.8,35.5,52.7,48.205,675
2023-04-25T00:00:00.000Z,34.7,522.5,56.8,48.3,68.5,54.602,695
2023-04-26T00:00:00.000Z,26.6,396.4,56.4,43.1,67.7,38.473,684
2023-04-27T00:00:00.000Z,34.5,78,52.9,46.55,59.05,8.615,653
2023-04-28T00:00:00.000Z,32.2,573.1,49.7,43.3,56.8,29.304,677
2023-04-29T00:00:00.000Z,31.3,484.3,49.8,46.5,55.6,35.719,691
2023-04-30T00:00:00.000Z,23.2,161.1,42,37.4,48.8,11.889,675
2023-05-01T00:00:00.000Z,18.5,410.3,47,40.1,53.7,29.484,666
2023-05-02T00:00:00.000Z,14.5,365.7,35.9,26.95,44.3,34.612,696
2023-05-03T00:00:00.000Z,14,82,43.5,26.4,55.7,16.03,661
2023-05-04T00:00:00.000Z,10.5,417.8,47.5,22.6,57.9,52.176,685
2023-05-05T00:00:00.000Z,23.2,265.6,51.45,39.7,64.09,17.808,646
2023-05-06T00:00:00.000Z,19,1380.3,39.29,31.6,46.3,92.929,684
2023-05-07T00:00:00.000Z,17.1,1067.5,41.9,34.1,49.55,76.811,685
2023-05-15T00:00:00.000Z,7.3,95.9,35.7,16.64,56.45,21.399,673
2023-05-16T00:00:00.000Z,21.7,381.8,49.75,31.5,61.1,53.668,666
2023-05-17T00:00:00.000Z,35.9,310.3,58.7,48.1,64.4,18.813,647
2023-05-18T00:00:00.000Z,14,348.8,46.6,22.8,59,23.634,538
2023-05-19T00:00:00.000Z,24.6,94,50.3,33.6,58.2,13.501,636
2023-05-20T00:00:00.000Z,23.8,414.9,46.1,41.1,49.3,35.623,658
2023-05-21T00:00:00.000Z,13.8,631,53.4,39.5,59.3,44.01,667
2023-05-22T00:00:00.000Z,12.5,212.8,40.6,20.8,48.4,20.993,654
2023-05-23T00:00:00.000Z,7.4,178,38.5,27.2,46.7,18.046,651
2023-05-24T00:00:00.000Z,18.2,143.7,30.2,25.5,35.6,13.495,670
2023-05-25T00:00:00.000Z,15.9,65.2,31.85,26,40.1,10.35,666
2023-05-26T00:00:00.000Z,5.1,666.8,49.6,32.65,56.6,61.572,649
2023-05-27T00:00:00.000Z,7.4,282.7,36.2,27.1,54.4,30.311,644
2023-05-28T00:00:00.000Z,7.7,585.4,54.3,32.2,65.5,37.848,677
2023-05-29T00:00:00.000Z,11.9,695.7,32.6,19.8,41.15,41.556,681
2023-05-30T00:00:00.000Z,8.9,392.4,22.8,16.89,45,49.193,679
2023-05-31T00:00:00.000Z,7.4,500.3,24,18.89,47.6,58.731,643
2023-06-01T00:00:00.000Z,7.8,189.5,15.5,12,30.9,14.784,664
2023-06-02T00:00:00.000Z,6.8,238,33.3,18.05,48.3,26.303,585
2023-06-03T00:00:00.000Z,10.1,620.2,27.4,18.1,43.4,59.669,678
2023-06-04T00:00:00.000Z,2.5,225.5,29.9,19.05,42,21.856,661
2023-06-05T00:00:00.000Z,5.1,389,23.1,12.85,35.75,43.604,677
2023-06-06T00:00:00.000Z,4.4,352.5,20.2,11.3,32.5,25.388,642
2023-06-07T00:00:00.000Z,7.2,67.3,21.3,14.8,30.2,10.202,638
2023-06-08T00:00:00.000Z,5.1,52.4,16.7,9.19,26,11.761,645
2023-06-09T00:00:00.000Z,7.3,78.1,29.5,20.1,43.7,16.843,646
2023-06-10T00:00:00.000Z,5.2,48,14.7,11.8,25.6,9.127,379
2023-06-11T00:00:00.000Z,3.8,328,18.4,12.9,27.45,37.559,641
2023-06-12T00:00:00.000Z,5.3,225.4,18.6,13.3,27.4,15.422,632
2023-06-13T00:00:00.000Z,15.5,377.2,29.35,22,39.2,30.496,648
2023-06-14T00:00:00.000Z,20.6,300.5,40.9,36.1,50.2,24.705,634
2023-06-15T00:00:00.000Z,6.5,252.2,33.2,16.85,51.7,25.824,637
2023-06-16T00:00:00.000Z,6.8,370.8,40.2,23,48.1,40.668,623
2023-06-17T00:00:00.000Z,10.5,65.6,23.8,19.45,33.8,11.458,661
2023-06-18T00:00:00.000Z,5.6,101.9,20.7,14.1,28.2,10.675,650
2023-06-19T00:00:00.000Z,5,677.2,35.9,19,74.2,74.515,650
2023-06-20T00:00:00.000Z,6,304.8,24.45,13.3,45.7,25.088,642
2023-06-21T00:00:00.000Z,10.6,427.8,46.3,29.1,62.3,47.246,659
2023-06-22T00:00:00.000Z,4.4,452.8,21.9,13.9,41.2,39.223,635
2023-06-23T00:00:00.000Z,6.8,609.2,31.6,23.2,42.05,51.688,665
2023-06-24T00:00:00.000Z,9.9,575.8,24.8,19.4,52.1,50.422,663
2023-06-25T00:00:00.000Z,8.9,456.3,41.9,27,52.9,43.845,637
2023-06-26T00:00:00.000Z,9.9,206.3,34.6,23.8,46.4,17.872,647
2023-06-27T00:00:00.000Z,6.4,337.4,21.8,12.9,49.1,29.034,651
2023-06-28T00:00:00.000Z,4.9,525.7,31.4,17,41.9,52.165,666
2023-06-29T00:00:00.000Z,4.7,162.5,38.3,12.75,58.05,25.974,605
2023-06-30T00:00:00.000Z,0.4,725.3,30.4,16.6,46.6,66.705,648
2023-07-01T00:00:00.000Z,0.8,66.7,25.1,17.5,33.2,14.027,650
2023-07-02T00:00:00.000Z,2.2,379.4,30.8,16.95,45.7,36.008,629
2023-07-03T00:00:00.000Z,0.8,181.3,17.8,7.3,33.65,25.598,673
2023-07-04T00:00:00.000Z,3.8,287.6,17.5,11.4,32.85,22.817,661
2023-07-05T00:00:00.000Z,8.3,166.7,30.85,18.6,39.95,15.894,432
2023-07-06T00:00:00.000Z,10.9,369.9,37.9,27.2,49.65,26,672
2023-07-07T00:00:00.000Z,23.8,753.5,47.65,39.4,60.4,49.059,636
2023-07-08T00:00:00.000Z,9.5,706.6,31.35,21.45,47.65,61.133,656
2023-07-09T00:00:00.000Z,9.2,394,24.7,15.8,48.1,40.471,646
2023-07-10T00:00:00.000Z,6.7,427.7,33.15,19.5,44.1,41.478,632
2023-07-11T00:00:00.000Z,4.9,479.9,28,10.7,42.4,62.635,655
2023-07-12T00:00:00.000Z,5.5,79.4,24.8,14.9,49.5,19.362,652
2023-07-13T00:00:00.000Z,3.4,183.8,21.8,13.4,48.1,27.507,665
2023-07-14T00:00:00.000Z,3,549,17.8,9.9,42.1,60.492,691
2023-07-15T00:00:00.000Z,6.3,202.4,19.6,17,35,26.968,667
2023-07-16T00:00:00.000Z,2,114,10.9,8.5,15.1,11.919,659
2023-07-17T00:00:00.000Z,0.8,29.9,5.7,3.95,9.6,4.049,633
2023-07-18T00:00:00.000Z,2,34.7,6.4,4.5,10.3,4.839,636
2023-07-19T00:00:00.000Z,2,174.6,8.6,6.8,12.2,14.562,631
2023-07-20T00:00:00.000Z,6.5,65,15.8,12,23.5,9.285,625
2023-07-21T00:00:00.000Z,8.3,361,18,14.3,28.5,28.024,665
2023-07-22T00:00:00.000Z,3.8,734.1,17.3,11.4,37.65,69.363,673
2023-07-23T00:00:00.000Z,3.3,93.8,14.1,8.5,19.8,8.106,630
2023-07-24T00:00:00.000Z,4.8,148.5,17.39,11,23.75,15.814,681
2023-07-25T00:00:00.000Z,5.2,68.8,12,9.5,15.85,6.164,648
2023-07-26T00:00:00.000Z,5.3,69.3,10.8,8.9,16.5,8.125,606
2023-07-27T00:00:00.000Z,4.4,25.3,10.7,8.75,14.1,3.915,648
2023-07-28T00:00:00.000Z,1.8,53.9,8.3,6.2,13,5.056,642
2023-07-29T00:00:00.000Z,4.4,37.3,12.15,9.19,14.5,4.82,672
2023-07-30T00:00:00.000Z,10.1,270.8,34.85,25,44,19.635,654
2023-07-31T00:00:00.000Z,6.9,266.7,18.35,12.5,39.2,27.693,654
2023-08-01T00:00:00.000Z,11.2,238.7,20.65,16.2,28.2,21.266,638
2023-08-02T00:00:00.000Z,6.5,95.7,16.39,12.2,30.6,14.916,651
2023-08-03T00:00:00.000Z,8,58.3,21.5,17.7,28.1,9.351,636
2023-08-04T00:00:00.000Z,9.9,675.6,32.04,22.4,42.6,52.868,654
2023-08-05T00:00:00.000Z,9.4,238.8,30.6,19.1,38.5,14.553,651
2023-08-06T00:00:00.000Z,15.1,355.2,26.4,20.6,33.7,21.108,638
2023-08-07T00:00:00.000Z,5.2,212.7,20.1,13.2,28.2,17.435,646
2023-08-08T00:00:00.000Z,5.3,1362.3,15.9,10.3,26.8,63.535,622
2023-08-09T00:00:00.000Z,5.8,689.6,13.6,9.8,21.3,36.252,657
2023-08-10T00:00:00.000Z,6.9,59.7,12.1,9.4,17.89,8.472,641
2023-08-11T00:00:00.000Z,2.6,194.7,10.1,7.4,15.35,19.958,677
2023-08-12T00:00:00.000Z,1.6,338.4,13.1,9.6,16.6,35.438,668
2023-08-13T00:00:00.000Z,1.8,470,24.8,11.3,45,39.462,631
2023-08-14T00:00:00.000Z,2.3,254.8,19.2,10.1,26.7,21.226,642
2023-08-15T00:00:00.000Z,0.8,31.9,10.7,6.5,15.5,6.409,623
2023-08-16T00:00:00.000Z,1.9,348.2,14.5,6.2,19.64,31.666,684
2023-08-17T00:00:00.000Z,5.9,669.6,22.1,13.6,38.9,60.121,667
2023-08-18T00:00:00.000Z,7.2,83.4,22.35,16.3,34.15,14.29,628
2023-08-19T00:00:00.000Z,7.6,452.4,33.1,17.35,68.95,65.791,676
2023-08-20T00:00:00.000Z,2.8,176.3,19.39,13.2,28.15,21.292,649
2023-08-21T00:00:00.000Z,8.9,237,29.3,16.6,44.7,24.966,675
2023-08-22T00:00:00.000Z,12.7,377.6,32.2,21.95,41.5,27.322,660
2023-08-23T00:00:00.000Z,6.9,240.5,21.1,12.4,32,24.31,655
2023-08-24T00:00:00.000Z,9.4,385.4,22.7,15.7,31.55,23.462,649
2023-08-25T00:00:00.000Z,6.2,95.9,17.05,13.2,23.6,11.05,626
2023-08-26T00:00:00.000Z,4.4,57.4,16.6,10.8,23.2,9.765,643
2023-08-27T00:00:00.000Z,2.5,399.3,13.55,8.6,21.7,33.401,598
2023-08-28T00:00:00.000Z,5.7,415.2,16,13.2,21.7,44.671,659
2023-08-29T00:00:00.000Z,5.3,129,18.6,11,27.5,16.007,643
2023-08-30T00:00:00.000Z,3.8,52.6,23.8,13,31.1,10.935,661
2023-08-31T00:00:00.000Z,1.6,332.3,13.2,9.75,21.4,22.637,633
2023-09-01T00:00:00.000Z,2.5,810.4,8.6,6.1,12,51.316,659
2023-09-02T00:00:00.000Z,0.7,30.2,5.9,3.5,8.35,3.803,668
2023-09-03T00:00:00.000Z,1.4,280.2,7.1,5.6,9.6,27.079,645
2023-09-04T00:00:00.000Z,0.7,159.5,9,4.6,14.6,20.855,631
2023-09-05T00:00:00.000Z,1.8,329,8.69,5.7,17.55,32.676,637
2023-09-06T00:00:00.000Z,1.7,168.5,16.25,9.7,29.3,15.431,678
2023-09-07T00:00:00.000Z,4.8,635.1,28.3,18.3,37.2,49.221,691
2023-09-08T00:00:00.000Z,5.7,96.6,30.6,18,42.95,15.688,521
2023-09-09T00:00:00.000Z,1.1,99.8,10.7,8.2,15.7,12.974,621
2023-09-10T00:00:00.000Z,1.3,488.9,15,7.9,19.6,34.094,631
2023-09-18T00:00:00.000Z,6.2,458.2,43.8,12.8,54.5,32.289,627
2023-09-19T00:00:00.000Z,6.8,85.4,33.2,19.39,47.9,17.49,682
2023-09-20T00:00:00.000Z,13.1,98.4,43.2,25.1,50.7,15.11,556
2023-09-21T00:00:00.000Z,15.3,117.7,45.8,32.95,57,16.435,637
2023-09-22T00:00:00.000Z,11.1,756,40.9,26.8,50.75,52.393,633
2023-09-23T00:00:00.000Z,5.3,415.8,23.2,13.6,31.4,31.827,640
2023-09-24T00:00:00.000Z,0.4,50.5,8.6,5.8,14.3,7.769,670
2023-09-25T00:00:00.000Z,1.1,42.6,7.2,4.9,11.9,8.893,624
2023-09-26T00:00:00.000Z,2.1,101.2,8.19,4.8,23.55,20.356,396
2023-09-27T00:00:00.000Z,1.6,87.7,21,6.2,41.1,23.534,641
2023-09-28T00:00:00.000Z,16.2,104.6,51.9,31.35,61.05,19.419,665
2023-09-29T00:00:00.000Z,0.4,137.3,18.7,10.19,28.1,16.907,642
2023-09-30T00:00:00.000Z,8.5,186.5,30.45,15.25,43.05,18.888,680
2023-10-01T00:00:00.000Z,3,297.2,19.7,12.5,30.2,24.411,661
2023-10-02T00:00:00.000Z,0.3,67.8,12.25,7.2,22.2,14.523,670
2023-10-03T00:00:00.000Z,2,315.4,16.8,7.4,29.85,24.528,653
2023-10-04T00:00:00.000Z,2.9,433.6,23.5,6.6,36.4,27.661,659
2023-10-05T00:00:00.000Z,5.9,343.8,38.6,19.5,53.7,31.419,655
2023-10-06T00:00:00.000Z,8,80.2,44.8,15.6,55.7,21.542,651
2023-10-07T00:00:00.000Z,6.4,170.2,33.29,13.4,55.35,23.748,684
2023-10-08T00:00:00.000Z,6.6,467,22.4,13.2,33.2,28.214,660
2023-10-09T00:00:00.000Z,4.7,74.7,19.3,9.9,37.79,15.639,650
2023-10-10T00:00:00.000Z,10.1,664.9,48.6,35.2,58.6,55.736,655
2023-10-11T00:00:00.000Z,19,462,36.7,27.4,55.6,30.341,677
2023-10-12T00:00:00.000Z,4.8,115.2,38.85,27.6,52.7,17.609,670
2023-10-13T00:00:00.000Z,18.7,120.3,48.85,36.54,58.15,15.597,640
2023-10-14T00:00:00.000Z,4.2,691.2,28,18.6,42.6,47.877,614
2023-10-15T00:00:00.000Z,1.5,87.2,31,16.89,42.8,16.172,386
2023-10-16T00:00:00.000Z,3.4,68.4,13.9,9.19,26.6,13.847,635
2023-10-17T00:00:00.000Z,3.2,311.7,18.9,10.3,38.2,20.841,633
2023-10-18T00:00:00.000Z,5.1,536.4,24.7,15.05,43.5,45.255,524
2023-10-19T00:00:00.000Z,15.3,75.6,37,27.1,46.1,11.517,530
2023-10-20T00:00:00.000Z,13.8,391.1,53.4,37.29,75.59,57.484,645
2023-10-21T00:00:00.000Z,24.9,108.2,60.6,45.35,89.35,22.112,657
2023-10-22T00:00:00.000Z,14.2,938.7,53.1,34.6,63.7,62.04,630
2023-10-23T00:00:00.000Z,7.1,197.3,52.5,25.75,78.5,31.454,641
2023-10-24T00:00:00.000Z,24.1,392.1,53.1,40.6,64.4,34.582,671
2023-10-25T00:00:00.000Z,5,258,24,16.3,42.4,22.82,607
2023-10-26T00:00:00.000Z,3,179,33.5,19.7,49,18.944,651
2023-10-27T00:00:00.000Z,4.6,132.7,30.4,11.95,52.35,22.265,668
2023-10-28T00:00:00.000Z,12.9,105,44,30.4,63.2,18.039,617
2023-10-29T00:00:00.000Z,22.7,352.2,42.6,33.65,58.75,29.69,648
2023-10-30T00:00:00.000Z,12.7,1047.4,38.2,27.1,67,56.155,667
2023-10-31T00:00:00.000Z,12.9,142.9,33.2,25.25,52.25,20.844,680
2023-11-01T00:00:00.000Z,21,109.2,51.1,41.5,60.8,14.977,647
2023-11-02T00:00:00.000Z,4.7,184.5,37,23.1,50.4,17.083,679
2023-11-03T00:00:00.000Z,15.4,107,52.45,44,71.5,18.842,688
2023-11-04T00:00:00.000Z,13.7,120,40.5,24.45,57.2,21.308,605
2023-11-05T00:00:00.000Z,8.8,426.7,31.3,22,47.8,29.295,669
2023-11-06T00:00:00.000Z,12.4,374.2,37.8,29.5,47.6,22.356,658
2023-11-07T00:00:00.000Z,15.3,363.5,47,37.9,64.09,33.932,668
2023-11-08T00:00:00.000Z,11.6,460.4,41.8,30.4,52,28.63,659
2023-11-09T00:00:00.000Z,9.4,192.2,28.2,20.8,45.6,18.377,603
2023-11-10T00:00:00.000Z,23.9,827.2,49.5,42.75,55.85,45.744,652
2023-11-11T00:00:00.000Z,11.5,75.9,47.6,32,58.6,15.904,643
2023-11-12T00:00:00.000Z,16.8,77.3,45,35.29,55.4,11.85,399
2023-11-13T00:00:00.000Z,9.4,81.3,30.7,23.7,45,15.95,685
2023-11-14T00:00:00.000Z,9.2,1945.5,43,22.05,58.2,92.974,637
2023-11-15T00:00:00.000Z,21.1,645.6,59.55,45.75,82.25,41.136,656
2023-11-16T00:00:00.000Z,19,757.8,61,53,73.9,84.309,658
2023-11-17T00:00:00.000Z,21.3,124.5,38.1,31,47.1,12.268,667
2023-11-18T00:00:00.000Z,20.2,116.7,34.4,28.8,42,11.743,667
2023-11-19T00:00:00.000Z,21.9,247.2,52.6,41.6,61.8,20.434,682
2023-11-20T00:00:00.000Z,23.3,207.3,60.6,29.9,70.2,21.451,661
2023-11-21T00:00:00.000Z,31.7,371.2,55.2,48.8,59.5,21.701,660
2023-11-22T00:00:00.000Z,28.7,106.7,52.3,43.8,65.1,14.493,677
2023-11-23T00:00:00.000Z,14.4,693.9,58.3,49,68.7,46.189,659
2023-11-24T00:00:00.000Z,46.1,279.7,68.4,60.3,79,27.62,683
2023-11-25T00:00:00.000Z,62.2,89.3,70.4,65.95,76.9,6.874,53