date,min,max,median,q1,q3,stdev,count
2022-11-13T00:00:00.000Z,29.33,113.9,48,38.92,56.59,14.545,220
2022-11-14T00:00:00.000Z,32.17,187.57,57.64,50.35,82.82,24.262,522
2022-11-15T00:00:00.000Z,24.58,151.05,49.8,34.5,64.34,20.302,518
2022-11-16T00:00:00.000Z,12,90.4,35.17,30.2,51.05,16.995,502
2022-11-17T00:00:00.000Z,10.05,62.6,32.2,23.75,42.32,12.299,509
2022-11-18T00:00:00.000Z,18.6,57.78,34.22,29.6,40.09,6.991,509
2022-11-19T00:00:00.000Z,17.95,1999.9,38.38,32.11,47.39,128.019,508
2022-11-20T00:00:00.000Z,25.38,157.57,56.93,39.7,90.59,31.76,508
2022-11-21T00:00:00.000Z,33.97,204.88,76.25,51.27,103.82,30.908,504
2022-11-22T00:00:00.000Z,37.95,199.95,75.53,55.08,106.96,34.874,496
2022-11-23T00:00:00.000Z,27.48,110.13,47.35,39.5,63.22,21.216,511
2022-11-24T00:00:00.000Z,15.07,111.38,29.5,25.33,36.08,11.041,515
2022-11-25T00:00:00.000Z,19.25,110.6,43.07,36.65,62.53,19.439,492
2022-11-26T00:00:00.000Z,21.9,122.7,82.94,60.38,94.07,23.451,498
2022-11-27T00:00:00.000Z,12.2,94.3,22.27,17.95,37.92,14.859,519
2022-11-28T00:00:00.000Z,21.63,51.58,32.94,29.37,37.1,5.516,492
2022-11-29T00:00:00.000Z,19,1999.9,30.08,26.6,35.4,121.411,405
2022-11-30T00:00:00.000Z,5.47,53.25,15.95,10.27,22.48,8.969,503
2022-12-01T00:00:00.000Z,3.85,41.4,11.31,9.27,14.09,4.518,464
2022-12-02T00:00:00.000Z,9.75,61.85,24.35,16.63,31.88,9.934,554
2022-12-03T00:00:00.000Z,16.13,103.3,60.92,41.58,71.65,20.47,547
2022-12-04T00:00:00.000Z,6.03,47.47,19.25,16.11,22.79,6.534,492
2022-12-05T00:00:00.000Z,8.25,834.8,33.92,16.55,48.28,49.877,480
2022-12-06T00:00:00.000Z,22.75,163.52,74,42.3,99.32,34.646,511
2022-12-07T00:00:00.000Z,60.13,125.47,78.28,71.95,85.41,10.462,505
2022-12-08T00:00:00.000Z,38.88,145.22,58.95,53.23,69.89,14.712,533
2022-12-09T00:00:00.000Z,42.35,103.63,75.93,59.31,86.05,14.993,489
2022-12-10T00:00:00.000Z,53.08,121.53,79.01,62.53,86.03,15.622,498
2022-12-11T00:00:00.000Z,41.45,139.88,69.01,54.4,94.28,23.639,526
2022-12-12T00:00:00.000Z,40.97,272.14,108.09,54.58,153.69,54.872,482
2022-12-13T00:00:00.000Z,35.29,183.7,84.58,59.86,105.41,29.073,500
2022-12-14T00:00:00.000Z,35.88,218.7,90.57,50.45,127.18,42.166,475
2022-12-15T00:00:00.000Z,50.22,256.25,100.95,84.86,132.94,41.53,513
2022-12-16T00:00:00.000Z,44.55,275.27,99.45,65.62,171.34,60.544,468
2022-12-17T00:00:00.000Z,19.55,104.85,38.7,30.97,53.78,14.2,492
2022-12-18T00:00:00.000Z,22.33,199.7,70.03,33.58,108.1,44.434,493
2022-12-19T00:00:00.000Z,45.4,409.8,73.43,58.83,111.65,54.839,499
2022-12-20T00:00:00.000Z,51.05,281.48,98.84,81.67,143.44,42.355,504
2022-12-21T00:00:00.000Z,50.03,258.8,85.47,68.31,138.37,45.363,469
2022-12-22T00:00:00.000Z,40.17,220.25,78.28,61.65,121.19,39.927,505
2022-12-23T00:00:00.000Z,25.92,201.73,49.57,38,62.67,42.76,362
2022-12-24T00:00:00.000Z,38.54,474.4,66.06,54.38,89.75,73.33,460
2022-12-25T00:00:00.000Z,29.25,231.32,55.33,43.51,84.62,44.518,465
2022-12-26T00:00:00.000Z,52.5,364.27,126.1,108.7,185.5,67.547,375
2022-12-27T00:00:00.000Z,24.08,115.03,52.56,42.19,63.27,15.125,440
2022-12-28T00:00:00.000Z,9.43,125.55,26.39,14.6,62.68,34.243,468
2022-12-29T00:00:00.000Z,23.67,58.9,36.65,34.17,40.17,5.526,497
2022-12-30T00:00:00.000Z,28.42,119.03,49.25,36.75,69.84,21.994,415
2022-12-31T00:00:00.000Z,44.35,123.82,72.78,55.83,98.35,22.72,451
2023-01-01T00:00:00.000Z,40.17,162.13,86.35,63.92,126.25,33.124,479
2023-01-02T00:00:00.000Z,48.28,139.55,73.31,64.73,90.35,21.906,509
2023-01-03T00:00:00.000Z,36.75,193.7,85.7,51.7,107.99,42.11,413
2023-01-04T00:00:00.000Z,55.63,180.15,108.75,91.9,119.72,24.044,466
2023-01-05T00:00:00.000Z,45,169.32,75,60.88,84.88,17.686,493
2023-01-06T00:00:00.000Z,36.22,77.13,53.85,47.58,62.4,9.577,479
2023-01-07T00:00:00.000Z,32.78,206.6,79.75,63.47,142.44,45.476,491
2023-01-08T00:00:00.000Z,66.4,183.93,93.9,86.89,105.78,19.319,533
2023-01-09T00:00:00.000Z,96.25,293.8,161.97,130.4,196.25,40.456,491
2023-01-10T00:00:00.000Z,58.78,270.58,99.44,90.32,114.03,49.672,510
2023-01-11T00:00:00.000Z,30.25,205.88,77.55,65.59,92.86,32.652,469
2023-01-12T00:00:00.000Z,51.47,125.1,78.72,70.65,88.25,13.305,515
2023-01-13T00:00:00.000Z,37.42,132.38,78.76,62.83,94.82,21.667,446
2023-01-14T00:00:00.000Z,35.88,191.6,96.28,77.45,114.25,31.215,505
2023-01-15T00:00:00.000Z,12.5,164.73,33.7,19.77,47.51,31.96,441
2023-01-16T00:00:00.000Z,16.75,86.97,38.28,29.44,49.3,14.799,481
2023-01-17T00:00:00.000Z,32.83,83.57,52.7,47.35,58.58,8.811,495
2023-01-18T00:00:00.000Z,31.5,986.53,81.52,46.58,110.63,70.894,402
2023-01-19T00:00:00.000Z,48.78,188.95,76.41,62.82,130.82,37.927,540
2023-01-20T00:00:00.000Z,59.72,320.48,154.69,105.22,199.31,51.582,505
2023-01-21T00:00:00.000Z,73.53,312.02,137.04,104.85,167.82,47.816,482
2023-01-22T00:00:00.000Z,96.25,246.9,172.8,149.44,191.05,27.388,547
2023-01-23T00:00:00.000Z,14.52,204.27,64.63,50.15,77.2,44.929,431
2023-01-24T00:00:00.000Z,21.7,83.6,36.04,28.67,58.58,16.542,513
2023-01-25T00:00:00.000Z,50.38,98.07,72.22,65.58,80.5,10.13,465
2023-01-26T00:00:00.000Z,38.1,170.3,96.5,79.81,110.28,27.022,507
2023-01-27T00:00:00.000Z,30.08,103.6,64.97,57.71,73.81,14.056,405
2023-01-28T00:00:00.000Z,30.2,104.13,61.1,39.17,79.92,20.535,492
2023-01-29T00:00:00.000Z,36.42,209.73,81.2,50.15,127.3,43.882,491
2023-01-30T00:00:00.000Z,53.28,155.22,100.18,75.95,118.38,26.651,494
2023-01-31T00:00:00.000Z,29.88,174.98,73.81,62.37,91.32,31.491,461
2023-02-01T00:00:00.000Z,42.53,147.88,66.68,57.03,97.07,26.969,475
2023-02-02T00:00:00.000Z,61.6,287.88,112.46,101.8,189.63,57.894,490
2023-02-03T00:00:00.000Z,22.27,125.05,59.21,48.13,73.47,19.421,374
2023-02-04T00:00:00.000Z,22.95,116.9,64.15,38.83,86.35,24.918,542
2023-02-05T00:00:00.000Z,9.43,86,44.45,29.7,58.5,17.446,451
2023-02-06T00:00:00.000Z,32.2,117.38,61.83,50.15,86.1,22.905,427
2023-02-07T00:00:00.000Z,19.45,119.18,60.05,35.4,91.82,28.718,439
2023-02-08T00:00:00.000Z,23.77,103.4,43.3,35.45,62.42,21.299,387
2023-02-09T00:00:00.000Z,32.2,139.68,61.13,48.71,83.49,24.711,440
2023-02-10T00:00:00.000Z,34,95.82,64.14,55.33,70.43,11.099,462
2023-02-11T00:00:00.000Z,37.1,117.13,68.65,59.1,80.63,15.387,414
2023-02-12T00:00:00.000Z,36.79,134.9,69.15,56.78,82.43,17.152,478
2023-02-13T00:00:00.000Z,24.65,89.15,59.79,45.85,70.8,15.808,370
2023-02-14T00:00:00.000Z,23.23,121.65,35.54,31.08,43.33,19.865,420
2023-02-15T00:00:00.000Z,27.38,89.78,45.45,37.35,58.53,13.861,354
2023-02-16T00:00:00.000Z,52.85,163.05,77.95,66.9,103.07,21.134,403
2023-02-17T00:00:00.000Z,51.42,205.7,132.33,87.7,144.8,33.089,390
2023-02-18T00:00:00.000Z,46.38,200.5,84.7,74.5,104.24,39.69,497
2023-02-19T00:00:00.000Z,30.13,201.35,105.45,48.63,136.85,50.343,427
2023-02-20T00:00:00.000Z,36.75,131.19,70.68,52,88.45,21.162,506
2023-02-21T00:00:00.000Z,37.85,134.25,84.7,54.53,99.95,23.961,487
2023-02-22T00:00:00.000Z,35.97,88.95,55.44,50.4,64.06,9.915,382
2023-02-23T00:00:00.000Z,34.75,82.88,50.71,45.54,57.66,10.263,372
2023-02-24T00:00:00.000Z,12.13,138.25,39.57,28.25,62.38,32.519,496
2023-02-25T00:00:00.000Z,14.55,133.8,36.29,20.39,50.56,27.271,408
2023-02-26T00:00:00.000Z,32.67,177.95,55.13,45.63,76.81,33.802,479
2023-02-27T00:00:00.000Z,54.2,224.77,86.45,78.06,97.11,20.992,489
2023-02-28T00:00:00.000Z,54.42,159.82,79.8,72.31,110.38,23.788,419
2023-03-01T00:00:00.000Z,37.45,277.45,151.47,107.68,201.13,58.926,526
2023-03-02T00:00:00.000Z,71.28,251.77,109.15,100.38,134.69,47.76,527
2023-03-03T00:00:00.000Z,31.45,232.98,95.45,85.68,112.63,43.984,387
2023-03-04T00:00:00.000Z,24.42,130.69,65.18,51.44,104.74,29.116,513
2023-03-05T00:00:00.000Z,75.72,166.5,118.93,103.1,134.82,19.283,529
2023-03-06T00:00:00.000Z,32.45,144.35,73.4,47.7,103.25,29.122,498
2023-03-07T00:00:00.000Z,28.6,128.47,64.27,57.67,70.06,10.048,498
2023-03-08T00:00:00.000Z,33.35,202.2,79.48,69.34,114.35,34.908,522
2023-03-09T00:00:00.000Z,46.5,271.33,127.1,81.78,178.9,57.625,455
2023-03-10T00:00:00.000Z,36.29,204.5,107.2,87.82,132.34,35.465,537
2023-03-11T00:00:00.000Z,39.65,168.9,80.13,66.67,91.29,18.16,533
2023-03-12T00:00:00.000Z,11.55,156.35,70.97,21.63,89.38,37.823,519
2023-03-13T00:00:00.000Z,35.28,165.25,62.05,52.17,77.78,21.025,514
2023-03-14T00:00:00.000Z,42.9,185.88,92,64.91,115.12,30.232,397
2023-03-15T00:00:00.000Z,42.58,145.52,84.42,59.83,109.97,26.391,534
2023-03-16T00:00:00.000Z,20.77,77.9,51.87,42.85,58.28,11.293,526
2023-03-17T00:00:00.000Z,34.97,82.95,59.16,53.34,64.48,9.462,528
2023-03-18T00:00:00.000Z,33.38,89.55,58.08,47.33,69.28,13.453,415
2023-03-19T00:00:00.000Z,23.02,73.3,41.8,32.28,52.38,12.361,503
2023-03-20T00:00:00.000Z,45.45,103.32,72.09,65.8,78.8,10.169,503
2023-03-21T00:00:00.000Z,49.38,299.95,109.12,90.39,148.38,39.717,528
2023-03-22T00:00:00.000Z,59,217.2,91.62,82.39,103.59,27.886,516
2023-03-23T00:00:00.000Z,63.8,124.38,93.85,82.55,104.05,13.28,512
2023-03-24T00:00:00.000Z,48.15,435.42,81.7,67.59,96.1,25.99,487
2023-03-25T00:00:00.000Z,11.27,118.32,63.7,18.7,84.2,31.68,490
2023-03-26T00:00:00.000Z,8.63,69.05,28.42,16.98,39.33,15.038,387
2023-03-27T00:00:00.000Z,6.35,120.32,22.98,11.82,34.42,22.416,451
2023-03-28T00:00:00.000Z,18.25,62.83,31.66,27.85,37.54,8.229,502
2023-03-29T00:00:00.000Z,13.23,81.7,38.29,27.3,46.83,13.835,419
2023-03-30T00:00:00.000Z,18.5,152.52,72.48,35.2,124.72,43.719,498
2023-03-31T00:00:00.000Z,55.17,261.1,109.53,90.36,134.06,32.859,485
2023-04-01T00:00:00.000Z,57.65,439.98,110.3,79.61,133.5,77.825,300
2023-04-02T00:00:00.000Z,40.25,182.88,84.25,67.59,112.68,29.789,415
2023-04-03T00:00:00.000Z,41.53,137.77,64.44,56.3,81.72,15.774,518
2023-04-04T00:00:00.000Z,65.81,132.15,89.3,82.32,98.66,11.62,565
2023-04-05T00:00:00.000Z,49.13,117.38,87.93,71.63,100.15,17.217,559
2023-04-06T00:00:00.000Z,16.57,142.97,76.9,53.97,97.79,32.825,573
2023-04-07T00:00:00.000Z,18.1,133.35,55.79,40.94,82.27,26.113,552
2023-04-08T00:00:00.000Z,31.42,114.93,48.78,42.66,65.38,18.058,572
2023-04-09T00:00:00.000Z,46.47,157.05,95.88,76.54,112.1,23.281,573
2023-04-10T00:00:00.000Z,61.9,244.23,110.5,91.4,166.27,51.152,475
2023-04-11T00:00:00.000Z,34.17,271.73,91.39,74.83,106.99,52.067,568
2023-04-12T00:00:00.000Z,40.15,181.13,105.57,89.57,128.15,32.168,563
2023-04-13T00:00:00.000Z,35.13,132.35,68.31,60.72,76.34,12.727,571
2023-04-14T00:00:00.000Z,53.83,178.88,86.59,76.08,117.64,27.946,572
2023-04-15T00:00:00.000Z,17.07,163.69,93.6,70.7,109.55,32.453,575
2023-04-16T00:00:00.000Z,40.47,132.97,81.39,68.97,89.92,15.34,576
2023-04-17T00:00:00.000Z,56.22,134.82,87.35,74.59,106.7,18.161,571
2023-04-18T00:00:00.000Z,35.22,117.8,83.72,72.59,92.85,17.716,564
2023-04-19T00:00:00.000Z,53.38,163.52,87.7,79.14,114.96,27.036,493
2023-04-20T00:00:00.000Z,59.88,129.6,92.82,76.72,105.23,16.395,576
2023-04-21T00:00:00.000Z,73.38,224.45,104.94,96.48,115.99,15.63,516
2023-04-22T00:00:00.000Z,55.65,118.7,77.59,71.2,84.32,10.674,511
2023-04-23T00:00:00.000Z,45.45,115.55,61.27,57.65,66.23,12.546,368
2023-04-24T00:00:00.000Z,25.27,93.63,43.42,38.5,48.99,8.153,573
2023-04-25T00:00:00.000Z,7.8,66.59,27.49,18.13,38.65,12.755,578
2023-04-26T00:00:00.000Z,9.1,113.75,42.49,20.63,70.55,27.048,568
2023-04-27T00:00:00.000Z,20.23,77.81,49.28,31.25,59.17,15.146,579
2023-04-28T00:00:00.000Z,29.98,78.34,43.2,38.78,52.15,10.763,399
2023-04-29T00:00:00.000Z,6.88,55.92,17.3,13.14,23.34,8.154,565
2023-04-30T00:00:00.000Z,15.85,78.59,31.15,24.3,37.25,11.487,414
2023-05-01T00:00:00.000Z,26.65,91.63,47.15,39.72,57.55,12.201,555
2023-05-02T00:00:00.000Z,17.38,82.8,41.33,28.55,56.2,15.653,562
2023-05-03T00:00:00.000Z,21.85,62.25,31.23,28.8,36.25,8.734,394
2023-05-04T00:00:00.000Z,37.15,76.81,51.37,47.6,55.2,6.025,574
2023-05-05T00:00:00.000Z,37.5,77.95,56.3,50.56,62.8,8.569,397
2023-05-06T00:00:00.000Z,31.83,87.55,52.73,46.53,61.03,11.701,564
2023-05-07T00:00:00.000Z,6.55,102.9,56.58,50.63,64.41,21.518,448
2023-05-15T00:00:00.000Z,14.93,93.95,36.63,25.98,45.45,17.337,567
2023-05-16T00:00:00.000Z,21.6,87.13,47.8,39.54,56.83,15.142,459
2023-05-17T00:00:00.000Z,19.48,125.82,53.88,28.92,67.7,24.966,554
2023-05-18T00:00:00.000Z,22.5,94.4,52.84,44.84,60.55,14.174,572
2023-05-19T00:00:00.000Z,41.9,91.57,59.37,54.88,64.28,8.162,558
2023-05-20T00:00:00.000Z,24.92,68.88,49.9,30.14,55.45,13.45,385
2023-05-21T00:00:00.000Z,26.67,95.57,54.72,49.83,60.92,12.554,558
2023-05-22T00:00:00.000Z,39.1,111.55,59.11,52.63,66.25,9.762,530
2023-05-23T00:00:00.000Z,24.15,104.15,50.74,45.5,60.67,11.381,558
2023-05-24T00:00:00.000Z,10.8,100.7,58.97,33.79,69.63,22.872,567
2023-05-25T00:00:00.000Z,6.82,89.63,21.02,14.14,27.84,12.114,525
2023-05-26T00:00:00.000Z,13.35,89.47,23.05,19.67,36.08,14.951,423
2023-05-27T00:00:00.000Z,10.95,73.15,23.54,19.8,26.7,9.004,456
2023-05-28T00:00:00.000Z,9.69,42.95,19.67,15.05,22.98,5.334,482
2023-05-29T00:00:00.000Z,20.55,73.38,33.9,30.59,39.33,8.223,489
2023-05-30T00:00:00.000Z,13.88,80.28,37.88,23.02,50.88,15.583,563
2023-05-31T00:00:00.000Z,22.1,95.4,43.47,34,60.49,15.377,353
2023-06-01T00:00:00.000Z,18.8,86.47,37.33,30.89,45.02,10.13,561
2023-06-02T00:00:00.000Z,5.85,103.75,27.73,12.94,38.17,21.96,565
2023-06-03T00:00:00.000Z,15.27,124.15,30.17,25.45,38.31,15.44,452
2023-06-04T00:00:00.000Z,14.02,81.05,32.65,25.9,40.1,12.129,567
2023-06-05T00:00:00.000Z,17.13,89.5,32.6,26.8,42.57,14.497,557
2023-06-06T00:00:00.000Z,11.52,94.6,44.4,30.15,58.47,19.077,359
2023-06-07T00:00:00.000Z,13.45,178.3,48.17,19.1,57.95,29.058,567
2023-06-08T00:00:00.000Z,9.6,118.1,52.65,24.58,61.47,23.295,423
2023-06-09T00:00:00.000Z,9.94,70.4,21.95,18.73,29.6,13.756,555
2023-06-10T00:00:00.000Z,17.5,97.85,44.42,26.47,58.92,18.683,573
2023-06-11T00:00:00.000Z,23.15,145.82,43.78,36.2,63.8,21.443,575
2023-06-12T00:00:00.000Z,20.3,124.97,48.11,32.65,67.38,22.048,500
2023-06-13T00:00:00.000Z,8.44,102.65,28.98,20,36.35,15.742,565
2023-06-14T00:00:00.000Z,6.5,55.58,20.88,14.23,26.1,9.378,562
2023-06-15T00:00:00.000Z,8.3,80.9,23.58,17.52,32.72,12.204,574
2023-06-16T00:00:00.000Z,13.23,82.9,20.63,17.72,25.55,10.437,568
2023-06-17T00:00:00.000Z,7,50.4,20.55,16.48,24.15,5.914,567
2023-06-18T00:00:00.000Z,7.6,70.72,17.45,14.1,30.3,11.526,571
2023-06-19T00:00:00.000Z,11.27,73.43,32.17,24.84,40.04,11.55,369
2023-06-20T00:00:00.000Z,5.09,49.72,15.23,11.7,21.85,9.864,562
2023-06-21T00:00:00.000Z,4.47,103.5,34.13,17.02,44.53,17.782,566
2023-06-22T00:00:00.000Z,4.9,104.63,27.12,14.9,43.62,21.608,568
2023-06-23T00:00:00.000Z,5.05,40.79,14.45,10.44,21.57,8.118,564
2023-06-24T00:00:00.000Z,6.25,102.97,20.5,12.13,29.42,17.163,567
2023-06-25T00:00:00.000Z,5.32,83.38,16.22,9.1,37.81,18.278,580
2023-06-26T00:00:00.000Z,6.68,167.65,18.8,14.23,37.33,20.496,499
2023-06-27T00:00:00.000Z,6.47,61.67,18.52,13.93,27.13,10.77,570
2023-06-28T00:00:00.000Z,8.48,26.25,15.54,13.5,17.97,3.329,572
2023-06-29T00:00:00.000Z,9.1,35.92,21.1,17.51,24.37,4.475,573
2023-06-30T00:00:00.000Z,12.07,52.1,21.4,17.48,27.15,6.52,575
2023-07-01T00:00:00.000Z,11.95,73.81,25.42,21.63,33.9,11.037,370
2023-07-02T00:00:00.000Z,10.13,33.2,18.85,16.2,21.63,3.999,574
2023-07-03T00:00:00.000Z,5.57,83.38,22.14,13.7,30.45,15.883,550
2023-07-04T00:00:00.000Z,6.43,37.29,15.85,12.9,20.13,6.173,404
2023-07-05T00:00:00.000Z,6.82,52.45,19.34,15.68,23.41,6.132,540
2023-07-06T00:00:00.000Z,5.4,38.35,10.13,7.63,18.05,8.198,274
2023-07-07T00:00:00.000Z,6,49.9,19.22,13.44,22.08,5.972,512
2023-07-08T00:00:00.000Z,5.35,45.53,18.34,9.5,22.99,8.231,332
2023-07-09T00:00:00.000Z,7.03,42.33,13.27,10.87,18.09,6.523,369
2023-07-10T00:00:00.000Z,5.95,32.22,18.82,16.67,21.77,4.217,343
2023-07-11T00:00:00.000Z,8.69,38.72,20.23,14.82,23.58,5.932,522
2023-07-12T00:00:00.000Z,4.13,40.7,11.15,7.55,23.28,9.298,545
2023-07-13T00:00:00.000Z,7.53,53.4,18.8,14.01,29.08,10.166,540
2023-07-14T00:00:00.000Z,6.03,85.9,16.45,12.57,22.4,15.078,526
2023-07-15T00:00:00.000Z,15.15,74.38,29.1,23.17,35.89,8.339,569
2023-07-16T00:00:00.000Z,17.3,74.53,30.77,24.17,43.78,11.722,578
2023-07-17T00:00:00.000Z,8.65,101.9,27.9,19.48,44.95,23.015,383
2023-07-18T00:00:00.000Z,9.68,30.23,18.17,15.75,20.98,3.873,574
2023-07-19T00:00:00.000Z,17.63,89.18,38.22,31.08,48.55,14.631,459
2023-07-20T00:00:00.000Z,19.42,108.32,44.83,33.09,58.63,20.141,565
2023-07-21T00:00:00.000Z,7.55,97.65,34.97,23.52,44.05,16.402,575
2023-07-22T00:00:00.000Z,3.5,33.78,15.93,9.19,18.77,5.731,573
2023-07-23T00:00:00.000Z,7.18,40.54,13.2,10.68,17.48,4.801,577
2023-07-24T00:00:00.000Z,6.38,56.92,15.06,12.39,18.16,4.573,576
2023-07-25T00:00:00.000Z,5.65,33.13,12.66,9.5,18.6,5.837,578
2023-07-26T00:00:00.000Z,9.69,51.63,17.57,14.75,23.38,8.52,571
2023-07-27T00:00:00.000Z,13.55,49.15,25.6,21.27,29.65,6.31,570
2023-07-28T00:00:00.000Z,14.88,110.03,28.13,20.82,37.04,15.764,572
2023-07-29T00:00:00.000Z,14.63,76.97,35.04,30.52,40.25,8.526,571
2023-07-30T00:00:00.000Z,9.94,133.69,26.85,19.63,38.92,13.763,579
2023-07-31T00:00:00.000Z,5.78,102.72,19.3,12.23,31.72,17.415,577
2023-08-01T00:00:00.000Z,6.72,137.93,34.38,16.73,57.35,26.412,578
2023-08-02T00:00:00.000Z,19.77,84.53,38.94,32.04,50.3,13.237,570
2023-08-03T00:00:00.000Z,10.85,62.38,25.72,20.12,37.77,11.701,560
2023-08-04T00:00:00.000Z,9.68,75.25,21.5,15.6,31.13,13.4,578
2023-08-05T00:00:00.000Z,4,65.4,11.52,8.68,26.65,14.234,568
2023-08-06T00:00:00.000Z,3.72,53.45,23.44,11.98,34.75,13.027,574
2023-08-07T00:00:00.000Z,4.47,45.22,13.92,8.44,20.97,8.731,576
2023-08-08T00:00:00.000Z,5.05,63.15,18.45,10.43,27.67,13.999,577
2023-08-09T00:00:00.000Z,10.57,92.15,20.74,16.5,32.5,11.797,570
2023-08-10T00:00:00.000Z,12.05,124.15,58.08,33.28,74.34,26.263,555
2023-08-11T00:00:00.000Z,9.4,154.52,51.7,35.17,76.31,30.313,566
2023-08-12T00:00:00.000Z,5.7,94.4,42.3,17.8,55.95,23.115,571
2023-08-13T00:00:00.000Z,10.85,77.22,31.75,26.5,40.39,12.619,577
2023-08-14T00:00:00.000Z,9.44,44.72,16.98,14.1,21.2,5.552,580
2023-08-15T00:00:00.000Z,25.83,93.7,45.13,38.29,57.83,13.817,575
2023-08-16T00:00:00.000Z,11.9,96.28,38.08,27.2,49.67,17.297,575
2023-08-17T00:00:00.000Z,19.67,86.8,39.07,30.85,45.5,10.32,574
2023-08-18T00:00:00.000Z,6.82,76.55,30.75,22.42,38.63,12.701,579
2023-08-19T00:00:00.000Z,20.52,385.45,59.95,42.95,75.7,25.741,567
2023-08-20T00:00:00.000Z,6.45,99.88,23.17,13.57,38.31,16.712,565
2023-08-21T00:00:00.000Z,13.1,65.9,24.7,19.89,33.63,10.939,555
2023-08-22T00:00:00.000Z,15.05,78.28,35.9,28.15,42.6,11.257,575
2023-08-23T00:00:00.000Z,8.23,74.72,26.89,18.14,36.22,14.04,580
2023-08-24T00:00:00.000Z,10.43,49.75,23.4,18.2,28.63,7.014,571
2023-08-25T00:00:00.000Z,10.05,63.78,23.2,17.23,34.1,11.558,571
2023-08-26T00:00:00.000Z,6.43,69.65,30.77,17.38,38.35,12.217,577
2023-08-27T00:00:00.000Z,5.63,89.35,25.95,14.51,38.53,14.401,561
2023-08-28T00:00:00.000Z,6.85,53.47,16.23,11.63,25.59,9.581,573
2023-08-29T00:00:00.000Z,6.47,82.7,16.1,12.38,20.51,6.296,573
2023-08-30T00:00:00.000Z,8.65,62.85,15.75,11.63,28.95,9.892,447
2023-08-31T00:00:00.000Z,8.77,93.32,51.53,15.98,62.7,23.479,570
2023-09-01T00:00:00.000Z,15.75,111.05,41.3,25.5,61.06,21.495,569
2023-09-02T00:00:00.000Z,11.07,74.65,34.38,19.63,52.08,18.675,568
2023-09-03T00:00:00.000Z,7.55,78.59,25.55,19,30.83,9.014,571
2023-09-04T00:00:00.000Z,6.68,36.72,19.98,13.35,23.62,6.796,568
2023-09-05T00:00:00.000Z,9.18,153.68,23.73,18.26,57.82,32.938,569
2023-09-06T00:00:00.000Z,16.14,94.07,28.45,21.7,50.31,20.716,572
2023-09-07T00:00:00.000Z,14.52,98.07,40.33,27.95,65.4,22.002,583
2023-09-08T00:00:00.000Z,10.85,74.53,22.67,19.57,32.17,10.263,575
2023-09-09T00:00:00.000Z,16.67,119.75,43.55,29.75,61.94,21.34,569
2023-09-10T00:00:00.000Z,7.95,113.38,43.97,25.38,64.15,24.808,567
2023-09-18T00:00:00.000Z,7.5,106.07,29.59,17.64,49.72,21.629,562
2023-09-19T00:00:00.000Z,9.55,66.55,17.07,14.13,20.8,9.446,538
2023-09-20T00:00:00.000Z,7.68,64.34,17.18,13.77,22.35,10.004,538
2023-09-21T00:00:00.000Z,10.1,50.22,18.73,14.38,24.48,6.603,570
2023-09-22T00:00:00.000Z,7.93,63.25,19.37,14.29,23.63,8.672,564
2023-09-23T00:00:00.000Z,10.52,80.2,17.26,14.75,21.22,8.26,580
2023-09-24T00:00:00.000Z,15.5,77,34.17,26.84,47.18,14.184,565
2023-09-25T00:00:00.000Z,12.4,79.8,35.58,20.92,46.53,16.209,578
2023-09-26T00:00:00.000Z,14.93,53.83,28.25,23.5,33.25,6.947,555
2023-09-27T00:00:00.000Z,5.8,98,19.38,14.2,25.55,12.314,559
2023-09-28T00:00:00.000Z,6.57,76.95,32.2,20.35,53.4,18.813,574
2023-09-29T00:00:00.000Z,24.05,145.69,47.17,35.45,58.5,16.531,579
2023-09-30T00:00:00.000Z,26.63,119.38,54.58,46.97,66.75,17.933,566
2023-10-01T00:00:00.000Z,14.85,127.22,28.42,21.8,36.69,19.764,532
2023-10-02T00:00:00.000Z,21.27,85.15,32.78,29.94,39.38,11.668,537
2023-10-03T00:00:00.000Z,21.05,87.35,37.42,31.24,48.9,12.342,560
2023-10-04T00:00:00.000Z,20.39,132.57,41.45,35.58,47.43,20.601,560
2023-10-05T00:00:00.000Z,10.93,68.75,38.08,25.52,47.7,13.472,563
2023-10-06T00:00:00.000Z,12.7,90.53,38.56,24.59,45.86,15.29,556
2023-10-07T00:00:00.000Z,7.38,83.82,17.02,12.68,30.63,11.824,562
2023-10-08T00:00:00.000Z,6.38,57.83,16.2,11.07,23.7,10.547,555
2023-10-09T00:00:00.000Z,9.48,75.28,17.73,13.3,33.35,15.578,543
2023-10-10T00:00:00.000Z,9.9,63.1,16.27,13.77,20.73,9.494,531
2023-10-11T00:00:00.000Z,9.44,51.53,20.85,16.7,27.08,8.185,551
2023-10-12T00:00:00.000Z,14,77.55,31.64,25.27,45.97,14.314,554
2023-10-13T00:00:00.000Z,24.13,116.43,47.09,32.79,64.28,21.026,548
2023-10-14T00:00:00.000Z,12.7,92.13,29.8,20.23,51.2,18.517,561
2023-10-15T00:00:00.000Z,8.77,81.7,29.53,16.85,48.4,17.656,562
2023-10-16T00:00:00.000Z,17.1,183.15,59.22,27.13,81.95,37.751,551
2023-10-17T00:00:00.000Z,22.7,135.82,74.97,40.4,93.47,30.005,558
2023-10-18T00:00:00.000Z,16.64,180.68,94.13,33.64,129.1,46.852,557
2023-10-19T00:00:00.000Z,8.52,124.97,28.73,23.42,38.92,24.848,547
2023-10-20T00:00:00.000Z,7.7,58.15,21.25,12.6,33.33,12.833,575
2023-10-21T00:00:00.000Z,10.82,60.35,20.88,15.63,30.65,10.269,570
2023-10-22T00:00:00.000Z,14.07,77.38,36.34,19.86,52.13,16.89,568
2023-10-23T00:00:00.000Z,17.48,150.07,49.24,30.9,70.7,31.518,570
2023-10-24T00:00:00.000Z,23.5,151.44,87.04,38.69,103.68,34.305,564
2023-10-25T00:00:00.000Z,24.45,132.72,51.24,44.63,63.38,23.541,570
2023-10-26T00:00:00.000Z,17.95,158.52,54.04,34.22,70.2,34.245,566
2023-10-27T00:00:00.000Z,16.3,175.57,46.8,35.27,62.58,31.729,573
2023-10-28T00:00:00.000Z,22.92,90.45,40.1,33.17,51.2,14.364,575
2023-10-29T00:00:00.000Z,6.43,52.78,26.58,20.6,33.04,9.265,562
2023-10-30T00:00:00.000Z,9.3,108.32,28.13,17.55,58.92,23.983,578
2023-10-31T00:00:00.000Z,16.5,133.68,44.8,23.98,61.54,26.168,576
2023-11-01T00:00:00.000Z,32.5,187.95,66.06,42.72,84.42,27.498,540
2023-11-02T00:00:00.000Z,46.03,152.57,79.06,60.93,88.85,19.71,541
2023-11-03T00:00:00.000Z,23.48,134.27,39.78,35,46.53,19.001,574
2023-11-04T00:00:00.000Z,10.55,67.2,28.95,22.71,36.82,9.546,580
2023-11-05T00:00:00.000Z,15.57,79.03,35.13,24.52,44.72,12.434,571
2023-11-06T00:00:00.000Z,11.63,57.67,23.13,17.34,29.5,8.969,573
2023-11-07T00:00:00.000Z,17.88,162.25,41.73,25.95,55.4,22.875,564
2023-11-08T00:00:00.000Z,29.75,154.13,58.81,48.66,72,17.435,568
2023-11-09T00:00:00.000Z,22.5,93.5,43.44,33.58,52.38,13.416,536
2023-11-10T00:00:00.000Z,15.98,72.38,34.1,28.99,41.39,10.878,560
2023-11-11T00:00:00.000Z,12.23,86.38,33.42,23.92,40.45,12.296,574
2023-11-12T00:00:00.000Z,7.03,83.6,23.85,12.82,31.9,13.461,349
2023-11-13T00:00:00.000Z,4.7,27.98,11.63,8.52,14.55,5.135,567
2023-11-14T00:00:00.000Z,7.88,42.65,21.7,13.47,26.5,7.267,569
2023-11-15T00:00:00.000Z,5.88,156.75,50.12,34.7,84.18,38.258,570
2023-11-16T00:00:00.000Z,7.13,36.13,13.6,11.54,17.69,6.56,573
2023-11-17T00:00:00.000Z,10.75,144.4,43.7,21.99,85.73,39.139,561
2023-11-18T00:00:00.000Z,14.35,115.22,69.83,31.4,90.43,30.019,558
2023-11-19T00:00:00.000Z,19.52,164.68,68.23,34.78,108.15,40.435,570
2023-11-20T00:00:00.000Z,28.73,296.42,88.68,54.42,109.68,47.969,563
2023-11-21T00:00:00.000Z,33.53,205.23,71.43,53.4,110.9,40.342,563
2023-11-22T00:00:00.000Z,67.97,221.07,115.11,104.38,129.02,24.219,574
2023-11-23T00:00:00.000Z,28.95,192,62.55,51.34,89.79,34.772,577
2023-11-24T00:00:00.000Z,58.83,141.98,90.73,77.63,107.64,20.38,572
2023-11-25T00:00:00.000Z,96.47,139.05,119.6,112.57,124.75,9.82,45