date,min,max,median,q1,q3,stdev,count
2022-11-13T00:00:00.000Z,16.52,67.63,28.59,20.23,34.84,10.198,220
2022-11-14T00:00:00.000Z,19.1,108.65,34.84,30.7,50.33,15.403,522
2022-11-15T00:00:00.000Z,13.9,86.2,29.39,19.1,37.35,11.902,518
2022-11-16T00:00:00.000Z,6.25,52.5,17.36,14.5,27.9,11.42,502
2022-11-17T00:00:00.000Z,4.15,35.17,17.6,11.88,22.98,7.326,509
2022-11-18T00:00:00.000Z,9.98,29.08,17.52,15.38,19.63,3.233,509
2022-11-19T00:00:00.000Z,10.93,999.9,21.85,17.39,27.63,64.285,508
2022-11-20T00:00:00.000Z,14.18,88.28,34.79,23.05,53.76,19.979,508
2022-11-21T00:00:00.000Z,21.83,144.3,45.84,31.54,65.23,19.792,504
2022-11-22T00:00:00.000Z,24.48,114.5,46.23,33.03,68.88,21.448,496
2022-11-23T00:00:00.000Z,18.8,67.59,28.33,24.25,36.95,13.269,511
2022-11-24T00:00:00.000Z,8.77,74.38,17.67,15.35,20.7,7.143,515
2022-11-25T00:00:00.000Z,12.45,78.09,26.66,21.88,39.92,13.27,492
2022-11-26T00:00:00.000Z,13.2,65.45,38.6,33.38,44.35,9.91,498
2022-11-27T00:00:00.000Z,6.55,45.65,11.52,9.07,22.8,8.474,519
2022-11-28T00:00:00.000Z,12.02,35.47,20.87,17.66,23.9,3.817,492
2022-11-29T00:00:00.000Z,11.93,999.9,16.82,14.63,22.91,67.217,405
2022-11-30T00:00:00.000Z,1.92,32.2,7.38,4.72,11.65,5.844,503
2022-12-01T00:00:00.000Z,1.2,17.2,4.38,3.21,6.12,2.39,464
2022-12-02T00:00:00.000Z,3.95,30,11.98,7,15.02,5.673,554
2022-12-03T00:00:00.000Z,8.07,59.67,33.63,23.27,39.63,12.148,547
2022-12-04T00:00:00.000Z,2.27,24.15,9.19,7.31,10.93,3.789,492
2022-12-05T00:00:00.000Z,3.8,331.9,18.41,6.7,26.03,20.197,480
2022-12-06T00:00:00.000Z,13.52,91.97,40.13,23.25,58.58,20.776,511
2022-12-07T00:00:00.000Z,35.15,78.84,42.88,40.28,47.24,5.968,505
2022-12-08T00:00:00.000Z,22.4,86.22,34.03,31.5,38.4,8.226,533
2022-12-09T00:00:00.000Z,25.73,62.45,43.67,34.38,49.98,8.85,489
2022-12-10T00:00:00.000Z,30.4,65.68,44.34,36.22,48.78,8.201,498
2022-12-11T00:00:00.000Z,26,86.3,39.13,31.13,54.42,13.943,526
2022-12-12T00:00:00.000Z,24.9,127.9,61.63,29.5,87.47,29.818,482
2022-12-13T00:00:00.000Z,21.65,108.65,46.04,31.6,58.27,16.715,500
2022-12-14T00:00:00.000Z,19.3,105.8,49.13,24.25,69.4,24.111,475
2022-12-15T00:00:00.000Z,28.55,128.85,55.1,47.02,76.38,23.39,513
2022-12-16T00:00:00.000Z,24.08,144.93,59.89,36.32,102.52,34.834,468
2022-12-17T00:00:00.000Z,8.02,56.58,16.35,11.67,22.13,6.876,492
2022-12-18T00:00:00.000Z,10,100,35.9,14.6,56.88,26.015,493
2022-12-19T00:00:00.000Z,26.1,180.6,39.29,32.1,60.6,25.796,499
2022-12-20T00:00:00.000Z,29.33,140.18,55.62,46.71,85.56,24.023,504
2022-12-21T00:00:00.000Z,29.35,117.03,52.97,41.78,87.26,26.304,469
2022-12-22T00:00:00.000Z,24.15,119.35,46.53,38.22,74.59,23.826,505
2022-12-23T00:00:00.000Z,13.68,113.65,25.26,18.82,33.5,27.203,362
2022-12-24T00:00:00.000Z,24.25,242.32,37.65,31.78,52.35,38.362,460
2022-12-25T00:00:00.000Z,15.23,128.32,30.6,24.02,49.78,27.406,466
2022-12-26T00:00:00.000Z,27.88,212.32,78.03,69.22,121.97,40.025,375
2022-12-27T00:00:00.000Z,12,53.47,30.25,23.53,35.6,8.922,440
2022-12-28T00:00:00.000Z,5.9,82.6,14.35,8.85,37.84,23.359,468
2022-12-29T00:00:00.000Z,14.3,30.08,20.7,19.2,22.2,2.303,497
2022-12-30T00:00:00.000Z,17.02,69.18,27.25,20.67,38.58,12.929,415
2022-12-31T00:00:00.000Z,24.73,71.5,38.63,31.63,57.13,13.958,451
2023-01-01T00:00:00.000Z,25.27,98.95,52.15,38.4,75.97,20.37,479
2023-01-02T00:00:00.000Z,29.65,85.35,43.38,38.54,53.77,13.303,509
2023-01-03T00:00:00.000Z,23.35,111.57,51.95,30.04,66.25,24.456,413
2023-01-04T00:00:00.000Z,36.1,103.9,62.77,51.65,70.13,13.651,466
2023-01-05T00:00:00.000Z,28.88,72.7,42.38,36.88,51.24,9.454,493
2023-01-06T00:00:00.000Z,22.75,43.15,30.67,27.35,35.28,5.209,479
2023-01-07T00:00:00.000Z,20.83,115.07,45.58,37.28,84.78,26.375,491
2023-01-08T00:00:00.000Z,39.9,109.9,58.03,53.45,65.81,11.524,533
2023-01-09T00:00:00.000Z,61.1,152.18,97.18,83.28,108.57,17.612,491
2023-01-10T00:00:00.000Z,38.03,147.22,64.2,58.85,76.22,24.819,510
2023-01-11T00:00:00.000Z,16.77,94.93,46.33,35.32,56.2,15.655,469
2023-01-12T00:00:00.000Z,29.75,64.55,43.58,38.75,48.97,6.706,515
2023-01-13T00:00:00.000Z,23.6,83.15,45.39,39.04,52.45,11.123,446
2023-01-14T00:00:00.000Z,23,107.1,54.72,42.74,64.65,18.525,505
2023-01-15T00:00:00.000Z,5.88,76.56,16.7,8.65,26.78,19.998,441
2023-01-16T00:00:00.000Z,7.78,47.8,20.5,14.95,25.05,8.205,481
2023-01-17T00:00:00.000Z,19.42,44.55,27.55,24.77,31.63,4.899,495
2023-01-18T00:00:00.000Z,18.14,604.22,43.86,24.95,61.03,38.484,402
2023-01-19T00:00:00.000Z,26.95,109.97,43.42,34.61,78.18,23.553,540
2023-01-20T00:00:00.000Z,35.88,158.3,93.32,64.59,114.96,27.546,505
2023-01-21T00:00:00.000Z,45.72,166.52,84.04,64.68,100.35,24.808,482
2023-01-22T00:00:00.000Z,56.4,130.27,101.68,90.6,107.47,13.326,547
2023-01-23T00:00:00.000Z,9.38,110.85,37.81,27.29,42.73,24.846,432
2023-01-24T00:00:00.000Z,12.77,40.65,19.02,16.22,29.2,7.154,513
2023-01-25T00:00:00.000Z,26.13,50.65,36.29,32.69,41.14,5.458,465
2023-01-26T00:00:00.000Z,24.02,101.65,52.03,45,60.65,13.814,507
2023-01-27T00:00:00.000Z,14.6,56.55,32.45,28.7,37.49,7.927,405
2023-01-28T00:00:00.000Z,13.88,50.95,28.84,17.82,39.03,10.928,492
2023-01-29T00:00:00.000Z,19.5,104.38,43.33,25.25,69.43,24.098,491
2023-01-30T00:00:00.000Z,28.25,88.5,55.19,40.79,68.43,15.751,494
2023-01-31T00:00:00.000Z,15.5,98.72,41.8,34.53,49.11,18.855,461
2023-02-01T00:00:00.000Z,23.35,85.85,38.6,29.8,58.45,16.569,475
2023-02-02T00:00:00.000Z,38.35,134.63,62.19,53.8,110.43,28.647,490
2023-02-03T00:00:00.000Z,16.48,63.65,36.34,28.52,43.08,9.676,374
2023-02-04T00:00:00.000Z,16.64,62.65,36.46,24.33,47.3,11.954,542
2023-02-05T00:00:00.000Z,5.68,45.8,25.2,18.38,31.02,8.197,451
2023-02-06T00:00:00.000Z,19.05,52.15,29.6,26.35,40.5,8.689,427
2023-02-07T00:00:00.000Z,13.13,60.58,35.22,21.15,47.5,13.067,439
2023-02-08T00:00:00.000Z,16.75,52.67,25.38,21.83,32.15,9.256,387
2023-02-09T00:00:00.000Z,19.7,59.4,32.22,26,40.61,10.572,440
2023-02-10T00:00:00.000Z,19.13,56.9,34.63,30.42,37.78,5.412,462
2023-02-11T00:00:00.000Z,21.25,70.8,36.82,32.33,43.75,7.982,414
2023-02-12T00:00:00.000Z,22.4,90.47,44.97,35.58,50.88,10.344,478
2023-02-13T00:00:00.000Z,14.02,66.03,37.36,26.92,45.92,12.096,370
2023-02-14T00:00:00.000Z,13.27,65.93,17.72,15.9,21.24,10.23,420
2023-02-15T00:00:00.000Z,15.63,47.35,24.1,19.98,31.83,7.586,354
2023-02-16T00:00:00.000Z,28.85,69.4,41.1,34.78,52.75,10.905,403
2023-02-17T00:00:00.000Z,28.3,109.47,71.79,45.28,79.25,18.53,390
2023-02-18T00:00:00.000Z,27.38,106.07,46.17,41.19,57.27,21.582,497
2023-02-19T00:00:00.000Z,19.55,98.85,60.85,26.58,76.84,26.18,427
2023-02-20T00:00:00.000Z,23.15,82.1,41.53,30.83,51.03,12.733,506
2023-02-21T00:00:00.000Z,19.27,74.59,48.9,25.5,59.53,16.649,487
2023-02-22T00:00:00.000Z,16.5,42.97,26.47,23.23,30.52,5.174,382
2023-02-23T00:00:00.000Z,15.55,45.67,24.51,19.55,29.7,6.645,372
2023-02-24T00:00:00.000Z,5.28,76.09,18.79,14.59,35.25,19.127,496
2023-02-25T00:00:00.000Z,8.32,83.28,18.7,10.63,28.44,16.494,408
2023-02-26T00:00:00.000Z,19.38,103.38,30.73,25.35,39.15,20.37,479
2023-02-27T00:00:00.000Z,32.47,96.45,49.2,45.88,53.51,10.641,489
2023-02-28T00:00:00.000Z,28.33,84.95,46.13,40.65,53.7,11.294,419
2023-03-01T00:00:00.000Z,20.77,123.15,83.44,54.78,99.47,27.321,526
2023-03-02T00:00:00.000Z,47.1,136.93,69.56,63.78,84.47,21.561,527
2023-03-03T00:00:00.000Z,18.25,133.65,58.45,49.83,70.7,26.927,387
2023-03-04T00:00:00.000Z,15.3,77.03,38.45,29.74,62.91,17.978,513
2023-03-05T00:00:00.000Z,50.38,99.45,75.05,65.22,82.13,10.259,529
2023-03-06T00:00:00.000Z,17.92,82.3,41.98,24.6,64.2,19.36,498
2023-03-07T00:00:00.000Z,16.32,76.84,33.38,30.83,35.9,5.728,498
2023-03-08T00:00:00.000Z,18.35,95.95,46.79,37.85,70.4,20.069,522
2023-03-09T00:00:00.000Z,31.8,134.5,75.93,50.47,96.9,28.858,455
2023-03-10T00:00:00.000Z,21.38,113.43,63.8,53.28,80.89,20.751,537
2023-03-11T00:00:00.000Z,24.42,117.6,49.9,42.32,57.99,12.167,533
2023-03-12T00:00:00.000Z,5.45,98.45,43.63,8.9,54.22,24.788,519
2023-03-13T00:00:00.000Z,11.35,86.05,24.72,19.07,37.1,13.917,514
2023-03-14T00:00:00.000Z,20.25,93.43,45.88,28.53,62.74,18.623,397
2023-03-15T00:00:00.000Z,24.67,80.56,43.08,30.83,62.17,16.117,534
2023-03-16T00:00:00.000Z,9.88,37.79,27.15,20.7,30.5,6.753,526
2023-03-17T00:00:00.000Z,17.6,44.97,33.74,29.44,36.86,5.553,528
2023-03-18T00:00:00.000Z,20.48,46.6,31.67,26.77,37.54,6.498,415
2023-03-19T00:00:00.000Z,13.8,40.88,20.83,17.17,29.02,7.18,503
2023-03-20T00:00:00.000Z,29.35,64.4,42.65,39.13,46.6,5.79,503
2023-03-21T00:00:00.000Z,29.27,204.8,65.02,58.35,74.52,17.072,528
2023-03-22T00:00:00.000Z,36.04,86.9,57.02,48.75,69.36,13.13,516
2023-03-23T00:00:00.000Z,34.75,81.5,55.8,48.12,63.79,10.725,512
2023-03-24T00:00:00.000Z,27.6,300.48,41.92,35.67,60.28,19.235,487
2023-03-25T00:00:00.000Z,6.43,79.8,38.38,11.02,50.1,19.434,490
2023-03-26T00:00:00.000Z,5.07,39.78,14.75,8.5,21.33,8.858,387
2023-03-27T00:00:00.000Z,3.03,62.33,12.18,4.8,19.85,12.526,451
2023-03-28T00:00:00.000Z,8.73,41.85,18.7,16.14,21.6,5.619,502
2023-03-29T00:00:00.000Z,6.68,45.65,22.1,15.6,27.73,8.476,419
2023-03-30T00:00:00.000Z,10.48,79.9,42.76,19.63,68.3,22.893,498
2023-03-31T00:00:00.000Z,24.9,126.47,54,42.09,69.16,17.825,485
2023-04-01T00:00:00.000Z,25.13,79.22,43.18,35.26,55.63,12.622,300
2023-04-02T00:00:00.000Z,26.65,66.97,45.13,38.63,52.22,8.401,415
2023-04-03T00:00:00.000Z,26.7,77.95,37.69,33.4,48.97,9.707,518
2023-04-04T00:00:00.000Z,36.7,78.9,54.28,48.56,59.23,7.166,565
2023-04-05T00:00:00.000Z,30.9,79.97,51.53,42.95,69.06,14.337,559
2023-04-06T00:00:00.000Z,8.88,105.57,42.55,32.9,65.88,26.21,573
2023-04-07T00:00:00.000Z,9.75,70.13,30.71,21.8,45.47,14.835,552
2023-04-08T00:00:00.000Z,17.1,68.2,24.58,21.02,35.45,11.692,572
2023-04-09T00:00:00.000Z,26.6,81.7,50.63,39.94,56.52,10.382,573
2023-04-10T00:00:00.000Z,36.04,102.8,57.8,49.92,77.8,18.052,475
2023-04-11T00:00:00.000Z,22.13,100.72,50.99,43.49,58.4,16.198,568
2023-04-12T00:00:00.000Z,25.77,88.9,53.8,46.95,67.09,14.566,563
2023-04-13T00:00:00.000Z,25.25,98.38,40,37.17,43.4,6.072,571
2023-04-14T00:00:00.000Z,34.5,85.8,48.29,43.63,60.92,11.06,572
2023-04-15T00:00:00.000Z,11.9,83.4,50.9,42.72,64.7,17.738,575
2023-04-16T00:00:00.000Z,22.05,69.09,48.63,40.29,54.23,9.745,576
2023-04-17T00:00:00.000Z,35.1,69.3,49.97,43.45,57.83,8.58,571
2023-04-18T00:00:00.000Z,25.65,73,47.13,44,52.19,8.167,564
2023-04-19T00:00:00.000Z,31.98,95.25,47.5,43.42,69.13,17.76,493
2023-04-20T00:00:00.000Z,38.5,78.15,57.07,44.74,65.09,10.767,576
2023-04-21T00:00:00.000Z,42.55,99.82,64.09,56.43,71.52,10.044,516
2023-04-22T00:00:00.000Z,33.78,69.84,44.05,40.65,48.33,6.383,511
2023-04-23T00:00:00.000Z,28.55,65.93,36.38,34.29,40.42,6.762,369
2023-04-24T00:00:00.000Z,15.52,37.6,25.25,22.8,29.56,4.907,573
2023-04-25T00:00:00.000Z,3,34.08,13.68,8.1,20.88,7.6,578
2023-04-26T00:00:00.000Z,4.5,70.18,21.87,10.15,38.82,16.552,568
2023-04-27T00:00:00.000Z,11.15,40.95,27.77,18.17,32.4,7.875,579
2023-04-28T00:00:00.000Z,10.77,41.65,22.58,19.3,28.65,6.462,399
2023-04-29T00:00:00.000Z,3.08,28.73,8.69,6.24,14.06,5.4,565
2023-04-30T00:00:00.000Z,5.15,38.63,10.1,8.52,14.1,6.653,414
2023-05-01T00:00:00.000Z,10.5,39.35,19.13,16.48,24.83,6.587,555
2023-05-02T00:00:00.000Z,9.48,42.33,21,13.55,32.4,9.581,562
2023-05-03T00:00:00.000Z,11.02,35.67,16.59,15.23,18.89,5.658,394
2023-05-04T00:00:00.000Z,22.7,40.03,29.37,27.42,31.1,2.71,574
2023-05-05T00:00:00.000Z,19.55,45.13,32.92,28.27,37.45,5.421,397
2023-05-06T00:00:00.000Z,18.27,50.6,31.02,23.39,39.13,8.858,564
2023-05-07T00:00:00.000Z,2.8,71.75,33.47,28.58,41.89,16.387,448
2023-05-15T00:00:00.000Z,9.3,47.7,23.98,16.88,29.2,8.697,567
2023-05-16T00:00:00.000Z,15.6,50.08,31.95,27.52,37.65,8.679,459
2023-05-17T00:00:00.000Z,13.18,76.47,34.39,17.23,41.08,15.103,554
2023-05-18T00:00:00.000Z,15.57,58.3,33.36,28.6,38.29,8.456,572
2023-05-19T00:00:00.000Z,31.95,57.95,40.24,37.85,43.4,4.656,558
2023-05-20T00:00:00.000Z,17.7,43.65,35.2,20.16,38.54,9.289,385
2023-05-21T00:00:00.000Z,18.88,64.7,35.17,32.2,38.33,9.05,558
2023-05-22T00:00:00.000Z,27.48,88.47,38.57,34.88,45.53,7.171,530
2023-05-23T00:00:00.000Z,16.88,78.43,32.86,29.8,41.67,8.786,558
2023-05-24T00:00:00.000Z,6.38,60.53,37.75,20.9,45.72,14.024,567
2023-05-25T00:00:00.000Z,3.17,60.2,13.1,8.34,18.77,8.851,525
2023-05-26T00:00:00.000Z,7.28,58.95,14.15,12.02,25.2,9.974,423
2023-05-27T00:00:00.000Z,6.22,33.15,13.75,11.39,14.93,4.572,456
2023-05-28T00:00:00.000Z,5.32,26.33,11.49,9.27,13.27,3.07,482
2023-05-29T00:00:00.000Z,14.32,41.78,20.07,18.05,22.64,4.773,489
2023-05-30T00:00:00.000Z,9.6,45.42,21.2,12.4,29.13,9.374,563
2023-05-31T00:00:00.000Z,14.32,63.9,25.7,21.04,36.89,9.439,353
2023-06-01T00:00:00.000Z,13.43,50.58,24.52,19.89,27.39,5.8,561
2023-06-02T00:00:00.000Z,2.27,67.95,19.42,6,26.4,15.199,565
2023-06-03T00:00:00.000Z,8.98,83.8,18.98,16.25,22.57,9.844,452
2023-06-04T00:00:00.000Z,8.8,52.35,21.1,16.27,24.33,7.571,567
2023-06-05T00:00:00.000Z,11.65,57.35,21.15,17.6,25.57,9.018,557
2023-06-06T00:00:00.000Z,7.22,65.7,29.25,21.9,39.08,12.477,359
2023-06-07T00:00:00.000Z,10.27,129.8,32.33,12.7,41.63,21.252,567
2023-06-08T00:00:00.000Z,5.82,79.28,41.22,17.42,47.28,17.177,423
2023-06-09T00:00:00.000Z,6,47.97,14.65,13.05,19.73,9.82,555
2023-06-10T00:00:00.000Z,11.6,68.15,32,18.39,41.79,13.357,573
2023-06-11T00:00:00.000Z,16.8,102.82,31.67,26.17,45.58,15.345,575
2023-06-12T00:00:00.000Z,14.55,80.3,33.67,24.14,44.57,13.378,500
2023-06-13T00:00:00.000Z,4.3,61.05,20.39,13.15,25.98,11.293,565
2023-06-14T00:00:00.000Z,2.67,39.4,14.99,7.97,18.6,6.809,562
2023-06-15T00:00:00.000Z,3.9,41.33,17.17,11.13,23.9,8.271,574
2023-06-16T00:00:00.000Z,7.03,45.08,10.27,8.73,14.19,6.835,568
2023-06-17T00:00:00.000Z,3.78,31.45,11.23,9.25,12.93,3.066,567
2023-06-18T00:00:00.000Z,2.6,47.15,8.88,7.03,18.8,8.577,571
2023-06-19T00:00:00.000Z,5.5,49.22,21.13,16.22,25.65,7.976,369
2023-06-20T00:00:00.000Z,1.9,36.4,7.88,6.2,12.18,7.815,562
2023-06-21T00:00:00.000Z,1.7,68.7,21.87,9.48,32.08,13.281,566
2023-06-22T00:00:00.000Z,1.58,70.65,17.69,6.29,27.81,15.396,568
2023-06-23T00:00:00.000Z,1.7,28.17,8.41,4.67,13.57,5.839,564
2023-06-24T00:00:00.000Z,3.08,67.63,11.98,6.5,19.07,11.877,567
2023-06-25T00:00:00.000Z,2.29,46.75,11.72,5.81,24.16,11.208,580
2023-06-26T00:00:00.000Z,3.6,121.85,12.25,8.05,25.45,12.933,499
2023-06-27T00:00:00.000Z,2.45,37.9,10.99,7.82,17.73,6.979,570
2023-06-28T00:00:00.000Z,4.63,17.98,7.89,6.53,9.3,2.477,572
2023-06-29T00:00:00.000Z,6.03,20.39,12.4,10.05,15.3,3.217,573
2023-06-30T00:00:00.000Z,6.18,27.27,11.82,9.23,15.7,4.242,575
2023-07-01T00:00:00.000Z,6.03,47.97,14.22,11.65,16.6,5.817,370
2023-07-02T00:00:00.000Z,5.47,17.8,9.1,7.97,10.48,2.056,574
2023-07-03T00:00:00.000Z,2.22,52.45,11.94,6.03,17.05,9.99,550
2023-07-04T00:00:00.000Z,2.47,19.6,7.29,5.8,9.49,3.36,404
2023-07-05T00:00:00.000Z,2.75,28.02,9.59,7.97,15.14,4.793,540
2023-07-06T00:00:00.000Z,2.27,27.58,3.5,3.03,7.85,5.565,274
2023-07-07T00:00:00.000Z,2.5,12.3,6.78,4.86,8.34,2.36,512
2023-07-08T00:00:00.000Z,1.7,26.65,7.5,3.63,11.39,4.848,332
2023-07-09T00:00:00.000Z,2.5,24.38,5.93,4.54,9.63,4.293,369
2023-07-10T00:00:00.000Z,2.83,18.85,11.48,9.98,12.8,2.663,343
2023-07-11T00:00:00.000Z,4.5,25.63,10.44,7.4,12.18,4.316,522
2023-07-12T00:00:00.000Z,1.4,24.6,4.2,3.2,12.24,5.563,545
2023-07-13T00:00:00.000Z,3.72,29.8,10.24,7.15,17.05,6.38,540
2023-07-14T00:00:00.000Z,2.33,49.83,9.48,6.43,15.77,9.457,526
2023-07-15T00:00:00.000Z,9.3,49.42,16.77,13.32,20.35,5.479,569
2023-07-16T00:00:00.000Z,8.63,39.2,15.22,10.52,23.15,7.04,578
2023-07-17T00:00:00.000Z,4.4,61.05,13.9,6.57,22.27,14.659,383
2023-07-18T00:00:00.000Z,5.78,19.23,10.88,9,13.27,2.942,574
2023-07-19T00:00:00.000Z,12.9,47.97,28.63,23.6,33.92,7.327,459
2023-07-20T00:00:00.000Z,11.8,69.95,32.47,25.59,39.78,11.491,565
2023-07-21T00:00:00.000Z,4.5,61.05,23.5,15.18,28.23,10.975,575
2023-07-22T00:00:00.000Z,1.27,17.73,6.8,3.3,7.96,2.914,573
2023-07-23T00:00:00.000Z,2.9,25.38,5.8,4.22,8.48,3.141,577
2023-07-24T00:00:00.000Z,3,41.08,7.85,5.97,9.69,2.773,576
2023-07-25T00:00:00.000Z,2.9,18.14,6.8,4.9,9.38,3.44,578
2023-07-26T00:00:00.000Z,5.22,24.55,9.68,8.48,12.9,4.125,571
2023-07-27T00:00:00.000Z,7.88,34.13,17.67,13.32,20.05,4.866,570
2023-07-28T00:00:00.000Z,8.68,71.8,17.7,13.26,23.77,10.73,572
2023-07-29T00:00:00.000Z,6.4,59.53,26.77,23.83,30.42,6.095,571
2023-07-30T00:00:00.000Z,6.1,90.9,16.85,13.18,23.45,8.5,579
2023-07-31T00:00:00.000Z,1.5,78.31,12.68,6.25,19.16,12.868,577
2023-08-01T00:00:00.000Z,3.4,103.5,24.05,11.52,37.38,15.995,578
2023-08-02T00:00:00.000Z,16.13,57.5,28.38,24.55,33.72,7.272,570
2023-08-03T00:00:00.000Z,7.85,37.03,18.8,14.06,25.07,6.975,560
2023-08-04T00:00:00.000Z,5.72,57.05,14.7,10.48,20.83,9.516,578
2023-08-05T00:00:00.000Z,1.6,41.03,5.22,3.6,18.69,9.842,568
2023-08-06T00:00:00.000Z,1.3,29.67,12.47,4.45,17.85,7.094,574
2023-08-07T00:00:00.000Z,1.6,20.38,6.29,2.72,11.17,4.654,576
2023-08-08T00:00:00.000Z,1.67,32.1,8.8,4.22,13.67,7.785,577
2023-08-09T00:00:00.000Z,5.8,33.25,11.97,9.48,19.23,6.924,570
2023-08-10T00:00:00.000Z,8.13,88.45,41.42,21.92,52.88,19.556,555
2023-08-11T00:00:00.000Z,5.32,90.97,32.53,22.35,44.78,19.342,566
2023-08-12T00:00:00.000Z,2.2,52.05,29.48,9.65,38.38,14.602,571
2023-08-13T00:00:00.000Z,5.35,54.95,21.27,15.84,28.62,9.632,577
2023-08-14T00:00:00.000Z,4.5,24.23,9.91,8.31,12.12,3.117,580
2023-08-15T00:00:00.000Z,18.6,62.47,30.52,26.52,37.25,7.965,575
2023-08-16T00:00:00.000Z,7.5,57.47,24.15,19.1,32.5,9.96,575
2023-08-17T00:00:00.000Z,13.02,65.28,24.23,21.35,28.42,6.331,574
2023-08-18T00:00:00.000Z,3.5,52.3,19.1,12.48,23.45,8.234,579
2023-08-19T00:00:00.000Z,14.88,110.18,42.58,29.88,51.9,13.887,567
2023-08-20T00:00:00.000Z,2.29,60.6,14.8,7.57,23.69,10.741,565
2023-08-21T00:00:00.000Z,7.25,40.67,15,11.3,19.73,6.731,555
2023-08-22T00:00:00.000Z,9.68,54.4,24.77,17.5,30.38,8.085,575
2023-08-23T00:00:00.000Z,3.88,48.4,16.07,10.31,26.83,10.549,580
2023-08-24T00:00:00.000Z,6.9,28.2,13.65,10.9,18.57,4.673,571
2023-08-25T00:00:00.000Z,6.1,40.65,15,10.35,23.6,8.285,571
2023-08-26T00:00:00.000Z,2.7,45.8,20.63,9.47,27.3,9.497,577
2023-08-27T00:00:00.000Z,2,56.72,17.02,9.22,23.34,9.373,561
2023-08-28T00:00:00.000Z,4.05,31.73,11.4,6.64,16.77,6.565,573
2023-08-29T00:00:00.000Z,3.35,16.7,9.57,6.8,12.06,3.168,573
2023-08-30T00:00:00.000Z,5.63,43.4,8.69,6.85,19.2,7.074,447
2023-08-31T00:00:00.000Z,5.8,58.42,31.45,9.07,39.63,14.99,570
2023-09-01T00:00:00.000Z,11.75,69.63,29.05,17.75,40.32,13.659,569
2023-09-02T00:00:00.000Z,8.82,49.03,24.05,14.59,34.44,11.903,569
2023-09-03T00:00:00.000Z,4.59,32.92,17.57,12.55,21.55,5.97,571
2023-09-04T00:00:00.000Z,3.6,24.27,13.69,7.93,16.16,5.098,568
2023-09-05T00:00:00.000Z,6.68,91.43,15.75,11.94,38.74,22.437,569
2023-09-06T00:00:00.000Z,13.02,61.83,22.1,16.3,34.79,12.943,572
2023-09-07T00:00:00.000Z,9.55,70.47,28.02,21.67,47.08,16.555,583
2023-09-08T00:00:00.000Z,7.05,47,15.05,12.9,20.65,6.281,575
2023-09-09T00:00:00.000Z,12,81.59,29.83,21,43.12,15.217,569
2023-09-10T00:00:00.000Z,4.93,75.05,31.77,19.02,43.85,15.747,567
2023-09-18T00:00:00.000Z,4.07,69.84,21.33,10.32,31.7,14.953,562
2023-09-19T00:00:00.000Z,4.3,40.83,10.38,8.48,12.48,6.367,538
2023-09-20T00:00:00.000Z,3.83,39.13,10.34,7.05,13.07,6.317,538
2023-09-21T00:00:00.000Z,5.95,20.6,10.55,8.23,12.68,3.204,570
2023-09-22T00:00:00.000Z,4.09,37.54,9.77,7.04,12.18,4.618,564
2023-09-23T00:00:00.000Z,4.95,33.72,9.69,8.1,12.29,4.905,580
2023-09-24T00:00:00.000Z,11.45,56.53,23.9,17.51,32.78,9.906,565
2023-09-25T00:00:00.000Z,8.07,49.72,23.48,12.8,31.05,10.722,578
2023-09-26T00:00:00.000Z,11.07,32.85,17.89,14.63,21.38,4.263,555
2023-09-27T00:00:00.000Z,2.42,68.05,13.02,8.5,17.42,8.987,559
2023-09-28T00:00:00.000Z,2.25,41.42,21.79,14.3,30.13,10.544,574
2023-09-29T00:00:00.000Z,18.73,100.28,32.13,25.35,38.63,9.587,579
2023-09-30T00:00:00.000Z,18.25,64.7,38.79,33.42,43.1,9.271,566
2023-10-01T00:00:00.000Z,9.75,61.92,17.27,14.5,21.91,10.665,532
2023-10-02T00:00:00.000Z,14.85,54.7,23.4,20.1,26.72,7.486,537
2023-10-03T00:00:00.000Z,15.9,61.13,26.7,22.4,37.11,9.291,560
2023-10-04T00:00:00.000Z,13.95,93.57,27.7,25.12,33.11,15.032,560
2023-10-05T00:00:00.000Z,6.97,40.2,22.95,17.6,29.52,8.019,563
2023-10-06T00:00:00.000Z,8.25,60.1,27.24,15.8,31.88,11.147,556
2023-10-07T00:00:00.000Z,3.78,45.33,9.41,6.55,19.63,8.57,562
2023-10-08T00:00:00.000Z,3.33,34.1,8.69,5.45,12.15,6.072,555
2023-10-09T00:00:00.000Z,5.07,42.9,10.05,6.5,19.52,9.346,543
2023-10-10T00:00:00.000Z,5.97,39.54,9.73,7.88,11.65,5.582,531
2023-10-11T00:00:00.000Z,6.1,29.83,13.63,10.15,16.35,5.18,551
2023-10-12T00:00:00.000Z,9.43,38.13,19.8,16.8,27.8,6.821,554
2023-10-13T00:00:00.000Z,15.23,76.47,33.02,21.8,41.95,14.147,548
2023-10-14T00:00:00.000Z,6.6,57.75,15.23,10.97,37.84,14.931,561
2023-10-15T00:00:00.000Z,5.4,44.2,17.57,8.68,29.48,10.602,562
2023-10-16T00:00:00.000Z,11.98,105.63,36.63,18.63,55.45,24.226,551
2023-10-17T00:00:00.000Z,17.52,91.7,49.49,28.4,63.95,19.749,558
2023-10-18T00:00:00.000Z,12.43,119.6,65.75,24,90.58,32.154,557
2023-10-19T00:00:00.000Z,4.13,82.97,17.95,13.95,24.17,17.74,547
2023-10-20T00:00:00.000Z,3.8,34.42,12.9,6.05,20.05,8.13,575
2023-10-21T00:00:00.000Z,4.8,31.38,11.29,7.7,16.85,6.201,570
2023-10-22T00:00:00.000Z,8.68,50.72,23.95,11.18,34.14,11.652,568
2023-10-23T00:00:00.000Z,12.35,110.13,31.04,21.48,47.42,21.984,570
2023-10-24T00:00:00.000Z,14.55,105.88,63.5,27.12,77.95,26.434,564
2023-10-25T00:00:00.000Z,17.57,93.8,39.97,28.52,46.95,17.525,570
2023-10-26T00:00:00.000Z,12.2,113.35,35.45,22.58,44.55,24.163,566
2023-10-27T00:00:00.000Z,11,118.38,38.65,22.79,45.41,23.402,573
2023-10-28T00:00:00.000Z,15.9,58.05,26.98,21.2,31.15,8.653,575
2023-10-29T00:00:00.000Z,2.67,31.55,16.72,10.57,23.45,7.289,562
2023-10-30T00:00:00.000Z,5.22,61.4,18.05,10.02,35.85,14.511,578
2023-10-31T00:00:00.000Z,12.07,78.93,29.77,16.47,38.07,15.46,576
2023-11-01T00:00:00.000Z,23.75,114.8,45.02,30.29,53.94,17.463,540
2023-11-02T00:00:00.000Z,35.42,99.43,51.03,42.75,57.53,11.767,541
2023-11-03T00:00:00.000Z,16.13,80.25,23.33,20.65,28.17,12.438,574
2023-11-04T00:00:00.000Z,6.35,33.95,14.89,11.62,19.85,5.504,580
2023-11-05T00:00:00.000Z,8.75,44.13,20.85,14.35,25.65,7.219,571
2023-11-06T00:00:00.000Z,6.22,37.58,13.1,9.56,16.97,5.566,573
2023-11-07T00:00:00.000Z,11.32,94.53,26.01,15.51,33.11,14.051,564
2023-11-08T00:00:00.000Z,20.17,90.25,39.08,32.53,46.09,10.966,568
2023-11-09T00:00:00.000Z,16.55,59.1,27.27,22.42,31.92,6.719,536
2023-11-10T00:00:00.000Z,11.32,48.1,20,16.98,25.85,7.139,560
2023-11-11T00:00:00.000Z,6.43,49.92,18.48,14.13,22.4,7.217,574
2023-11-12T00:00:00.000Z,2.8,46.1,13.33,6.13,20.17,8.829,350
2023-11-13T00:00:00.000Z,1.75,15.73,5.07,3.6,6.3,2.317,567
2023-11-14T00:00:00.000Z,3.08,22.45,11.13,5.75,14.82,4.912,569
2023-11-15T00:00:00.000Z,2.4,89.22,28.26,19.38,48.08,22.186,570
2023-11-16T00:00:00.000Z,3.28,19.48,6,5.15,7.79,3.359,573
2023-11-17T00:00:00.000Z,4.7,69.55,21.45,9.02,45.03,20.186,561
2023-11-18T00:00:00.000Z,6.9,66.45,36.36,13.55,50.2,17.905,558
2023-11-19T00:00:00.000Z,11.05,96.53,38.82,19.98,64.68,24.76,570
2023-11-20T00:00:00.000Z,17.63,154.45,55.97,32.33,67.3,29.392,563
2023-11-21T00:00:00.000Z,20.05,124.5,46.1,31.1,70.5,25.596,563
2023-11-22T00:00:00.000Z,45.4,127.03,74.27,67.7,82.75,13.562,574
2023-11-23T00:00:00.000Z,21.63,115.03,40.7,34.72,60.47,22.567,577
2023-11-24T00:00:00.000Z,43.05,97.13,61.65,55.04,73.97,13.462,572
2023-11-25T00:00:00.000Z,70.22,97.85,87.93,83.16,91.03,6.145,45