date,min,max,median,q1,q3,stdev,count
2022-10-05T00:00:00.000Z,10.2,51.6,19.85,17.8,24.2,11.922,386
2022-10-06T00:00:00.000Z,10.3,60.5,24.7,19.8,41.1,13.324,635
2022-10-07T00:00:00.000Z,8.5,98.8,45,25.35,55.6,21.715,621
2022-10-08T00:00:00.000Z,31,80.9,59.3,51.85,65.6,10.076,656
2022-10-09T00:00:00.000Z,8,250.6,21.15,13.7,50.1,22.963,658
2022-10-10T00:00:00.000Z,13.3,135.7,59.7,18.8,72.3,29.164,642
2022-10-11T00:00:00.000Z,18.5,198.4,61.85,30.5,91.9,37.178,662
2022-10-12T00:00:00.000Z,30.3,377.5,55.1,44.5,76.2,34.24,670
2022-10-13T00:00:00.000Z,40.7,908.4,86.15,62.2,126.6,53.828,654
2022-10-14T00:00:00.000Z,34.5,158.6,93.1,54.05,117.3,35.485,661
2022-10-15T00:00:00.000Z,39.9,278.2,116.2,50.8,136.6,46.051,658
2022-10-16T00:00:00.000Z,41.4,336.3,59.2,49.8,92.5,26.565,645
2022-10-17T00:00:00.000Z,42.3,255.6,62.2,50,71.9,21.447,642
2022-10-18T00:00:00.000Z,52.8,219.2,65.6,58.2,107.25,34.208,473
2022-10-21T00:00:00.000Z,22,192,59.5,50.1,63.5,14.104,587
2022-10-22T00:00:00.000Z,31.7,593,74.8,57.9,90.4,31.911,642
2022-10-23T00:00:00.000Z,42.2,416.9,86.9,59.5,132.6,43.594,643
2022-10-24T00:00:00.000Z,49.9,323,78.09,66.4,96.6,27.68,602
2022-10-25T00:00:00.000Z,62.4,291.9,96.7,87.65,103.15,17.694,649
2022-10-26T00:00:00.000Z,40.2,267.3,94.1,52.8,114.1,32.528,627
2022-10-27T00:00:00.000Z,27.8,559.4,51.55,41.2,57.4,23.558,640
2022-10-28T00:00:00.000Z,53.9,204.8,74.8,64.5,97,22.162,623
2022-10-29T00:00:00.000Z,73.2,538.4,134.55,89.05,165.9,41.619,624
2022-10-30T00:00:00.000Z,47.5,194.7,72.8,59.15,91.65,24.977,633
2022-10-31T00:00:00.000Z,15.4,230.6,34.29,28.45,48.95,16.515,652
2022-11-01T00:00:00.000Z,15.1,374.3,66.3,33.29,89.8,37.589,643
2022-11-02T00:00:00.000Z,26.8,293,76.34,55.6,126.6,57.009,688
2022-11-03T00:00:00.000Z,58.1,334.7,115.9,77.9,142.6,51.495,631
2022-11-04T00:00:00.000Z,48.3,222.6,78.5,64.45,118.4,35.959,661
2022-11-05T00:00:00.000Z,55.1,301.4,72.4,64.3,96.1,34.293,662
2022-11-06T00:00:00.000Z,62,343,97.6,83.65,119.3,31.546,681
2022-11-07T00:00:00.000Z,58.9,399,111.4,86,145.9,40.145,679
2022-11-08T00:00:00.000Z,66.1,285.1,100.7,83.5,161.1,43.109,667
2022-11-09T00:00:00.000Z,26,287.7,76.09,45.9,93.85,40.552,677
2022-11-10T00:00:00.000Z,65.1,319.6,95.2,86.4,106.1,26.393,683
2022-11-11T00:00:00.000Z,33.5,213.5,63.6,51.5,74.34,32.077,677
2022-11-12T00:00:00.000Z,30.4,185.5,51.4,46,64.59,14.517,669
2022-11-13T00:00:00.000Z,34.9,341.1,73.15,58.2,81.5,25.065,660
2022-11-14T00:00:00.000Z,45.9,452.6,64.9,58.4,90,32.689,659
2022-11-15T00:00:00.000Z,30.4,381.7,52.3,40.25,64.45,21.222,673
2022-11-16T00:00:00.000Z,12.5,231,40.3,32.29,50.2,18.889,673
2022-11-17T00:00:00.000Z,9.6,269.6,42.1,34.7,50.25,17.617,685
2022-11-18T00:00:00.000Z,24.2,247.2,38.1,32.7,43.05,14.26,668
2022-11-19T00:00:00.000Z,29.3,355.4,49.4,40.6,54.9,19.083,677
2022-11-20T00:00:00.000Z,38.7,389.7,72.7,56.3,110.5,36.13,676
2022-11-21T00:00:00.000Z,48.7,176.4,78.9,63.4,111.3,28.512,667
2022-11-22T00:00:00.000Z,52.6,557.2,81.7,67.3,121.2,44.874,675
2022-11-23T00:00:00.000Z,42.9,339.8,65.09,54.7,81,26.803,682
2022-11-24T00:00:00.000Z,22.8,699.6,42.3,38.1,48.2,30.549,679
2022-11-25T00:00:00.000Z,28.2,89.4,54.65,47,71.5,14.579,672
2022-11-26T00:00:00.000Z,30.5,109.4,59.3,55.4,68.1,10.672,667
2022-11-27T00:00:00.000Z,16,123.6,27,20.5,39.4,11.9,659
2022-11-28T00:00:00.000Z,30.6,645.5,43.1,38.9,48.4,25.638,669
2022-11-29T00:00:00.000Z,25.5,154.2,40.1,31.8,52.3,13.628,671
2022-11-30T00:00:00.000Z,3.1,77.6,26.4,14.2,38.3,14.448,655
2022-12-01T00:00:00.000Z,4.5,249.4,16.8,12.55,21.6,11.85,609
2022-12-02T00:00:00.000Z,16.8,361.6,44.9,30.6,57.3,28.24,682
2022-12-03T00:00:00.000Z,36.9,508,70.2,59.7,83.3,32.688,638
2022-12-04T00:00:00.000Z,6.3,673.4,41.25,24.8,53,32.159,650
2022-12-05T00:00:00.000Z,11.7,252.5,58.7,24.5,71.8,28.178,659
2022-12-06T00:00:00.000Z,48,561.4,102.5,62.7,118.7,44.875,673
2022-12-07T00:00:00.000Z,73.1,577.9,82.1,78.4,98,28.367,650
2022-12-08T00:00:00.000Z,62.6,449.2,72.4,69.5,75.8,30.026,662
2022-12-09T00:00:00.000Z,65.3,255,82.85,72.05,97.9,20.944,680
2022-12-10T00:00:00.000Z,67.5,240.9,86.3,75.2,98.05,16.923,612
2022-12-11T00:00:00.000Z,68.5,651.4,84.5,74.4,129.55,50.742,669
2022-12-12T00:00:00.000Z,64.2,400.5,131.3,70.7,173.6,58.166,595
2022-12-13T00:00:00.000Z,65.7,311.4,109.3,80.7,136.55,36.486,653
2022-12-14T00:00:00.000Z,58.4,480.4,136.85,68.3,179.8,60.774,670
2022-12-15T00:00:00.000Z,73,591.2,130.1,105.35,163.44,58.075,677
2022-12-16T00:00:00.000Z,69.1,889.9,176.3,89.7,253.45,89.785,677
2022-12-17T00:00:00.000Z,33.8,191.2,60.4,44.5,67.5,20.631,658
2022-12-18T00:00:00.000Z,41.5,535.7,121.2,52.5,170.95,62.976,653
2022-12-19T00:00:00.000Z,71.8,375.2,91.8,79.7,157.19,65.93,643
2022-12-20T00:00:00.000Z,76.9,693.9,150.9,104.4,228.4,75.153,651
2022-12-21T00:00:00.000Z,74.2,378.7,148.44,101,205.3,59.815,618
2022-12-22T00:00:00.000Z,65,423.5,131.6,86.5,172.8,59.552,633
2022-12-23T00:00:00.000Z,47.2,821.5,69.5,57.6,90.6,60.284,665
2022-12-24T00:00:00.000Z,70.6,563.6,90.1,76.5,119.8,78.285,654
2022-12-25T00:00:00.000Z,49,260.2,69.45,62.85,110.15,50.25,668
2022-12-26T00:00:00.000Z,76.9,391.7,183.3,149.05,243.8,74.533,637
2022-12-27T00:00:00.000Z,39.9,108.6,71.2,66.7,76.59,11.094,639
2022-12-28T00:00:00.000Z,26.9,211.9,48.7,38,88.7,43.115,641
2022-12-29T00:00:00.000Z,50.8,166.7,61.3,59.2,65.8,8.484,452
2022-12-30T00:00:00.000Z,55.4,245,75.25,64.75,104.45,34.079,396
2022-12-31T00:00:00.000Z,68,363.2,84.8,75.9,119.1,31.398,514
2023-01-01T00:00:00.000Z,66.5,534.3,136.35,97.55,156.65,45.555,388
2023-01-02T00:00:00.000Z,66.3,397,83.1,75.34,106.2,28.146,513
2023-01-03T00:00:00.000Z,60.1,276.1,107.05,70,123.6,42.943,598
2023-01-04T00:00:00.000Z,73.5,229.2,108.15,97.1,118.8,29.359,548
2023-01-05T00:00:00.000Z,65.6,501.3,82.7,74.59,110.9,33.242,583
2023-01-06T00:00:00.000Z,58.1,123.2,73.09,67.95,78,9.887,580
2023-01-07T00:00:00.000Z,58.3,242.9,108.5,86.7,177.4,49.023,599
2023-01-08T00:00:00.000Z,75.1,318.7,122.5,91.1,143.4,34.469,583
2023-01-09T00:00:00.000Z,117.8,367,177.7,162.75,193.7,30.263,593
2023-01-10T00:00:00.000Z,80.4,391.5,116.2,101.35,137.4,50.271,621
2023-01-11T00:00:00.000Z,35.4,575.6,77.84,58.55,96.45,34.244,616
2023-01-12T00:00:00.000Z,55.4,388.1,69.15,64,73.3,16.713,620
2023-01-13T00:00:00.000Z,54.4,172.8,74.45,68,83.65,14.038,608
2023-01-14T00:00:00.000Z,65.5,347.8,100.05,77,142.9,41.708,494
2023-01-15T00:00:00.000Z,23.2,185.3,46.2,29.5,63.8,28.277,483
2023-01-16T00:00:00.000Z,30.5,260.4,67.15,55.25,73.4,19.109,480
2023-01-17T00:00:00.000Z,63.5,416.8,76,70.4,83,22.551,575
2023-01-18T00:00:00.000Z,59.6,489.7,115.4,66.59,149.3,57.646,635
2023-01-19T00:00:00.000Z,78.4,344.6,118.2,93.9,197.35,56.898,649
2023-01-20T00:00:00.000Z,97,968.7,213.1,171.7,269.39,71.702,653
2023-01-21T00:00:00.000Z,84.1,338.2,166.8,127.7,193.9,50.263,679
2023-01-22T00:00:00.000Z,141.7,257.9,181.7,171.1,203.2,27.483,690
2023-01-23T00:00:00.000Z,37,290.3,70.5,65.2,77.8,39.55,667
2023-01-24T00:00:00.000Z,41.9,351.5,63,51.1,76,21.653,644
2023-01-25T00:00:00.000Z,67.8,181.5,77.7,74.8,83.8,8.372,615
2023-01-26T00:00:00.000Z,63.5,225.7,102.05,85.5,122.65,23.523,608
2023-01-27T00:00:00.000Z,55.6,258.8,78.3,74.5,88,17.735,610
2023-01-28T00:00:00.000Z,55.4,197.5,79.9,62.3,107.05,22.43,617
2023-01-29T00:00:00.000Z,63.3,356.3,119.1,76.25,165.8,61.658,641
2023-01-30T00:00:00.000Z,78.4,297.5,139.15,102.2,161.6,40.669,594
2023-01-31T00:00:00.000Z,53.2,291.7,82.8,73.4,171.4,65.719,387
2023-02-01T00:00:00.000Z,56.7,570.2,73.09,63.1,101.5,39.453,402
2023-02-02T00:00:00.000Z,69.6,309.8,119.05,75.2,198.1,58.685,506
2023-02-03T00:00:00.000Z,36,540.4,56.45,47.8,62.7,23.569,558
2023-02-04T00:00:00.000Z,31,717.9,52.95,47.5,61.2,35.6,376
2023-02-05T00:00:00.000Z,20.9,203,48.1,38.9,52.7,14.25,524
2023-02-06T00:00:00.000Z,33.1,79.7,55.3,47.95,63.1,9.538,364
2023-02-07T00:00:00.000Z,23,430.2,47.7,37.6,66.9,26.761,419
2023-02-08T00:00:00.000Z,29,148.6,44.6,38.4,50.6,10.331,398
2023-02-09T00:00:00.000Z,36.1,75.5,47.4,43.95,53.55,8.228,472
2023-02-10T00:00:00.000Z,33.2,98.6,54.7,51,58.3,7.687,505
2023-02-11T00:00:00.000Z,39.3,77.3,60.25,55.3,63.7,6.127,546
2023-02-12T00:00:00.000Z,50.5,98.4,70.4,64.5,72.9,7.187,452
2023-02-13T00:00:00.000Z,45.8,153.1,63.85,54.4,75.9,12.538,584
2023-02-14T00:00:00.000Z,44.2,108.7,55.9,51.5,68.1,10.961,622
2023-02-15T00:00:00.000Z,51.9,188.4,68.84,61.6,76.8,15.778,608
2023-02-16T00:00:00.000Z,72.7,452.6,92.6,81.5,121,28.03,592
2023-02-17T00:00:00.000Z,133.8,210.9,158.9,151,168.3,13.418,283
2023-02-20T00:00:00.000Z,61.7,195.7,84.9,74.6,105.8,24.619,395
2023-02-21T00:00:00.000Z,48.1,401.6,84.5,63.3,106.3,29.047,620
2023-02-22T00:00:00.000Z,46.8,91.4,60.85,55.4,66.5,6.654,564
2023-02-23T00:00:00.000Z,47.7,79.4,59,55,62.8,5.812,608
2023-02-24T00:00:00.000Z,26.8,185.8,56.7,51.7,78.84,26.417,576
2023-02-25T00:00:00.000Z,29,654.5,51.05,35.7,63.1,80.747,386
2023-02-26T00:00:00.000Z,62.1,304,71.3,68,97.2,42.297,575
2023-02-27T00:00:00.000Z,74.3,411.6,90.85,85.8,103.1,26.48,626
2023-02-28T00:00:00.000Z,63,291.6,79.9,74.2,86.35,27.796,669
2023-03-01T00:00:00.000Z,52.7,356.6,151.1,86.6,175,51.7,679
2023-03-02T00:00:00.000Z,94.2,849.5,117.5,108.7,167.8,51.948,655
2023-03-03T00:00:00.000Z,56.1,313.4,90.3,79.9,116.5,45.129,662
2023-03-04T00:00:00.000Z,50.9,165.5,91.8,70.7,124.5,30.618,655
2023-03-05T00:00:00.000Z,91.5,235.2,125.8,118.6,133.6,13.538,660
2023-03-06T00:00:00.000Z,48.2,213.4,71.6,57.75,92.9,22.455,648
2023-03-07T00:00:00.000Z,47.5,258.8,63.2,60.5,66.2,9.814,638
2023-03-08T00:00:00.000Z,45.8,420.5,77.5,67,103,34.377,647
2023-03-09T00:00:00.000Z,59.6,385.1,128.9,83.5,168.15,43.323,653
2023-03-10T00:00:00.000Z,50.8,196.9,87.7,75.8,109.9,30.385,653
2023-03-11T00:00:00.000Z,55.9,176.9,75.9,71.05,82.7,16.519,569
2023-03-12T00:00:00.000Z,16.2,408.8,75.1,26.6,87.7,45.74,663
2023-03-13T00:00:00.000Z,33.8,209.1,65.9,51.9,77.09,29.277,651
2023-03-14T00:00:00.000Z,54.3,230.9,76.4,69.7,103.55,32.53,653
2023-03-15T00:00:00.000Z,51.9,167.7,76.2,60,93.9,20.531,639
2023-03-16T00:00:00.000Z,27.8,68.2,50.1,46.25,54.8,7.073,657
2023-03-17T00:00:00.000Z,41,163.1,58,54.4,61.6,9.598,671
2023-03-18T00:00:00.000Z,48.2,87.3,59.6,56.4,62.9,4.744,657
2023-03-19T00:00:00.000Z,32.4,188.8,46.4,41.6,52.6,11.161,650
2023-03-20T00:00:00.000Z,54,271.4,65.09,62.9,68.45,17.477,625
2023-03-21T00:00:00.000Z,61.1,575,81.65,75.09,90.3,23.471,666
2023-03-22T00:00:00.000Z,65.5,141.5,83.3,76.59,103.5,15.644,675
2023-03-23T00:00:00.000Z,66.9,204,84.6,76.3,92.7,11.914,675
2023-03-24T00:00:00.000Z,53.3,144.4,70.2,62.3,94.05,16.967,640
2023-03-25T00:00:00.000Z,18.5,163.1,68.5,54.7,77.7,23.378,419
2023-03-26T00:00:00.000Z,12.7,195.1,44.4,21.65,59.3,20.724,405
2023-03-27T00:00:00.000Z,8.1,113.4,48.65,23.9,59.75,21.567,504
2023-03-28T00:00:00.000Z,24.2,103.9,51.1,45.25,59.5,11.631,553
2023-03-29T00:00:00.000Z,37.4,203.2,53.8,49.3,59.4,12.578,323
2023-03-30T00:00:00.000Z,35.7,483.2,85.7,59.9,108.05,33.153,441
2023-03-31T00:00:00.000Z,48.1,199.4,97.7,67.59,114.9,26.769,495
2023-04-01T00:00:00.000Z,39.7,142.7,64.9,52.6,82.7,18.155,560
2023-04-02T00:00:00.000Z,46,291.8,61.05,56.4,68.25,14.624,544
2023-04-03T00:00:00.000Z,49.2,125.9,59.8,55.9,65.7,8.464,570
2023-04-04T00:00:00.000Z,62.3,196.1,77.3,71.2,82.65,12.87,528
2023-04-05T00:00:00.000Z,55.8,210.8,81.5,74.3,110.2,24.689,363
2023-04-06T00:00:00.000Z,30,185.7,71.1,60.3,119.3,35.164,343
2023-04-07T00:00:00.000Z,34.9,134.3,76,70.6,88.3,17.094,542
2023-04-08T00:00:00.000Z,48.8,137.7,62.3,56.9,73.59,17.078,671
2023-04-09T00:00:00.000Z,60.6,125.8,81.2,73,89.9,12.209,671
2023-04-10T00:00:00.000Z,61.6,154.8,81,74.55,113.65,27.512,504
2023-04-11T00:00:00.000Z,52,329.5,78.3,70.5,85.4,23.636,399
2023-04-12T00:00:00.000Z,42.9,163.6,68,63.1,77.05,12.532,661
2023-04-13T00:00:00.000Z,38.9,171.5,55.8,52,59.9,8.859,663
2023-04-14T00:00:00.000Z,52.4,125.7,63.9,60,72.7,8.596,637
2023-04-15T00:00:00.000Z,33.1,320.9,75.1,66.25,83.55,21.265,665
2023-04-16T00:00:00.000Z,47,249.8,75,67,78.09,12.345,600
2023-04-17T00:00:00.000Z,55.6,91.4,65.4,61.9,70.9,6.653,623
2023-04-18T00:00:00.000Z,53,579.2,68.3,66.3,72.7,24.556,670
2023-04-19T00:00:00.000Z,56.2,339.7,72.4,66,92.9,24.169,668
2023-04-20T00:00:00.000Z,62.3,439.6,84.15,69.7,92.9,24.1,626
2023-04-21T00:00:00.000Z,63.7,153.5,88.7,75.3,97.4,14.709,654
2023-04-22T00:00:00.000Z,55.5,172.1,66.55,62.2,73.25,10.98,636
2023-04-23T00:00:00.000Z,49.6,286,59.85,55.1,65.59,14.755,658
2023-04-24T00:00:00.000Z,32.3,547.6,51.6,46.1,57.1,37.265,653
2023-04-25T00:00:00.000Z,9.3,218.2,47.3,26.3,53.9,17.716,679
2023-04-26T00:00:00.000Z,13.9,415.8,64.09,46.6,76.8,26.606,624
2023-04-27T00:00:00.000Z,30.6,181,55.5,45.4,59.8,10.846,647
2023-04-28T00:00:00.000Z,13.2,71.9,42.4,36.7,51.65,9.029,665
2023-04-29T00:00:00.000Z,6.3,387.9,26.1,16.3,36.95,18.854,677
2023-04-30T00:00:00.000Z,19.7,80.7,45.05,30,51.4,13.084,670
2023-05-01T00:00:00.000Z,30,245.1,48.55,43.1,53.8,13.658,662
2023-05-02T00:00:00.000Z,19,205.4,44.8,33.45,50.45,13.165,665
2023-05-03T00:00:00.000Z,22.1,149.4,33,30,37.79,8.335,669
2023-05-04T00:00:00.000Z,45.5,206.7,50.45,49,52.3,7.237,668
2023-05-05T00:00:00.000Z,47.8,213.8,57.9,54.8,62.25,10.304,665
2023-05-06T00:00:00.000Z,44.5,143.5,62.5,50.4,69.8,11.09,674
2023-05-07T00:00:00.000Z,4.5,165.2,59.7,48.85,68.4,22.388,672
2023-05-15T00:00:00.000Z,28.7,261.5,46.8,40.9,53.1,11.543,658
2023-05-16T00:00:00.000Z,36.4,172.8,58.5,53.5,65.7,14.615,644
2023-05-17T00:00:00.000Z,34.9,144.3,63.7,45.8,72.7,18.41,659
2023-05-18T00:00:00.000Z,36.9,147.3,64.2,59.35,66.4,9.737,644
2023-05-19T00:00:00.000Z,56.5,119.2,64.2,61.8,67.5,5.72,638
2023-05-20T00:00:00.000Z,46.8,105.9,63,59.2,65.6,5.943,663
2023-05-21T00:00:00.000Z,46.9,142.8,59.15,55.6,66,8.835,658
2023-05-22T00:00:00.000Z,51.5,169.1,62.6,58.8,68.4,9.816,650
2023-05-23T00:00:00.000Z,34.1,163.7,56.4,52.3,67.5,12.002,645
2023-05-24T00:00:00.000Z,13.5,78.5,60.9,51.5,66.9,17.085,639
2023-05-25T00:00:00.000Z,5.9,105.9,33.7,22.8,48.2,19.384,675
2023-05-26T00:00:00.000Z,16.6,144.5,32.5,25.3,49.05,18.111,653
2023-05-27T00:00:00.000Z,13.4,84.8,28.1,24,36.5,10.892,654
2023-05-28T00:00:00.000Z,14.2,165,26.15,22.8,31.7,9.723,676
2023-05-29T00:00:00.000Z,32.4,88.4,46.3,40.2,51.6,8.636,687
2023-05-30T00:00:00.000Z,25,327,51.9,38.29,62.2,21.466,671
2023-05-31T00:00:00.000Z,35.7,92.9,56.1,45.15,68.65,13.74,645
2023-06-01T00:00:00.000Z,37,75.4,52.5,49.05,56.3,6.856,677
2023-06-02T00:00:00.000Z,4.4,141.3,49.6,19,56.5,27.51,622
2023-06-03T00:00:00.000Z,26.1,130.9,49.95,43.5,56.2,13.083,670
2023-06-04T00:00:00.000Z,22,93.1,53.85,44.5,60.5,12.399,634
2023-06-05T00:00:00.000Z,27.4,128.2,53.55,45.25,62.35,15.835,648
2023-06-06T00:00:00.000Z,13.4,141.2,59.7,51.8,70.8,15.641,641
2023-06-07T00:00:00.000Z,26.8,206.8,63.2,35.5,67.4,27.133,635
2023-06-08T00:00:00.000Z,8.5,123.1,68.45,26.2,74,26.572,646
2023-06-09T00:00:00.000Z,16.7,75.2,39.65,34.25,47.8,14.415,624
2023-06-10T00:00:00.000Z,34.8,102.5,62.6,54.8,74.7,14.092,671
2023-06-11T00:00:00.000Z,35.1,151.9,65.95,56.7,77.3,18.314,638
2023-06-12T00:00:00.000Z,39,135.6,63.7,52.05,71.59,17.203,588
2023-06-13T00:00:00.000Z,8.1,125.8,45.7,25.1,54.35,20.777,669
2023-06-14T00:00:00.000Z,6.2,173,36.3,21.5,44.4,16.318,647
2023-06-15T00:00:00.000Z,9.4,142.3,46.4,27.45,54.1,16.56,649
2023-06-16T00:00:00.000Z,16.1,103.3,34.3,21.6,44.6,14.357,666
2023-06-17T00:00:00.000Z,9.4,72.8,31.6,22.9,38.7,10.131,637
2023-06-18T00:00:00.000Z,5.2,65.7,25.8,20.1,44.6,15.227,649
2023-06-19T00:00:00.000Z,14.1,75.7,51.1,45,62.1,13.159,658
2023-06-20T00:00:00.000Z,1.4,74.5,25,15.6,40.75,16.608,656
2023-06-21T00:00:00.000Z,3.9,101.2,53.6,37.5,65.3,21.884,659
2023-06-22T00:00:00.000Z,3.1,106.4,59.8,16,70.4,28.383,650
2023-06-23T00:00:00.000Z,2.9,75,28.1,16.7,43.3,15.532,668
2023-06-24T00:00:00.000Z,4.9,104.8,29.05,13.9,43.8,20.626,654
2023-06-25T00:00:00.000Z,4.3,69.6,27.9,15.7,48,17.585,659
2023-06-26T00:00:00.000Z,13.8,76.6,39.4,27,53.1,15.916,658
2023-06-27T00:00:00.000Z,9.4,123.3,35.5,25.3,48.7,15.585,627
2023-06-28T00:00:00.000Z,13.6,107.7,24.3,20.4,31.3,12.415,650
2023-06-29T00:00:00.000Z,21.3,104.2,37.2,31.1,47.3,12.613,687
2023-06-30T00:00:00.000Z,18,187.8,41.6,28.4,52.9,17.577,655
2023-07-01T00:00:00.000Z,16.3,149.6,45.65,35.4,53.2,16.306,602
2023-07-02T00:00:00.000Z,13.7,233.5,27.7,21.7,39,19.626,675
2023-07-03T00:00:00.000Z,5.2,260.7,42.4,23.3,52.3,21.537,655
2023-07-04T00:00:00.000Z,8.2,86.1,24.4,17.7,34,12.073,642
2023-07-05T00:00:00.000Z,4.4,64.2,33.1,26.1,45.7,12.913,614
2023-07-06T00:00:00.000Z,7.4,125.6,16.75,12.6,22.4,12.222,634
2023-07-07T00:00:00.000Z,10.7,87.4,19.7,15.3,24.7,7.598,686
2023-07-08T00:00:00.000Z,4.7,112.5,17.8,10.4,35.29,15.107,666
2023-07-09T00:00:00.000Z,5.3,108.4,24.2,15.3,44.25,16.696,676
2023-07-10T00:00:00.000Z,8.6,120.5,36.1,29.4,43.9,14.804,674
2023-07-11T00:00:00.000Z,13.6,131.3,33.1,26.6,42.3,12.6,666
2023-07-12T00:00:00.000Z,2.4,58.6,20.1,12,32.15,13.141,649
2023-07-13T00:00:00.000Z,12.1,80.1,35.7,22.9,50,17.253,635
2023-07-14T00:00:00.000Z,7.2,95.6,33.9,18.6,49,18.984,634
2023-07-15T00:00:00.000Z,23,112.3,47.3,35.54,53.85,12.775,640
2023-07-16T00:00:00.000Z,24.7,110.7,46.65,34.29,61.7,14.475,634
2023-07-17T00:00:00.000Z,9.7,155.7,55.9,22.7,77,31.157,634
2023-07-18T00:00:00.000Z,16.3,197.5,33.3,29.2,41.8,11.219,656
2023-07-19T00:00:00.000Z,35.2,76.1,59.2,56.15,62.7,7.111,653
2023-07-20T00:00:00.000Z,36.9,405.8,60.9,56.05,67.15,22.169,657
2023-07-21T00:00:00.000Z,12.4,125.4,52.5,40.6,58.6,15.729,634
2023-07-22T00:00:00.000Z,2.3,108.3,15.9,12.9,18.39,10.167,640
2023-07-23T00:00:00.000Z,5.9,118.1,14.4,10.3,21.1,11.323,664
2023-07-24T00:00:00.000Z,7.4,49.8,18.8,14.5,24.25,7.211,657
2023-07-25T00:00:00.000Z,6.2,128.6,16.2,12.1,23.6,9.944,657
2023-07-26T00:00:00.000Z,11.8,121.5,30.8,20.1,38.79,12.159,626
2023-07-27T00:00:00.000Z,20.9,168.9,48.15,40.1,53.2,12.369,650
2023-07-28T00:00:00.000Z,25,131.7,48.6,35.2,55.1,16.143,647
2023-07-29T00:00:00.000Z,14.3,139.7,57.1,52.8,62.15,9.822,668
2023-07-30T00:00:00.000Z,14.6,272.2,42.4,35,51.3,14.542,647
2023-07-31T00:00:00.000Z,2,133,38.6,19.3,47.55,21.806,656
2023-08-01T00:00:00.000Z,7.6,140.6,44.25,30.1,60.5,18.967,666
2023-08-02T00:00:00.000Z,31.3,89.4,51.7,45.5,56.8,9.873,638
2023-08-03T00:00:00.000Z,17.4,580.2,41.1,35,46.1,23.977,627
2023-08-04T00:00:00.000Z,11.9,75.2,31.9,22.9,40.1,12.475,651
2023-08-05T00:00:00.000Z,4.1,98,19.8,11.7,37.29,18.075,643
2023-08-06T00:00:00.000Z,2.2,272,36.54,23.9,49.4,18.726,650
2023-08-07T00:00:00.000Z,4.5,128.5,21.35,9.55,32.65,14.075,636
2023-08-08T00:00:00.000Z,3.8,285.6,29.15,17.3,41.9,23.202,622
2023-08-09T00:00:00.000Z,17,190.6,37.79,27.6,52.7,15.341,663
2023-08-10T00:00:00.000Z,15.5,686.9,68.65,54.2,77.8,34.55,646
2023-08-11T00:00:00.000Z,18.4,202.6,55.8,44.6,63.45,22.512,668
2023-08-12T00:00:00.000Z,7.7,123.9,55.7,26.2,61.5,19.759,647
2023-08-13T00:00:00.000Z,16.7,108.6,48.7,37.5,60.2,14.539,671
2023-08-14T00:00:00.000Z,9,386.8,29.6,20.7,39.95,33.596,664
2023-08-15T00:00:00.000Z,39.5,326.7,57.8,52,63.9,15.977,645
2023-08-16T00:00:00.000Z,20.3,351.9,54.2,46.7,66,21.649,627
2023-08-17T00:00:00.000Z,31.8,123.5,53.6,47.7,58.5,9.236,653
2023-08-18T00:00:00.000Z,6.2,81.5,50.5,34,57.3,16.899,643
2023-08-19T00:00:00.000Z,37,182.9,68.1,56.05,77.45,18.262,665
2023-08-20T00:00:00.000Z,2.8,86.6,37.3,24,51.3,19.284,647
2023-08-21T00:00:00.000Z,16.2,259.4,40.04,28.5,49.4,16.882,630
2023-08-22T00:00:00.000Z,25.9,132.1,52.4,43.3,57.9,11.014,657
2023-08-23T00:00:00.000Z,12.3,80,41.6,24,53.9,17.701,655
2023-08-24T00:00:00.000Z,18.5,132.7,36.1,26.5,49,12.501,640
2023-08-25T00:00:00.000Z,8.7,124.5,38.4,28.9,53.2,16.521,618
2023-08-26T00:00:00.000Z,5.9,125,51,31.05,60.9,19.864,637
2023-08-27T00:00:00.000Z,3.6,120.4,51.05,28.05,59.15,21.98,656
2023-08-28T00:00:00.000Z,10.4,418.5,35.6,19.39,52.1,29.769,663
2023-08-29T00:00:00.000Z,8.5,85.9,30.6,23,35.54,10.172,625
2023-08-30T00:00:00.000Z,17.6,95,47.35,23.05,62.5,21.972,628
2023-08-31T00:00:00.000Z,20,117.9,71.7,30.4,78.9,24.65,659
2023-09-01T00:00:00.000Z,34.3,120.5,69.8,49.8,90.65,23.328,645
2023-09-02T00:00:00.000Z,25,129.6,61.4,45.9,80.59,21.605,622
2023-09-03T00:00:00.000Z,11.3,177.5,50.1,34.9,58.2,19.039,626
2023-09-04T00:00:00.000Z,8.8,64.3,38.79,24.2,45,12.887,634
2023-09-05T00:00:00.000Z,16.2,133.7,49.8,36.5,76.4,30.592,677
2023-09-06T00:00:00.000Z,29.4,233.4,48.7,37.95,69.75,19.556,641
2023-09-07T00:00:00.000Z,16.8,92.2,56.5,46.3,78,19.593,631
2023-09-08T00:00:00.000Z,16.3,210.6,37.29,33.25,46.1,12.983,661
2023-09-09T00:00:00.000Z,30.7,130.5,58,48.1,73.3,18.15,623
2023-09-10T00:00:00.000Z,12.8,250,61.25,45.2,70.4,23.938,658
2023-09-18T00:00:00.000Z,8.9,89.4,45.5,19.39,56.3,19.599,666
2023-09-19T00:00:00.000Z,8.3,142.5,26.3,19.35,33.1,13.128,653
2023-09-20T00:00:00.000Z,10,61.3,22.3,17.3,27.85,9.77,641
2023-09-21T00:00:00.000Z,14.9,48.5,23.9,20.7,29.6,6.947,667
2023-09-22T00:00:00.000Z,12.7,63.7,22.8,19.39,30,8.899,655
2023-09-23T00:00:00.000Z,13.3,85,27.2,22.1,33.15,11.76,653
2023-09-24T00:00:00.000Z,34.5,144.9,52.4,46.5,63.9,12.288,621
2023-09-25T00:00:00.000Z,22.6,108.8,55.4,32.65,63.65,16.445,649
2023-09-26T00:00:00.000Z,23.4,135.8,42.1,34.5,48.8,11.711,661
2023-09-27T00:00:00.000Z,4.5,63.1,30.9,21.1,41,11.585,633
2023-09-28T00:00:00.000Z,3.6,125,41.4,28.1,53.25,16.554,656
2023-09-29T00:00:00.000Z,41,172.1,58.6,51.7,64.4,9.238,653
2023-09-30T00:00:00.000Z,39.1,146.9,60.7,55.3,71.4,14.785,654
2023-10-01T00:00:00.000Z,25.5,80.3,39.4,34.6,48.2,12.175,672
2023-10-02T00:00:00.000Z,28,157.8,53.05,41.7,62.7,19.931,666
2023-10-03T00:00:00.000Z,34,262.3,57.8,50.3,72.9,39.083,658
2023-10-04T00:00:00.000Z,26.9,120.1,56,49.55,62.15,16.671,648
2023-10-05T00:00:00.000Z,12.8,93.3,50.2,43.9,54.5,11.321,641
2023-10-06T00:00:00.000Z,20.9,94.2,48.15,39,52.7,13.993,668
2023-10-07T00:00:00.000Z,8.5,69.8,21.7,15.6,39.5,14.683,656
2023-10-08T00:00:00.000Z,9.8,70.3,24.5,16.85,36.15,14.207,669
2023-10-09T00:00:00.000Z,12.1,94.9,25.8,17,45.3,19.083,630
2023-10-10T00:00:00.000Z,15.1,98.9,29,23.2,43,13.536,655
2023-10-11T00:00:00.000Z,15.9,69.2,35.7,28.9,48.95,12.742,664
2023-10-12T00:00:00.000Z,19.3,171.8,45.1,37.6,52.1,16.989,651
2023-10-13T00:00:00.000Z,35.7,119.4,59.1,49.5,72.59,17.333,667
2023-10-14T00:00:00.000Z,16.4,85.1,35.1,26.2,63.2,18.636,641
2023-10-15T00:00:00.000Z,15.1,82.5,46.7,26.4,62.9,18.977,663
2023-10-16T00:00:00.000Z,30.4,253.6,69.65,45.6,99.4,34.254,650
2023-10-17T00:00:00.000Z,41.9,154.4,79.15,58.5,95.7,24.955,638
2023-10-18T00:00:00.000Z,27.2,228.7,104.75,54.75,154.5,51.385,652
2023-10-19T00:00:00.000Z,9.1,118.1,40.1,33,54.9,23.738,648
2023-10-20T00:00:00.000Z,9.5,71.3,33.65,16.2,48.55,16.807,652
2023-10-21T00:00:00.000Z,12.6,104,30.7,20.9,49.9,16.971,670
2023-10-22T00:00:00.000Z,24.7,83.7,61,32.5,69.8,18.3,665
2023-10-23T00:00:00.000Z,37.6,156.3,68.2,51.75,78.65,27.31,633
2023-10-24T00:00:00.000Z,36.9,158.4,94.6,60.2,115.5,29.995,643
2023-10-25T00:00:00.000Z,40.5,155.8,68.6,56.25,74.15,19.792,641
2023-10-26T00:00:00.000Z,29.7,169.6,63,53.6,76.59,29.962,638
2023-10-27T00:00:00.000Z,20,202.7,70.1,45.9,75.4,36.549,658
2023-10-28T00:00:00.000Z,34.1,73.4,49.9,44.75,54.5,8.245,652
2023-10-29T00:00:00.000Z,6.6,58,34.1,22.3,46.9,13.275,635
2023-10-30T00:00:00.000Z,12.2,243.2,53.4,25,68.59,26.968,635
2023-10-31T00:00:00.000Z,30.6,117.9,59.7,41.2,66,17.798,643
2023-11-01T00:00:00.000Z,50.6,188.2,69.8,62.85,74.7,24.404,653
2023-11-02T00:00:00.000Z,57.2,150.2,69.7,65.55,77.65,19.786,629
2023-11-03T00:00:00.000Z,33.4,117.3,46.6,40.95,56,13.503,653
2023-11-04T00:00:00.000Z,11.3,69.5,30.75,21.4,42.7,11.392,674
2023-11-05T00:00:00.000Z,24.4,105.8,42.5,34.6,50.3,9.497,666
2023-11-06T00:00:00.000Z,13.4,175.2,29.95,21.75,37.54,12.063,636
2023-11-07T00:00:00.000Z,24.1,99.7,54.3,34.7,59.6,14.768,641
2023-11-08T00:00:00.000Z,34.8,139.9,63.35,56.55,75.75,18.847,640
2023-11-09T00:00:00.000Z,36,78.9,52.2,47.2,56.2,7.16,631
2023-11-10T00:00:00.000Z,26.9,75.1,40.4,34.5,50.9,9.923,663
2023-11-11T00:00:00.000Z,10.3,98.3,39.29,31.8,46.3,11.688,642
2023-11-12T00:00:00.000Z,4.9,72.1,29.65,14.15,43.5,16.299,384
2023-11-13T00:00:00.000Z,4.1,50.5,12.95,8.8,17.05,6.153,656
2023-11-14T00:00:00.000Z,9.4,89.4,39.79,20.65,46.5,15.183,633
2023-11-15T00:00:00.000Z,3.8,145.8,60.35,49.7,78.3,31.397,642
2023-11-16T00:00:00.000Z,7.8,71.6,19.5,14.8,27.2,10.844,651
2023-11-17T00:00:00.000Z,14.4,168.1,72,36.79,93.25,39.154,669
2023-11-18T00:00:00.000Z,26.4,142.4,78,46.9,102.1,29.869,670
2023-11-19T00:00:00.000Z,40.4,171.6,85.3,61.7,113.6,33.594,663
2023-11-20T00:00:00.000Z,58.2,277.7,99.5,70.9,125.6,47.932,683
2023-11-21T00:00:00.000Z,53.9,221.7,82.2,65.85,121.35,41.471,665
2023-11-22T00:00:00.000Z,92.6,194.4,117.2,109.6,134.9,22.258,687
2023-11-23T00:00:00.000Z,53.7,178.8,72.5,65.5,100.4,30.86,655
2023-11-24T00:00:00.000Z,75.4,178.8,93.6,84.3,113,20.161,683
2023-11-25T00:00:00.000Z,130.1,165.5,147.8,143.8,151.6,6.713,55