date,min,max,median,q1,q3,stdev,count
2022-10-05T00:00:00.000Z,6.2,25.8,11.7,10.8,13.4,5.265,374
2022-10-06T00:00:00.000Z,6.2,30.5,15,12,21.95,6.109,605
2022-10-07T00:00:00.000Z,5.2,55.5,23.5,16.4,28.6,11.551,599
2022-10-08T00:00:00.000Z,18.7,43.2,29.6,26.5,32.2,4.726,643
2022-10-09T00:00:00.000Z,5.3,140.2,11.9,8.1,26.3,11.156,637
2022-10-10T00:00:00.000Z,7.4,70.6,30.3,11,36.1,14.916,614
2022-10-11T00:00:00.000Z,10.9,110.9,31.75,17.8,52.3,20.732,646
2022-10-12T00:00:00.000Z,18.5,165.2,28.8,23.7,43.3,18.452,647
2022-10-13T00:00:00.000Z,23.1,283.6,50.25,32.29,73.15,25.416,632
2022-10-14T00:00:00.000Z,21.1,85.2,55.9,28.5,68.2,20.077,636
2022-10-15T00:00:00.000Z,22.8,127.4,67.05,27.15,77.4,26.153,640
2022-10-16T00:00:00.000Z,22.4,135.9,31.2,26.2,53.75,15.397,633
2022-10-17T00:00:00.000Z,22.9,137.3,31.6,26.2,37.4,12.362,614
2022-10-18T00:00:00.000Z,27.5,124.1,33.29,29.9,61.3,19.78,456
2022-10-21T00:00:00.000Z,15.3,77.6,30.1,25.3,32.4,5.836,559
2022-10-22T00:00:00.000Z,20.4,217.6,44.75,31.2,53.6,16.297,620
2022-10-23T00:00:00.000Z,23.9,200.1,49.5,31.6,76.2,23.928,634
2022-10-24T00:00:00.000Z,26.7,176.6,45.3,35.5,55.3,15.715,591
2022-10-25T00:00:00.000Z,31.1,138.1,48.2,44,51,8.216,618
2022-10-26T00:00:00.000Z,22,131.6,48.2,27.6,57.1,16.113,607
2022-10-27T00:00:00.000Z,17,247.4,27.1,22.7,29.6,10.848,607
2022-10-28T00:00:00.000Z,28.7,113.5,42.6,33.5,54.4,12.799,609
2022-10-29T00:00:00.000Z,38.9,189,69.95,49.2,82.9,18.572,610
2022-10-30T00:00:00.000Z,23.5,107.6,37.7,29.8,50.7,14.151,595
2022-10-31T00:00:00.000Z,9.3,93.8,19,16.2,25,7.569,645
2022-11-01T00:00:00.000Z,9.2,95.8,33.65,18.7,50.6,20.012,634
2022-11-02T00:00:00.000Z,16.1,159.7,44.85,28.1,71.05,30.861,660
2022-11-03T00:00:00.000Z,30.7,176.6,65.95,42.5,80.5,27.228,622
2022-11-04T00:00:00.000Z,26.3,129.2,44.5,33.5,68,19.844,645
2022-11-05T00:00:00.000Z,29.1,150,36.25,32.3,54.5,18.081,638
2022-11-06T00:00:00.000Z,29.9,166.6,52.3,45.1,64.9,16.282,671
2022-11-07T00:00:00.000Z,28.8,189.6,59.6,47.8,77.7,19.855,667
2022-11-08T00:00:00.000Z,32.4,151.1,52.85,44.9,82.35,20.938,656
2022-11-09T00:00:00.000Z,15,131.7,40.7,23.4,51.4,20.348,658
2022-11-10T00:00:00.000Z,31.9,121.8,49.6,44.55,54.65,14.02,673
2022-11-11T00:00:00.000Z,18.2,106.5,31.2,25.9,37.29,16.93,645
2022-11-12T00:00:00.000Z,17,108.5,26.2,23.25,31.9,7.476,652
2022-11-13T00:00:00.000Z,18.8,177.7,36.7,28.9,43.7,13.72,641
2022-11-14T00:00:00.000Z,23.3,109.9,32.8,28.8,48,15.893,644
2022-11-15T00:00:00.000Z,16.2,172.9,25.4,20.9,32,10.646,635
2022-11-16T00:00:00.000Z,7.4,98.6,21.1,17.6,25.45,8.448,640
2022-11-17T00:00:00.000Z,6.3,96.4,21.5,18.9,25,7.217,657
2022-11-18T00:00:00.000Z,13.1,105.5,20.5,17.9,22.2,6.362,633
2022-11-19T00:00:00.000Z,16.4,124.5,25.5,21.3,27.7,8.319,652
2022-11-20T00:00:00.000Z,20.3,129.4,36.1,28.4,61.15,19.01,653
2022-11-21T00:00:00.000Z,24.5,89.1,41.2,31.4,59.5,15.628,643
2022-11-22T00:00:00.000Z,26.3,207.4,44.4,33.7,65.8,22.7,661
2022-11-23T00:00:00.000Z,21.1,158.1,33.2,28.3,44.55,15.54,653
2022-11-24T00:00:00.000Z,13.2,183.2,21.7,20,24.6,9.941,647
2022-11-25T00:00:00.000Z,14.5,47.4,26.8,22.9,34.7,7.905,641
2022-11-26T00:00:00.000Z,17,64.7,27.2,24.35,32.6,6.737,633
2022-11-27T00:00:00.000Z,9.9,72.9,16,12.4,20.2,5.225,625
2022-11-28T00:00:00.000Z,18,243.6,22.9,21,25.5,10.343,650
2022-11-29T00:00:00.000Z,15.5,86.3,22.3,18.8,26.75,5.374,656
2022-11-30T00:00:00.000Z,1.6,44.9,15.7,8.5,21.3,7.595,644
2022-12-01T00:00:00.000Z,2.8,126.3,10,7.7,12.5,6.177,603
2022-12-02T00:00:00.000Z,10.4,183.3,22.6,17.75,29.05,14.918,652
2022-12-03T00:00:00.000Z,20.5,144.4,33.2,28.6,46.7,15.151,618
2022-12-04T00:00:00.000Z,3.6,165.3,23,14.3,27.8,11.741,630
2022-12-05T00:00:00.000Z,7.4,135.2,28.95,14.7,35.9,14.297,638
2022-12-06T00:00:00.000Z,24.4,147,54.2,31.2,64.2,21.317,647
2022-12-07T00:00:00.000Z,34.7,236.8,42,38.6,50.6,12.319,645
2022-12-08T00:00:00.000Z,31.2,195.4,34.7,33.7,38.29,13.011,644
2022-12-09T00:00:00.000Z,31.6,118.8,42.6,34.9,50.9,11.145,656
2022-12-10T00:00:00.000Z,32.9,123.5,45.8,37.1,51.6,9.785,595
2022-12-11T00:00:00.000Z,33.6,219.9,44.7,37.7,70.15,23.131,653
2022-12-12T00:00:00.000Z,31.5,152.8,67.4,34.8,87.5,28.241,584
2022-12-13T00:00:00.000Z,31.9,142.2,57.5,41.3,71.2,18.713,631
2022-12-14T00:00:00.000Z,28.9,188.9,74.84,33.4,96.4,31.682,644
2022-12-15T00:00:00.000Z,37.2,237.8,69.15,57.6,85.4,26.137,670
2022-12-16T00:00:00.000Z,34,282.1,94.5,50.2,123.9,39.635,655
2022-12-17T00:00:00.000Z,18.6,94,30.6,22.9,33.5,11.015,634
2022-12-18T00:00:00.000Z,21.6,208.6,67.2,27.2,91.05,32.174,637
2022-12-19T00:00:00.000Z,35.4,167.5,50.6,43.6,83.2,31.037,630
2022-12-20T00:00:00.000Z,41.4,264.7,79.5,56.2,118.6,35.078,639
2022-12-21T00:00:00.000Z,39.2,195.1,80.5,57.1,106.05,28.622,609
2022-12-22T00:00:00.000Z,32.8,176.2,69.8,48.1,90.6,28.473,603
2022-12-23T00:00:00.000Z,24.6,231.1,35.5,29.7,51.7,27.579,631
2022-12-24T00:00:00.000Z,36,214.7,50.35,42.2,66.3,33.261,642
2022-12-25T00:00:00.000Z,26,134.7,35.75,32,63.75,26.448,648
2022-12-26T00:00:00.000Z,41.5,180.5,97.9,81.3,126.5,33.239,631
2022-12-27T00:00:00.000Z,21.9,59.5,36.79,34.1,41.75,6.767,628
2022-12-28T00:00:00.000Z,18.1,118.8,24.3,22.4,52.8,23.108,618
2022-12-29T00:00:00.000Z,25.5,90.9,30.35,29.2,32.35,4.926,432
2022-12-30T00:00:00.000Z,27.5,117.4,37.1,31.6,52.85,17.331,368
2022-12-31T00:00:00.000Z,33.1,156.8,44.1,37.6,59.5,15.171,502
2023-01-01T00:00:00.000Z,32.9,206,71.09,50.35,81.3,21.678,376
2023-01-02T00:00:00.000Z,32.8,156.9,44.6,38.15,56.4,14.125,505
2023-01-03T00:00:00.000Z,29.7,132.1,55.9,34.6,64.4,21.603,575
2023-01-04T00:00:00.000Z,36.5,113,52.5,47.5,57.85,14.722,545
2023-01-05T00:00:00.000Z,32.1,135.2,45.7,35.6,56.8,16.54,562
2023-01-06T00:00:00.000Z,29,66.7,37,33.4,41.7,6.537,557
2023-01-07T00:00:00.000Z,29.2,120.9,61.4,46.8,92.4,25.477,590
2023-01-08T00:00:00.000Z,36.5,163.1,66.15,46.4,76.3,18.9,570
2023-01-09T00:00:00.000Z,59.3,183,87.4,75.4,93.3,14.986,573
2023-01-10T00:00:00.000Z,43.3,164,62.9,54,73.5,20.29,611
2023-01-11T00:00:00.000Z,16.7,266.1,39.85,25.4,49.1,16.643,598
2023-01-12T00:00:00.000Z,25.4,124,31.3,29,33.1,7.239,577
2023-01-13T00:00:00.000Z,27.9,82.6,35.65,32.2,42.4,7.943,594
2023-01-14T00:00:00.000Z,30.4,162.8,49.55,35.6,77.6,24.553,486
2023-01-15T00:00:00.000Z,13.8,87.5,24.9,17.1,32.2,14.311,467
2023-01-16T00:00:00.000Z,16.9,111.6,32.9,27.8,36.4,9.037,466
2023-01-17T00:00:00.000Z,31.5,124.9,37.1,33.9,44.7,9.345,562
2023-01-18T00:00:00.000Z,30.4,187.7,63.1,33.5,80.8,29.371,611
2023-01-19T00:00:00.000Z,42.2,146.4,66.9,52.95,100.8,25.728,644
2023-01-20T00:00:00.000Z,54.5,277.5,108.8,91.15,133.5,27.768,640
2023-01-21T00:00:00.000Z,44.8,151.5,83.3,67.59,99.2,22.836,667
2023-01-22T00:00:00.000Z,70.1,121.7,85,81.45,97.55,12.693,669
2023-01-23T00:00:00.000Z,22.1,154.5,33.4,32,38.5,18.254,634
2023-01-24T00:00:00.000Z,21.9,180.6,32,26.1,36.2,11.626,599
2023-01-25T00:00:00.000Z,32.4,95,36.6,34.79,39.15,4.361,577
2023-01-26T00:00:00.000Z,30.7,112.8,49.6,43,60.4,11.327,599
2023-01-27T00:00:00.000Z,27.5,123.7,38.54,35.54,45.1,9.918,588
2023-01-28T00:00:00.000Z,27.8,107.1,41.5,30.9,57.4,13.016,597
2023-01-29T00:00:00.000Z,32.1,153.6,65.2,41.8,90.4,30.216,615
2023-01-30T00:00:00.000Z,43.1,149.2,75,56.7,85.6,19.496,587
2023-01-31T00:00:00.000Z,27.5,146.4,43.8,37.2,87.3,32.947,381
2023-02-01T00:00:00.000Z,28.3,202,38.15,31.1,53.8,17.999,382
2023-02-02T00:00:00.000Z,33.5,148.2,62,35.4,94.6,27.793,496
2023-02-03T00:00:00.000Z,18.2,178.7,27.7,23.3,30.8,8.727,529
2023-02-04T00:00:00.000Z,17.2,208.1,25.4,23.5,29.2,10.557,366
2023-02-05T00:00:00.000Z,11,74.5,22.9,19.1,26.2,7.288,500
2023-02-06T00:00:00.000Z,17,40.3,26,21.75,28.05,3.888,344
2023-02-07T00:00:00.000Z,12.4,178.6,22.95,19.3,30.2,10.885,404
2023-02-08T00:00:00.000Z,15.4,86.1,22.1,19.6,24.75,4.674,380
2023-02-09T00:00:00.000Z,19,33.5,22.3,20.8,25.2,3.378,451
2023-02-10T00:00:00.000Z,16.5,40.7,25.8,23.3,27.4,3.243,486
2023-02-11T00:00:00.000Z,18.4,35.2,27.7,26.5,28.8,2.24,527
2023-02-12T00:00:00.000Z,25.7,50.3,33.1,31.4,34.29,3.103,421
2023-02-13T00:00:00.000Z,23.4,71.9,31,27.2,39.7,7.396,559
2023-02-14T00:00:00.000Z,22.7,57.4,28.3,26.6,33.8,5.848,601
2023-02-15T00:00:00.000Z,26.7,100.5,33.9,30.7,40.4,9.146,585
2023-02-16T00:00:00.000Z,34.5,200.2,49.5,42.8,62.5,13.944,575
2023-02-17T00:00:00.000Z,66.8,99.6,79,75.5,83.8,6.167,279
2023-02-20T00:00:00.000Z,31.2,103.3,44.65,37.7,56.5,13.872,394
2023-02-21T00:00:00.000Z,22.8,202.7,42.7,30.5,54.2,15.161,594
2023-02-22T00:00:00.000Z,23.5,45.7,29.7,27.3,32.4,3.144,525
2023-02-23T00:00:00.000Z,24.9,38.7,28.8,27.4,30.2,2.129,588
2023-02-24T00:00:00.000Z,17,79.3,28,26.1,40.4,12.75,555
2023-02-25T00:00:00.000Z,16.7,214.6,25.6,19.7,32.1,31.2,382
2023-02-26T00:00:00.000Z,30.6,139.6,34.79,33.5,52.4,22.049,566
2023-02-27T00:00:00.000Z,37.4,116.9,48,42.5,54.2,12.013,608
2023-02-28T00:00:00.000Z,30.3,158.3,37.45,34.1,42.15,14.645,636
2023-03-01T00:00:00.000Z,26.4,155.4,72.2,38.29,80.9,23.656,654
2023-03-02T00:00:00.000Z,51.1,250.6,59.3,56.1,81.7,19.858,643
2023-03-03T00:00:00.000Z,28.5,145.6,45.55,40,59.7,21.058,654
2023-03-04T00:00:00.000Z,27.2,89.4,53.4,34.79,68.8,17.727,643
2023-03-05T00:00:00.000Z,48.7,121.2,64.75,59.85,68.15,6.839,644
2023-03-06T00:00:00.000Z,23.7,93.7,34.3,28.2,44.7,10.19,611
2023-03-07T00:00:00.000Z,23.9,117.8,30.4,29,31.9,4.752,589
2023-03-08T00:00:00.000Z,23.4,208.9,39.5,32,56.2,17.264,635
2023-03-09T00:00:00.000Z,29.1,147.5,62.6,41.7,80.95,19.581,645
2023-03-10T00:00:00.000Z,25.5,93.1,43.9,36.9,52.8,14.744,630
2023-03-11T00:00:00.000Z,27.5,84,36.9,33.54,41.7,9.301,560
2023-03-12T00:00:00.000Z,9.8,196.2,35.5,15.4,42.5,21.652,639
2023-03-13T00:00:00.000Z,17.1,109,32.85,25.9,41.2,16.712,622
2023-03-14T00:00:00.000Z,27.1,118.9,38.4,33.7,51.95,17.407,629
2023-03-15T00:00:00.000Z,25.1,78.6,36.79,28.4,45.45,10.202,617
2023-03-16T00:00:00.000Z,17,34.5,23.8,22.9,26.5,2.665,610
2023-03-17T00:00:00.000Z,20.4,91.1,27.3,25.4,28.9,5.418,625
2023-03-18T00:00:00.000Z,23,40.6,28.3,26.9,29.55,2.105,636
2023-03-19T00:00:00.000Z,17.2,84.6,22.9,21.3,24.8,5.133,610
2023-03-20T00:00:00.000Z,24.5,153,30.5,29.3,32.2,10.648,581
2023-03-21T00:00:00.000Z,29.6,143.7,38.3,35.4,40.85,6.578,637
2023-03-22T00:00:00.000Z,32.3,94.1,45.4,40.1,53,8.927,638
2023-03-23T00:00:00.000Z,33,104,43.8,39.6,49.4,6.945,651
2023-03-24T00:00:00.000Z,26.1,64.3,34.4,30.4,50,9.87,623
2023-03-25T00:00:00.000Z,11.4,81.6,33.3,27.6,39.79,12.011,407
2023-03-26T00:00:00.000Z,7.7,76,22.9,12.95,28.5,8.942,381
2023-03-27T00:00:00.000Z,4.8,53.8,25.1,14.1,29.9,10.539,483
2023-03-28T00:00:00.000Z,13.5,43.8,26.1,22.2,30.5,5.51,538
2023-03-29T00:00:00.000Z,19.8,106.9,27,24.6,29.3,6.737,311
2023-03-30T00:00:00.000Z,19.5,135.1,45.7,29.9,51.5,12.846,419
2023-03-31T00:00:00.000Z,22.4,102,46.35,30.4,55.4,13.468,482
2023-04-01T00:00:00.000Z,19.3,74,29.85,24.9,38.7,8.893,542
2023-04-02T00:00:00.000Z,23.2,142.6,29.6,27.65,32.7,8.225,505
2023-04-03T00:00:00.000Z,24.7,67,29.8,27.9,32.6,4.243,547
2023-04-04T00:00:00.000Z,30.4,100.5,39.9,34.2,43.4,7.073,521
2023-04-05T00:00:00.000Z,27.6,120,43.7,35.9,58.9,14.589,358
2023-04-06T00:00:00.000Z,17.4,96.8,34.2,29.9,64.09,19.047,326
2023-04-07T00:00:00.000Z,20.1,72,41.4,36.3,47.4,9.298,522
2023-04-08T00:00:00.000Z,23.9,72.8,30.9,28.5,37.04,9.706,653
2023-04-09T00:00:00.000Z,27.5,57.9,36.9,33.4,43.3,6.544,654
2023-04-10T00:00:00.000Z,27.7,70,36.9,33.29,50.4,11.959,486
2023-04-11T00:00:00.000Z,25,169.4,38.4,34.79,42.3,12.112,383
2023-04-12T00:00:00.000Z,21.6,83.7,31.3,28.6,35.79,5.791,631
2023-04-13T00:00:00.000Z,21.2,103.4,27,25.65,28.7,4.904,637
2023-04-14T00:00:00.000Z,25.5,47.8,30.5,28.6,33.4,3.676,598
2023-04-15T00:00:00.000Z,19.6,112.6,36.6,32,43.35,10.455,653
2023-04-16T00:00:00.000Z,23.3,92.5,35.7,32.29,37.5,5.999,592
2023-04-17T00:00:00.000Z,25.5,44.9,29.9,28.6,33.2,3.088,604
2023-04-18T00:00:00.000Z,25.6,231.6,32.3,31.4,33.9,10.721,662
2023-04-19T00:00:00.000Z,27.1,190.9,34.4,31.1,47.8,13.283,632
2023-04-20T00:00:00.000Z,29.5,232.8,42.9,33.29,46.9,13.574,605
2023-04-21T00:00:00.000Z,29.6,69.3,44.9,35.2,49,8.122,630
2023-04-22T00:00:00.000Z,25.7,88.8,31.6,29.1,35.1,6.288,607
2023-04-23T00:00:00.000Z,23.6,122.7,28.7,26.65,30.8,6.774,644
2023-04-24T00:00:00.000Z,17,293.7,25.7,23,27.6,21.79,637
2023-04-25T00:00:00.000Z,5.4,129.2,23.7,14.8,26.7,8.664,670
2023-04-26T00:00:00.000Z,8.6,178.4,33.04,24.4,41.3,13.41,610
2023-04-27T00:00:00.000Z,18.5,90.5,27.1,23.8,29,4.494,620
2023-04-28T00:00:00.000Z,5.7,31.6,22,19.6,25.4,3.776,622
2023-04-29T00:00:00.000Z,3.5,125.9,15.9,10.5,20.65,7.654,649
2023-04-30T00:00:00.000Z,10.9,37.7,23.4,17.2,26.6,5.977,646
2023-05-01T00:00:00.000Z,16.8,112.3,25.1,22.8,27.9,6.569,619
2023-05-02T00:00:00.000Z,10.9,77.7,22.4,19,24.3,5.355,641
2023-05-03T00:00:00.000Z,12.1,63.7,18.9,16.8,20.6,3.533,635
2023-05-04T00:00:00.000Z,22.6,66.7,25.4,24.7,26.6,2.642,613
2023-05-05T00:00:00.000Z,25.3,93.2,29.7,28.5,31.6,5.13,621
2023-05-06T00:00:00.000Z,23.8,84.6,32.5,26.7,36.8,6.538,639
2023-05-07T00:00:00.000Z,2.6,108.4,30.2,25,35,13.14,652
2023-05-15T00:00:00.000Z,18.1,92.7,23.8,22,26.2,4.128,634
2023-05-16T00:00:00.000Z,20.9,93.3,29.2,27.2,32.65,7.246,608
2023-05-17T00:00:00.000Z,20.4,90.8,32.5,24.6,38.25,10.221,609
2023-05-18T00:00:00.000Z,20.9,82,32.2,30.4,33.5,5.095,617
2023-05-19T00:00:00.000Z,28.6,50.2,32.2,30.9,33.7,2.696,611
2023-05-20T00:00:00.000Z,24.4,61,31.7,29.9,33,3.478,642
2023-05-21T00:00:00.000Z,24,76.8,30.2,28.1,33.25,5.08,621
2023-05-22T00:00:00.000Z,26,104.9,31.8,30,34.45,6.257,612
2023-05-23T00:00:00.000Z,18.8,89.9,28.1,26.3,34.1,6.511,619
2023-05-24T00:00:00.000Z,7.8,41.7,28.8,25.7,33.1,8.35,613
2023-05-25T00:00:00.000Z,3.3,72.4,19.6,13.4,25.3,9.944,656
2023-05-26T00:00:00.000Z,9.8,80.4,19.2,15.45,26.2,9.07,636
2023-05-27T00:00:00.000Z,8.1,49.8,16.7,14.3,20.8,4.959,625
2023-05-28T00:00:00.000Z,9.2,77.8,15.5,13.7,18.35,4.709,653
2023-05-29T00:00:00.000Z,18.7,39.6,24.6,21.4,26.8,3.8,653
2023-05-30T00:00:00.000Z,16.5,163.2,26.9,21.6,31.3,10.194,654
2023-05-31T00:00:00.000Z,20.5,57.2,29.6,24.6,36.3,8.231,631
2023-06-01T00:00:00.000Z,20.9,41.4,28.4,26.6,29.6,3.21,624
2023-06-02T00:00:00.000Z,2.7,84.4,27.5,11.8,30.2,16.134,594
2023-06-03T00:00:00.000Z,15.6,75.5,27.2,24.1,29.5,6.892,652
2023-06-04T00:00:00.000Z,13.1,56.4,28.3,24.1,31,6.534,611
2023-06-05T00:00:00.000Z,16.4,60.6,27.95,24.1,31.9,8.598,610
2023-06-06T00:00:00.000Z,7.8,71,30.5,27.2,36.8,8.219,618
2023-06-07T00:00:00.000Z,17.3,120.4,32.4,21,35.1,15.031,630
2023-06-08T00:00:00.000Z,3.1,70.8,35.65,15.65,38.9,13.828,648
2023-06-09T00:00:00.000Z,10.8,41.8,22.2,20.39,25.5,6.969,600
2023-06-10T00:00:00.000Z,21.6,59,32.4,29.1,41.1,8.529,645
2023-06-11T00:00:00.000Z,20.4,88,35.75,29.5,44.1,11.638,618
2023-06-12T00:00:00.000Z,22.3,73.8,32.9,27,37.9,10.24,574
2023-06-13T00:00:00.000Z,4.6,64.1,24.4,14.9,28.4,10.527,640
2023-06-14T00:00:00.000Z,3.6,96.6,20.25,13.55,23,7.916,632
2023-06-15T00:00:00.000Z,6.6,44,25,17.5,27.9,6.956,647
2023-06-16T00:00:00.000Z,10.4,35.5,19.35,13.85,23.65,5.743,636
2023-06-17T00:00:00.000Z,5.9,32.3,19.1,14,21.9,5.024,605
2023-06-18T00:00:00.000Z,2.8,34.1,17.2,13.25,24.15,7.274,633
2023-06-19T00:00:00.000Z,8.6,42.8,27,24.6,32.04,6.455,636
2023-06-20T00:00:00.000Z,0.3,32.3,16.1,9.7,23.2,8.281,642
2023-06-21T00:00:00.000Z,2.5,58.6,28.45,21.8,34.7,11.631,638
2023-06-22T00:00:00.000Z,1.8,62.8,32.2,8.9,39.5,16.84,638
2023-06-23T00:00:00.000Z,1.4,35.2,16.6,10.2,22.9,7.56,647
2023-06-24T00:00:00.000Z,3.1,42.3,17.89,8.9,23.9,9.694,626
2023-06-25T00:00:00.000Z,2.7,33.9,17,10.3,24.4,7.849,639
2023-06-26T00:00:00.000Z,9.2,42,22.4,17.2,27.1,6.706,642
2023-06-27T00:00:00.000Z,6,38.5,20.9,16,25.1,6.21,627
2023-06-28T00:00:00.000Z,8.8,36.7,15.4,12.8,18.7,4.82,634
2023-06-29T00:00:00.000Z,13.8,46.6,21.95,19.55,25.3,4.833,664
2023-06-30T00:00:00.000Z,12.5,60.9,23.7,18.7,28.3,6.537,630
2023-07-01T00:00:00.000Z,11.3,55.3,24.4,20.8,29.4,7.368,587
2023-07-02T00:00:00.000Z,9,101.8,17.39,13.6,22.2,7.403,656
2023-07-03T00:00:00.000Z,2.9,133.9,24.2,14.9,28.5,10.699,645
2023-07-04T00:00:00.000Z,5.3,34.8,15.5,10.6,20.39,5.912,627
2023-07-05T00:00:00.000Z,2.6,33.9,20.2,16.7,25.8,6.161,597
2023-07-06T00:00:00.000Z,4.7,75.4,10.5,8.1,13.7,6.581,620
2023-07-07T00:00:00.000Z,6.9,55,12.6,9.9,15.65,4.183,656
2023-07-08T00:00:00.000Z,2.7,40.4,11.05,6.7,20.9,7.571,642
2023-07-09T00:00:00.000Z,3,64.6,15.65,9.7,24.5,8.71,646
2023-07-10T00:00:00.000Z,5.2,59.7,21.6,18.4,24.9,7.056,646
2023-07-11T00:00:00.000Z,9.4,67.6,19.89,16.7,23.2,5.734,642
2023-07-12T00:00:00.000Z,1.3,30.5,12.05,8.4,18.2,6.837,634
2023-07-13T00:00:00.000Z,8.4,45.4,21.3,15.1,27.5,8.304,610
2023-07-14T00:00:00.000Z,4.9,51.2,21.1,11.9,27.1,9.847,605
2023-07-15T00:00:00.000Z,14.3,71,25.6,20.7,28.7,6.119,619
2023-07-16T00:00:00.000Z,17.2,61.8,25.35,20.4,32.3,6.806,612
2023-07-17T00:00:00.000Z,6.2,93.5,30.1,13.9,45.1,18.081,613
2023-07-18T00:00:00.000Z,10.9,119.9,20.7,18.5,23.9,5.719,643
2023-07-19T00:00:00.000Z,20.8,40.7,30.6,29,31.8,2.939,614
2023-07-20T00:00:00.000Z,21.1,200.6,31.4,28.9,34.3,12.13,617
2023-07-21T00:00:00.000Z,7.9,69.2,27.5,22.5,30.8,7.593,617
2023-07-22T00:00:00.000Z,1.5,62.8,9.6,8,11.4,6.018,614
2023-07-23T00:00:00.000Z,3.7,62.1,9,6.6,12.8,6.445,630
2023-07-24T00:00:00.000Z,4.7,29.5,11.1,9.1,16,4.574,628
2023-07-25T00:00:00.000Z,4,76.2,10,7.8,14.2,5.804,634
2023-07-26T00:00:00.000Z,7.2,71.6,19.7,12.35,22.7,6.356,592
2023-07-27T00:00:00.000Z,13,105,26.4,23.2,29.3,6.531,607
2023-07-28T00:00:00.000Z,16.2,78.2,26,21.2,29.2,8.267,635
2023-07-29T00:00:00.000Z,9.7,85.2,30.3,28.5,32.4,5.912,645
2023-07-30T00:00:00.000Z,9.8,152,23.4,20.5,27,7.186,631
2023-07-31T00:00:00.000Z,0.8,72.2,22.1,12.8,25.9,11.391,634
2023-08-01T00:00:00.000Z,4.5,66.4,22.5,17.64,28.35,8.32,636
2023-08-02T00:00:00.000Z,18.8,46.1,26.55,23.7,28.3,4.445,624
2023-08-03T00:00:00.000Z,11.3,198.6,22.4,20.45,24.1,8.735,588
2023-08-04T00:00:00.000Z,7.6,39.6,18.64,13.5,21.5,5.825,630
2023-08-05T00:00:00.000Z,2.5,58.8,11.8,7.4,19.8,8.891,638
2023-08-06T00:00:00.000Z,1.2,145.5,19.75,14,25.7,9.488,638
2023-08-07T00:00:00.000Z,2.7,78.5,13.1,6.15,19.1,7.559,616
2023-08-08T00:00:00.000Z,2.6,166.4,17.7,11.1,22.5,12.25,614
2023-08-09T00:00:00.000Z,11.4,119.2,21.8,18,28.05,7.2,628
2023-08-10T00:00:00.000Z,8.8,186.4,34.9,28.4,44.85,14.687,633
2023-08-11T00:00:00.000Z,11,101.6,28.1,23.75,31,11.54,629
2023-08-12T00:00:00.000Z,4.6,77.5,27.6,16,30,8.898,622
2023-08-13T00:00:00.000Z,10,58.1,25.3,21.1,30.05,6.902,648
2023-08-14T00:00:00.000Z,5.8,74.9,16.1,12,22.1,8.086,655
2023-08-15T00:00:00.000Z,19.7,182.6,29.3,26.1,32.8,9.43,611
2023-08-16T00:00:00.000Z,12.4,168.5,29.25,25.5,33.9,10.872,606
2023-08-17T00:00:00.000Z,19.3,76.5,28.6,25.8,30.8,4.766,630
2023-08-18T00:00:00.000Z,4,39.4,27.3,19.8,29.9,8.227,610
2023-08-19T00:00:00.000Z,20.8,98,35.45,29.3,42.6,11.575,642
2023-08-20T00:00:00.000Z,1.6,49.8,20.7,13.7,26.7,9.618,638
2023-08-21T00:00:00.000Z,10.4,132.8,22.9,16.7,26.2,8.021,606
2023-08-22T00:00:00.000Z,16.4,81.3,27.5,24,30,5.731,623
2023-08-23T00:00:00.000Z,7.3,45.4,22.7,14.6,28.1,8.746,636
2023-08-24T00:00:00.000Z,12.1,80.1,20.1,16.25,26.95,6.248,604
2023-08-25T00:00:00.000Z,5,63.5,21.9,17.89,28.4,7.752,603
2023-08-26T00:00:00.000Z,4,74.5,26.9,19.1,31.7,9.891,614
2023-08-27T00:00:00.000Z,2,75,27.8,17.89,31.5,12.093,634
2023-08-28T00:00:00.000Z,6.8,211.2,21.3,12.5,28.3,15.587,638
2023-08-29T00:00:00.000Z,5.7,45.2,18.3,14.3,21,5.213,607
2023-08-30T00:00:00.000Z,12.4,51.8,25.25,15.7,32.5,10.543,608
2023-08-31T00:00:00.000Z,14.2,64,37.9,19.64,44.9,12.926,633
2023-09-01T00:00:00.000Z,21.4,70.7,39,28.7,54.9,13.951,631
2023-09-02T00:00:00.000Z,16.6,79.5,32.6,25.75,47.15,12.685,604
2023-09-03T00:00:00.000Z,7.9,81.5,27,20.65,30.85,9.132,593
2023-09-04T00:00:00.000Z,6.1,34.5,22.25,15.6,24.95,6.385,596
2023-09-05T00:00:00.000Z,10.4,74.9,27.3,21.4,44.7,17.618,657
2023-09-06T00:00:00.000Z,17.3,132,26,21.6,37.6,10.758,619
2023-09-07T00:00:00.000Z,9.7,54,29.75,24.2,45,11.895,612
2023-09-08T00:00:00.000Z,10.1,125.3,21.15,19.2,23.9,6.76,622
2023-09-09T00:00:00.000Z,18.4,72.7,29.6,25.7,39,10.845,603
2023-09-10T00:00:00.000Z,8.3,139.2,31.2,24.7,35.1,12.61,648
2023-09-18T00:00:00.000Z,5.4,52.1,23.8,12.4,28.2,8.787,639
2023-09-19T00:00:00.000Z,4.9,72.1,16.3,11.6,19.8,6.252,632
2023-09-20T00:00:00.000Z,7,30.8,14.1,11.35,17.25,4.604,617
2023-09-21T00:00:00.000Z,9,24.5,14.9,12.4,18.8,3.612,651
2023-09-22T00:00:00.000Z,8.1,31.5,14.05,11.8,17.89,4.204,632
2023-09-23T00:00:00.000Z,8.2,51.3,17,13.6,20.3,5.662,632
2023-09-24T00:00:00.000Z,21.6,93.3,27.7,25.1,32.9,6.825,588
2023-09-25T00:00:00.000Z,15.1,60.8,29.7,20,33,7.256,622
2023-09-26T00:00:00.000Z,13.8,60.8,22.4,19.39,25.9,5.464,642
2023-09-27T00:00:00.000Z,2.2,31.8,18.8,13.5,22.3,5.394,610
2023-09-28T00:00:00.000Z,2.1,70.1,21.4,15.7,26.4,7.632,636
2023-09-29T00:00:00.000Z,22.3,87.3,29.5,26.8,32.1,4.384,626
2023-09-30T00:00:00.000Z,20.7,78.9,29.9,27.6,35,7.281,623
2023-10-01T00:00:00.000Z,15.6,39.2,21.4,19.95,25.3,4.727,645
2023-10-02T00:00:00.000Z,16.1,93.1,28.1,22,32,11.692,633
2023-10-03T00:00:00.000Z,19.7,153.4,29.7,26.2,38.25,21.5,640
2023-10-04T00:00:00.000Z,15.9,66.5,29.4,25.6,32,9.786,623
2023-10-05T00:00:00.000Z,8.9,53.4,26.4,22.8,28.3,5.091,623
2023-10-06T00:00:00.000Z,12.2,50.4,24.6,21.25,27.05,6.599,641
2023-10-07T00:00:00.000Z,5,36,12.4,9.5,20.39,6.864,640
2023-10-08T00:00:00.000Z,6.3,36.1,14.9,10.6,20.8,6.876,643
2023-10-09T00:00:00.000Z,7.7,53.7,15.25,10.6,22.8,9.166,610
2023-10-10T00:00:00.000Z,9.1,55.7,17.25,14.3,23,6.175,648
2023-10-11T00:00:00.000Z,10.5,34.7,19.89,17,25.1,5.456,635
2023-10-12T00:00:00.000Z,11.2,78.4,22.6,19.9,25.1,7.502,628
2023-10-13T00:00:00.000Z,18.3,63,28.9,24.9,36.7,9.671,638
2023-10-14T00:00:00.000Z,8.7,46.1,18.39,14.3,30.3,8.271,623
2023-10-15T00:00:00.000Z,9.4,47.9,24.3,15.4,31,8.792,629
2023-10-16T00:00:00.000Z,17.4,112.6,34.8,24.7,55.3,16.996,619
2023-10-17T00:00:00.000Z,22.1,80.2,42.1,29.2,52,13.926,617
2023-10-18T00:00:00.000Z,15.1,120.9,56.1,27.9,84.4,28.223,635
2023-10-19T00:00:00.000Z,5.7,62.3,21.4,17.5,28.1,12.388,642
2023-10-20T00:00:00.000Z,6.3,35.7,19,10.05,24.4,7.892,645
2023-10-21T00:00:00.000Z,7.6,60.2,17.9,12.7,26.3,8.125,649
2023-10-22T00:00:00.000Z,15.1,48.3,31.4,19.2,35.4,8.748,651
2023-10-23T00:00:00.000Z,21.2,74.9,33.8,27.3,42.1,15.353,619
2023-10-24T00:00:00.000Z,20.6,82.2,50.5,30.2,61.8,16.658,621
2023-10-25T00:00:00.000Z,22.2,82.2,34.6,30.4,39.54,11.009,625
2023-10-26T00:00:00.000Z,18.6,95.1,31.8,28,41.5,16.247,611
2023-10-27T00:00:00.000Z,11.1,106.5,35.5,23.8,39.5,19.608,643
2023-10-28T00:00:00.000Z,18.4,35,24.8,22.5,26.7,3.41,623
2023-10-29T00:00:00.000Z,3.6,28.1,18.7,11.1,23.7,6.662,616
2023-10-30T00:00:00.000Z,6.8,113.6,27.7,15,33.9,12.776,615
2023-10-31T00:00:00.000Z,17.7,54.7,29.15,21.7,32.5,8.509,632
2023-11-01T00:00:00.000Z,25,92.7,33.6,30.2,36.54,12.68,636
2023-11-02T00:00:00.000Z,27,78.4,33.79,31.6,41,11.132,606
2023-11-03T00:00:00.000Z,18.4,104.3,23.4,21.1,27.7,6.666,633
2023-11-04T00:00:00.000Z,6.3,33.5,17.2,12,22.2,5.338,658
2023-11-05T00:00:00.000Z,13.5,87.9,21.8,19.1,25.4,4.838,634
2023-11-06T00:00:00.000Z,8,96.5,16.8,12,20,5.942,614
2023-11-07T00:00:00.000Z,13.4,47.3,26.1,18.8,28.2,6.141,595
2023-11-08T00:00:00.000Z,19.7,75.9,31.25,27.5,40.04,11.294,616
2023-11-09T00:00:00.000Z,19.7,40.3,26.6,24,27.8,3.251,610
2023-11-10T00:00:00.000Z,14,32.8,21.7,19,25.6,4.075,632
2023-11-11T00:00:00.000Z,6.3,61.2,21.05,17.1,23.2,5.522,624
2023-11-12T00:00:00.000Z,2.5,36.3,16.3,7.7,22.2,8.128,366
2023-11-13T00:00:00.000Z,2.4,25.9,7.2,5.09,9,3.244,643
2023-11-14T00:00:00.000Z,5.5,48.9,21.3,12,23.7,7.371,615
2023-11-15T00:00:00.000Z,2.2,70.3,27.85,24.25,38.4,15.287,632
2023-11-16T00:00:00.000Z,4.4,38.5,11.6,8.9,15.5,5.216,618
2023-11-17T00:00:00.000Z,8.6,88.2,36.1,19.89,51.25,20.821,649
2023-11-18T00:00:00.000Z,16.2,76.9,41.3,23.6,54.55,16.771,653
2023-11-19T00:00:00.000Z,22,88.1,47.8,30.9,62.65,18.174,645
2023-11-20T00:00:00.000Z,30.3,131.9,55.2,36.5,65.9,23.886,666
2023-11-21T00:00:00.000Z,28,113.5,46.2,33.4,64.55,21.308,641
2023-11-22T00:00:00.000Z,47,96.9,60.05,57.4,68.3,10.671,676
2023-11-23T00:00:00.000Z,27.4,89.3,36.05,32.2,52.85,15.654,640
2023-11-24T00:00:00.000Z,38,84.8,48.6,44.3,56.8,9.352,659
2023-11-25T00:00:00.000Z,68,78.7,74.75,73.2,76.55,2.679,52