date,min,max,median,q1,q3,stdev,count
2022-11-19T00:00:00.000Z,0,31,0.5,0.2,1,1.671,481
2022-11-20T00:00:00.000Z,0,34.8,0.8,0.3,2.1,2.613,606
2022-11-21T00:00:00.000Z,0,63.8,1.8,0.7,5.8,10.565,657
2022-11-22T00:00:00.000Z,0.2,48.8,3.1,1.9,7.95,5.568,660
2022-11-23T00:00:00.000Z,0.1,114.5,7.5,4.09,17.05,14.188,677
2022-11-24T00:00:00.000Z,1.2,49.9,5.1,3.8,7.6,5.885,665
2022-11-25T00:00:00.000Z,0.1,58.8,5,1.95,6.9,5.39,664
2022-11-26T00:00:00.000Z,0,31.4,1.8,0.7,3.9,4.578,640
2022-11-27T00:00:00.000Z,0,71.3,4.2,1.7,9.5,9.541,641
2022-11-28T00:00:00.000Z,0,168,6.05,1.7,15.35,14.097,644
2022-11-29T00:00:00.000Z,2,271.5,9.9,7.8,16.7,22.425,663
2022-11-30T00:00:00.000Z,1.5,104,5.35,3.8,10.6,10.986,636
2022-12-01T00:00:00.000Z,0,11.3,2,1.2,3.1,1.586,588
2022-12-02T00:00:00.000Z,0,20.7,1.5,0.6,2.5,2.116,613
2022-12-03T00:00:00.000Z,0,12.1,0.9,0.3,2.4,1.656,605
2022-12-04T00:00:00.000Z,0,27.2,1.3,0.5,2.4,1.814,639
2022-12-05T00:00:00.000Z,0,78.6,1.9,1.1,3.2,11.91,652
2022-12-06T00:00:00.000Z,0,16.2,0.9,0.4,1.9,1.554,642
2022-12-07T00:00:00.000Z,0,94.4,2,1,3.4,11.881,634
2022-12-08T00:00:00.000Z,0,33.5,2.35,1.2,3.6,5.058,648
2022-12-09T00:00:00.000Z,0.1,93.3,3.5,1.8,5.4,6.659,677
2022-12-10T00:00:00.000Z,0.5,64.1,6.3,3.7,10.4,10.153,670
2022-12-11T00:00:00.000Z,2.1,373.3,12.8,9.1,25.5,30.525,671
2022-12-12T00:00:00.000Z,4.5,35.2,11.6,8,18.89,5.669,680
2022-12-13T00:00:00.000Z,0.2,48.7,10.2,6.5,15,8.997,672
2022-12-14T00:00:00.000Z,0.5,89.2,4.2,1.8,7.4,6.6,670
2022-12-15T00:00:00.000Z,0.4,80.1,3.8,2.4,10.6,13.343,642
2022-12-16T00:00:00.000Z,0.8,72.4,3.8,2.9,5.7,5.627,659
2022-12-17T00:00:00.000Z,0,6.9,1.5,0.4,2.5,1.515,582
2022-12-18T00:00:00.000Z,0,12.2,1.2,0.6,2.35,1.539,613
2022-12-19T00:00:00.000Z,0,10.5,1.8,0.5,3.55,2.055,620
2022-12-20T00:00:00.000Z,0,45.5,2.7,0.8,7.6,7.627,621
2022-12-21T00:00:00.000Z,0,28.4,1.8,0.6,5.65,3.84,597
2022-12-22T00:00:00.000Z,2.7,333.8,25.8,7.8,33,24.53,667
2022-12-23T00:00:00.000Z,7.2,121.1,15.95,11.1,20.7,11.801,650
2022-12-24T00:00:00.000Z,5.7,42.2,11.6,9.6,15.4,4.998,638
2022-12-25T00:00:00.000Z,6.6,67.8,18.8,14.3,25.3,11.906,651
2022-12-26T00:00:00.000Z,2.8,175.8,15.1,7.1,21.5,14.842,655
2022-12-27T00:00:00.000Z,4.1,139.1,14.9,11.4,28.1,16.088,655
2022-12-28T00:00:00.000Z,0.2,66.8,8.5,2.9,19,13.685,639
2022-12-29T00:00:00.000Z,0,73,7.2,1.4,15.05,15.064,501
2022-12-30T00:00:00.000Z,1.8,24.4,12,7.3,16.6,5.223,648
2022-12-31T00:00:00.000Z,0,45.1,9,1.1,14.25,8.251,648
2023-01-01T00:00:00.000Z,0,205.8,2.5,0.4,8.5,16.868,611
2023-01-02T00:00:00.000Z,0,82.2,1.1,0.3,3.8,7.694,594
2023-01-03T00:00:00.000Z,0,62.3,1.7,0.4,4.8,9.541,631
2023-01-04T00:00:00.000Z,0,73.8,2.7,0.5,6.7,10.908,611
2023-01-05T00:00:00.000Z,0,40.7,1.8,0.8,3.9,4.376,629
2023-01-06T00:00:00.000Z,0,73.6,1.4,0.3,3.5,9.91,596
2023-01-07T00:00:00.000Z,0,18.6,0.4,0.2,1.3,1.614,601
2023-01-08T00:00:00.000Z,0,102,1,0.4,2.35,8.413,648
2023-01-09T00:00:00.000Z,0,50.7,0.6,0.2,1.7,3.763,586
2023-01-10T00:00:00.000Z,0,10.5,1.1,0.5,2.2,1.411,605
2023-01-11T00:00:00.000Z,0.5,45.2,7.1,4.4,11.65,8.956,648
2023-01-12T00:00:00.000Z,1.4,68.9,28.5,10.5,36.79,15.507,662
2023-01-13T00:00:00.000Z,4.9,143.6,21,12.6,35.5,16.991,678
2023-01-14T00:00:00.000Z,4.6,114.4,38.5,12.2,49.3,21.716,659
2023-01-15T00:00:00.000Z,5.3,202.4,39.6,26.1,46.75,21.899,669
2023-01-16T00:00:00.000Z,0,78.6,13.4,5.7,31.4,18.143,636
2023-01-17T00:00:00.000Z,0,32.9,6.7,4.5,10.55,4.684,660
2023-01-18T00:00:00.000Z,0,47.2,3.5,1.7,6.4,4.887,626
2023-01-19T00:00:00.000Z,0.1,67.6,4.1,1.4,7.7,11.097,662
2023-01-20T00:00:00.000Z,0,33.2,2.2,0.8,4.4,5.662,637
2023-01-21T00:00:00.000Z,0,1088.3,2.7,1.1,8.5,91.957,638
2023-01-22T00:00:00.000Z,0.2,157.1,2.5,1.5,7.1,13.184,673
2023-01-23T00:00:00.000Z,0.2,123,3.3,2,5.5,14.632,649
2023-01-24T00:00:00.000Z,0,20.9,4.5,1.6,7.5,3.884,657
2023-01-25T00:00:00.000Z,0,60.6,3.9,1.7,8.9,7.108,651
2023-01-26T00:00:00.000Z,0,211.5,2.4,0.6,9.6,24.71,624
2023-01-27T00:00:00.000Z,0,9.2,0.9,0.3,1.9,1.727,586
2023-01-28T00:00:00.000Z,0,16.5,5.9,4.1,9.69,3.884,651
2023-01-29T00:00:00.000Z,1.9,19.7,5.7,4.6,7.45,2.568,673
2023-01-30T00:00:00.000Z,0,41.5,6.9,3,12.3,6.37,654
2023-01-31T00:00:00.000Z,0.3,166.6,8,4.4,16.8,12.357,640
2023-02-01T00:00:00.000Z,0,242.4,2.8,0.9,5.09,16.957,628
2023-02-02T00:00:00.000Z,0.5,331,3,2,4.9,24.423,649
2023-02-03T00:00:00.000Z,0.5,38.8,4.1,2,8.5,6.095,659
2023-02-04T00:00:00.000Z,0.2,124.5,7.2,3.7,18.05,22.052,660
2023-02-05T00:00:00.000Z,2.1,669,45.2,13.2,70.2,60.704,698
2023-02-06T00:00:00.000Z,11.4,84.6,27.7,23,32.8,11.683,667
2023-02-07T00:00:00.000Z,0.5,97.2,27.8,10.8,41.9,19.199,639
2023-02-08T00:00:00.000Z,2,102.2,14.5,11.3,20.7,9.844,667
2023-02-09T00:00:00.000Z,4.2,115,30.3,10.85,44.7,23.009,665
2023-02-10T00:00:00.000Z,7.2,95.2,54.5,37.9,65.5,18.997,665
2023-02-11T00:00:00.000Z,9.6,540.1,66,34.7,93.4,73.654,647
2023-02-12T00:00:00.000Z,1.2,188.4,55.3,25.9,71.8,29.338,647
2023-02-13T00:00:00.000Z,0.8,179.6,55.9,10,84.55,44.414,660
2023-02-14T00:00:00.000Z,4.8,99.5,22.8,12.7,36.29,19.123,651
2023-02-15T00:00:00.000Z,7.4,47.8,17.64,15.4,23.6,7.112,656
2023-02-16T00:00:00.000Z,0,68.8,15.5,6.3,18.8,8.59,637
2023-02-17T00:00:00.000Z,0,19.5,2.4,0.65,4.34,2.805,581
2023-02-18T00:00:00.000Z,0,222.4,6.2,1.8,18.3,22.97,647
2023-02-19T00:00:00.000Z,0.8,76.1,6.2,3.7,14.85,10.604,645
2023-02-20T00:00:00.000Z,1.3,48.8,11.55,7,14.8,8.706,630
2023-02-21T00:00:00.000Z,9.8,52.5,18.8,14.9,23.5,6.533,658
2023-02-22T00:00:00.000Z,0,64,3.85,1.5,7.1,6.289,620
2023-02-23T00:00:00.000Z,4.4,129.5,15.65,8.7,27.1,15.134,670
2023-02-24T00:00:00.000Z,16.2,229.4,33.4,24.9,53.1,23.3,686
2023-02-25T00:00:00.000Z,10.9,87.8,36.75,21.6,44.8,13.835,670
2023-02-26T00:00:00.000Z,0,32.2,14.75,8.3,19.5,7.867,648
2023-02-27T00:00:00.000Z,0,47.8,0.8,0.3,2.8,4.345,630
2023-02-28T00:00:00.000Z,0,34.1,2.8,1.3,7.55,5.843,657
2023-03-01T00:00:00.000Z,0.9,58.6,10.65,4.6,18.39,11.48,654
2023-03-02T00:00:00.000Z,1.2,329.5,20.2,11,25.35,17.527,665
2023-03-03T00:00:00.000Z,9.2,126.6,27.1,17.8,42.2,18.943,655
2023-03-04T00:00:00.000Z,13.6,79.1,39,29.5,45,11.482,630
2023-03-05T00:00:00.000Z,32.1,148.5,49,45.7,51.5,16.471,655
2023-03-06T00:00:00.000Z,27.9,178.2,57.95,43.95,67.09,23.23,652
2023-03-07T00:00:00.000Z,32.2,172.8,72,51,104.8,33.25,666
2023-03-08T00:00:00.000Z,17.5,1561.7,51,44.4,60.35,128.925,664
2023-03-09T00:00:00.000Z,28.2,244.9,79.2,64.8,150.69,49.639,657
2023-03-10T00:00:00.000Z,50.2,185.4,74.34,66.5,100.7,26.214,642
2023-03-11T00:00:00.000Z,49.6,1298.8,70.4,63.9,84.3,114.952,573
2023-03-12T00:00:00.000Z,20.3,165,43.85,34.1,57.3,16.808,660
2023-03-13T00:00:00.000Z,15.4,79.1,38,34,42.7,11.368,668
2023-03-14T00:00:00.000Z,25.5,92,49,43,61.3,12.457,638
2023-03-15T00:00:00.000Z,44.1,95.2,62,54.1,69.2,11.094,661
2023-03-16T00:00:00.000Z,4.6,259.2,71.84,48.7,92.2,48.945,666
2023-03-17T00:00:00.000Z,29.2,234,83.6,43.9,148.7,60.101,695
2023-03-18T00:00:00.000Z,33,195.6,83.95,53.8,131.2,41.224,682
2023-03-19T00:00:00.000Z,7.8,221.1,101.4,50.7,158,59.125,659
2023-03-20T00:00:00.000Z,19.9,223.5,75.09,59,110.3,35.828,685
2023-03-21T00:00:00.000Z,51.8,206.2,75.09,65.09,93.45,21.79,665
2023-03-22T00:00:00.000Z,43.2,329.9,94.3,66.09,110.1,34.87,663
2023-03-23T00:00:00.000Z,49.3,139.7,76.4,64.2,90.65,17.342,648
2023-03-24T00:00:00.000Z,22.5,304.5,75.9,57.8,93.6,32.593,674
2023-03-25T00:00:00.000Z,33,277.3,72.45,58.95,116.7,56.047,688
2023-03-26T00:00:00.000Z,57.7,244.3,112.3,73.95,143.4,37.557,688
2023-03-27T00:00:00.000Z,48.2,181.1,82.95,70.9,118.1,29.418,674
2023-03-28T00:00:00.000Z,8.4,170.8,46.5,22.2,69.5,32.003,667
2023-03-29T00:00:00.000Z,7,203.4,52.8,37.9,58.45,16.473,652
2023-03-30T00:00:00.000Z,25.7,131.5,65.2,54.5,80.95,18.84,513
2023-03-31T00:00:00.000Z,34.9,158.7,59.9,54.3,63.7,9.121,654
2023-04-01T00:00:00.000Z,43.1,204.3,66,54,72.3,14.708,672
2023-04-02T00:00:00.000Z,43.9,386.7,68.59,60.7,74.2,36.171,685
2023-04-03T00:00:00.000Z,42.9,153.8,65.5,59.55,70.4,10.993,653
2023-04-04T00:00:00.000Z,35.8,163.8,64.4,56.8,70,15.948,656
2023-04-05T00:00:00.000Z,8.5,328.4,55.95,50,62.8,26.976,674
2023-04-06T00:00:00.000Z,27,248.6,60.4,50.5,72.9,26.08,667
2023-04-07T00:00:00.000Z,30.3,169,65.8,56.25,75.4,21.549,680
2023-04-08T00:00:00.000Z,21.1,274.5,64,55.8,74.34,22.678,673
2023-04-09T00:00:00.000Z,50.9,100.6,65.5,60.3,69.7,8.324,679
2023-04-10T00:00:00.000Z,55.1,174.2,74.4,61.9,82.55,12.858,672
2023-04-11T00:00:00.000Z,65.1,179.9,85.5,76,91.05,12.507,680
2023-04-12T00:00:00.000Z,69.5,1826.4,97.75,81.4,127.8,193.044,684
2023-04-13T00:00:00.000Z,71.5,155.3,79.9,77.7,85.55,11.127,672
2023-04-14T00:00:00.000Z,68.8,166.8,86.8,76,100.2,14.226,682
2023-04-15T00:00:00.000Z,60.8,135.9,81,77,90.4,11.278,682
2023-04-16T00:00:00.000Z,57.5,280,65.8,64.1,68.4,10.599,667
2023-04-17T00:00:00.000Z,37.3,307.5,64,61.5,70.3,20.821,682
2023-04-18T00:00:00.000Z,46.9,95.3,55.7,53.6,58.9,4.94,674
2023-04-19T00:00:00.000Z,50,277.6,62,58.5,65.8,17.906,663
2023-04-20T00:00:00.000Z,37.9,204.4,66.6,57.1,69.84,21.413,661
2023-04-21T00:00:00.000Z,24.1,145.1,59.2,53.5,65.25,12.428,672
2023-04-22T00:00:00.000Z,29.3,322.8,61.5,50.9,70.7,19.729,670
2023-04-23T00:00:00.000Z,5.2,531.5,54.7,32.4,77.5,48.944,688
2023-04-24T00:00:00.000Z,14.6,215.8,45.15,25.1,61.6,25.434,682
2023-04-25T00:00:00.000Z,8.6,82.8,28.95,15.3,48.1,19.014,670
2023-04-26T00:00:00.000Z,27.4,114.5,45.2,37.1,51.4,11.419,673
2023-04-27T00:00:00.000Z,22.2,86.1,44.2,37.4,52.3,11.79,654
2023-04-28T00:00:00.000Z,17.7,82.5,43.65,34.3,50.9,12.816,670
2023-04-29T00:00:00.000Z,23.4,130.4,50.6,38.2,61.25,14.17,680
2023-04-30T00:00:00.000Z,9.8,102,23.4,18.1,35.2,11.284,669
2023-05-01T00:00:00.000Z,8.9,83.2,30,20.14,43.25,13.855,665
2023-05-02T00:00:00.000Z,7.4,121.5,33.29,23.1,47.3,16.812,693
2023-05-03T00:00:00.000Z,4.9,571.8,35.95,20,62.4,51.001,650
2023-05-04T00:00:00.000Z,1.8,622,62.8,19.85,73,44.792,681
2023-05-05T00:00:00.000Z,25.3,168.5,51.2,41.3,61.5,14.137,653
2023-05-06T00:00:00.000Z,32.6,108.6,53.5,44.15,56.9,9.266,689
2023-05-07T00:00:00.000Z,20.3,94.7,42.4,37.79,49.6,9.867,679
2023-05-15T00:00:00.000Z,0.2,103.6,20.8,5.4,32.7,16.3,670
2023-05-16T00:00:00.000Z,10.2,163.2,34.7,23.3,41.8,15.157,659
2023-05-17T00:00:00.000Z,22.5,133.1,50.2,39.2,56.4,12.286,658
2023-05-18T00:00:00.000Z,15.4,104.5,41.1,34.7,48.7,15.795,537
2023-05-19T00:00:00.000Z,13.1,386.1,46.8,27.75,55.45,31.576,649
2023-05-20T00:00:00.000Z,8.5,100.7,33.8,27.8,42.7,12.889,650
2023-05-21T00:00:00.000Z,6.9,97,17.8,12.3,24.4,12.62,651
2023-05-22T00:00:00.000Z,1,111.4,22.1,9.5,29.65,12.013,656
2023-05-23T00:00:00.000Z,2.4,82,29.8,8.3,35.4,15.831,647
2023-05-24T00:00:00.000Z,12.1,1154.6,47.65,21.6,95.55,147.076,688
2023-05-25T00:00:00.000Z,7.3,276.6,28.8,18.3,36.5,26.077,675
2023-05-26T00:00:00.000Z,6.3,164.4,17.39,14.4,25.15,13.571,677
2023-05-27T00:00:00.000Z,0.8,89.1,9.19,6.9,16.55,11.852,644
2023-05-28T00:00:00.000Z,0.4,125.2,12.3,7,21.4,16.547,674
2023-05-29T00:00:00.000Z,7.3,144.3,16.39,11.6,20.2,10.541,665
2023-05-30T00:00:00.000Z,4.1,113.7,18.8,10.8,31.1,13.885,679
2023-05-31T00:00:00.000Z,3.6,121.1,15.2,8.3,19.64,10.014,636
2023-06-01T00:00:00.000Z,1.6,136,13.9,10.9,21.9,18.787,656
2023-06-02T00:00:00.000Z,9.7,177.5,19.1,15,26.7,17.403,643
2023-06-03T00:00:00.000Z,7.9,81.6,18.2,15.3,23,9.729,668
2023-06-04T00:00:00.000Z,0,94.7,10.15,3.8,16.3,11.129,662
2023-06-05T00:00:00.000Z,0,97.2,4.6,1.2,10.7,11.085,669
2023-06-06T00:00:00.000Z,0.1,65.3,7.4,3.1,12.6,9.216,646
2023-06-07T00:00:00.000Z,4.6,248.1,13.6,11.2,18.35,14.386,629
2023-06-08T00:00:00.000Z,0,67,14.7,8.6,19.3,8.18,635
2023-06-09T00:00:00.000Z,0,54.5,5,3,11.2,7.574,624
2023-06-10T00:00:00.000Z,2.2,80.4,7.5,5.1,14.2,8.505,640
2023-06-11T00:00:00.000Z,1.6,67.8,6.8,4.5,11.1,6.412,651
2023-06-12T00:00:00.000Z,2.1,62.7,8.3,5.4,14.9,6.93,647
2023-06-13T00:00:00.000Z,3.1,88.6,20.5,9.1,24.1,10.123,641
2023-06-14T00:00:00.000Z,2.4,172.5,8.69,5.9,15.3,13.811,645
2023-06-15T00:00:00.000Z,1.7,89.2,10.3,7.2,17.55,9.074,653
2023-06-16T00:00:00.000Z,0,225.6,13.15,5.8,36.5,22.268,624
2023-06-17T00:00:00.000Z,0.4,167.9,6.4,3.6,12.8,19.34,666
2023-06-18T00:00:00.000Z,0,128.1,10.25,2.04,23.35,22.603,656
2023-06-19T00:00:00.000Z,0,355.5,15.4,9.6,33.9,53.074,654
2023-06-20T00:00:00.000Z,1.4,184.7,11.3,6.35,27.65,15.685,665
2023-06-21T00:00:00.000Z,1.6,76.8,15.1,9.9,21.6,11.766,675
2023-06-22T00:00:00.000Z,4.8,86.1,18.3,12.5,25.3,15.417,659
2023-06-23T00:00:00.000Z,1.4,122.4,17.9,12.2,27.7,14.928,667
2023-06-24T00:00:00.000Z,7.4,78.5,21,16.25,27.25,10.306,652
2023-06-25T00:00:00.000Z,5.2,80.8,16,10.6,25.7,10.938,669
2023-06-26T00:00:00.000Z,6.1,88.2,16.3,11,22.2,11.213,666
2023-06-27T00:00:00.000Z,2.1,292.6,15.6,12,24.5,36.253,653
2023-06-28T00:00:00.000Z,4.1,175.5,12.6,8.65,21.8,23.811,657
2023-06-29T00:00:00.000Z,7,87.6,22.45,13.6,30.7,12.864,682
2023-06-30T00:00:00.000Z,0.8,128.7,16.6,9.1,31.1,20.799,630
2023-07-01T00:00:00.000Z,0.6,138.4,6.6,3.85,16.1,15.27,660
2023-07-02T00:00:00.000Z,0.3,143.2,10.6,4.9,18.6,18.862,644
2023-07-03T00:00:00.000Z,0,167.7,14.1,6.3,35.9,24.295,663
2023-07-04T00:00:00.000Z,1.1,154.7,12.75,7.6,29,15.455,686
2023-07-05T00:00:00.000Z,0.1,123.9,13.6,3.7,21,11.436,662
2023-07-06T00:00:00.000Z,0,98,30,5.15,43.2,21,648
2023-07-07T00:00:00.000Z,0.4,299.2,18.7,8.9,25,17.469,636
2023-07-08T00:00:00.000Z,0.6,86.8,17.1,9.5,24.9,10.674,639
2023-07-09T00:00:00.000Z,0,1132,8.9,4.9,26.1,159.294,650
2023-07-10T00:00:00.000Z,0.5,85.6,14.9,7.7,19.1,10.013,659
2023-07-11T00:00:00.000Z,3.8,73,26.05,18.6,36.54,12.877,648
2023-07-12T00:00:00.000Z,0.8,60.3,11.9,5.5,17.25,9.808,645
2023-07-13T00:00:00.000Z,2.1,53.1,8.8,5.35,12.3,7.157,641
2023-07-14T00:00:00.000Z,0.1,137.9,8.6,5.09,15.6,14.364,651
2023-07-15T00:00:00.000Z,0.8,67.2,8.69,5.8,11.3,5.709,647
2023-07-16T00:00:00.000Z,1.8,431.2,10.7,7.4,19.7,46.751,634
2023-07-17T00:00:00.000Z,0,57.9,5.1,2.6,8.3,9.443,618
2023-07-18T00:00:00.000Z,0.4,803.6,9.3,4.45,25.6,69.259,665
2023-07-19T00:00:00.000Z,1.1,214.4,9.1,6.1,14.45,28.173,649
2023-07-20T00:00:00.000Z,0,74.6,8.4,2.9,11.95,8.846,649
2023-07-21T00:00:00.000Z,1.1,158.8,12.4,4.84,18.1,9.613,632
2023-07-22T00:00:00.000Z,2.6,195.8,13.4,9.1,18,13.234,642
2023-07-23T00:00:00.000Z,0,74.7,3.6,1.8,10.7,10.068,663
2023-07-24T00:00:00.000Z,0.6,84.1,4.59,2.6,6.5,5.081,626
2023-07-25T00:00:00.000Z,0,62.8,4.59,1.1,7.6,6.582,638
2023-07-26T00:00:00.000Z,0,60.1,4.7,2.4,7.7,6.469,606
2023-07-27T00:00:00.000Z,0,97.8,6.05,2.7,10.2,14.95,630
2023-07-28T00:00:00.000Z,0.5,131.8,7.8,5.2,9.9,9.518,643
2023-07-29T00:00:00.000Z,0,67.6,4.8,1.9,8.8,7.616,632
2023-07-30T00:00:00.000Z,0.4,46.6,4,2.9,5.2,4.09,635
2023-07-31T00:00:00.000Z,0,105.7,4.84,0.7,9.5,14.772,632
2023-08-01T00:00:00.000Z,0.2,143.2,12.2,9,16.7,16.364,666
2023-08-02T00:00:00.000Z,1.1,94.3,10.9,8.5,15.3,14.116,638
2023-08-03T00:00:00.000Z,0.1,55,7.9,3.55,13.5,8.543,633
2023-08-04T00:00:00.000Z,1.9,69.8,11.7,9.19,15.25,8.827,664
2023-08-05T00:00:00.000Z,5.5,50.9,14.6,8.69,16.6,5.417,635
2023-08-06T00:00:00.000Z,2.6,64.4,10.4,5.8,20,9.261,633
2023-08-07T00:00:00.000Z,3.4,100.3,6.9,5.6,15.3,14.075,646
2023-08-08T00:00:00.000Z,3.8,84.1,12.3,8,18.6,10.713,626
2023-08-09T00:00:00.000Z,4.4,121.5,16.1,8.8,22.6,13.493,674
2023-08-10T00:00:00.000Z,5.1,85,25.3,12.25,28.95,9.677,649
2023-08-11T00:00:00.000Z,4.3,87,19.85,12.75,28.65,11.016,680
2023-08-12T00:00:00.000Z,1.4,80.1,11.6,7.8,17.7,7.986,665
2023-08-13T00:00:00.000Z,2,63.4,16.5,6,22.4,9.907,628
2023-08-14T00:00:00.000Z,2.9,54.3,10.8,7.3,22.4,10.32,666
2023-08-15T00:00:00.000Z,2.9,109.5,13.3,7.6,20.4,17.143,639
2023-08-16T00:00:00.000Z,0.3,117.5,11.5,6.8,24.9,20.106,686
2023-08-17T00:00:00.000Z,4.2,93.6,12.5,7.5,22.8,13.276,653
2023-08-18T00:00:00.000Z,3,2080.2,21.6,6.6,131.7,279.249,659
2023-08-19T00:00:00.000Z,0.4,435.5,22.1,10.7,37.2,29.899,609
2023-08-20T00:00:00.000Z,4.8,112.6,13.6,9.2,20.4,11.087,651
2023-08-21T00:00:00.000Z,1.2,61.2,13.5,9.4,17.5,8.881,614
2023-08-22T00:00:00.000Z,2.9,61.1,9.94,7.3,18.75,8.818,652
2023-08-23T00:00:00.000Z,1.5,70.3,16.8,5.4,21.4,10.456,627
2023-08-24T00:00:00.000Z,0.6,185.6,21.1,4.8,26.7,13.811,643
2023-08-25T00:00:00.000Z,3.2,86.5,17,11.3,21,11.872,634
2023-08-26T00:00:00.000Z,0.2,73.2,6.75,1.9,16.1,9.996,630
2023-08-27T00:00:00.000Z,0.5,42.2,7,4.7,9.3,4.849,625
2023-08-28T00:00:00.000Z,2,101.8,9.5,6.3,16.6,10.88,631
2023-08-29T00:00:00.000Z,1.6,160.5,6.2,3.9,11.8,24.743,620
2023-08-30T00:00:00.000Z,0,122.4,5.05,1.3,8.44,16.834,596
2023-08-31T00:00:00.000Z,0,35.1,2.8,1.3,6.65,5.002,645
2023-09-01T00:00:00.000Z,0,25.8,4,2.3,7.6,4.779,608
2023-09-02T00:00:00.000Z,0,39,3,1.5,5.5,4.104,641
2023-09-03T00:00:00.000Z,0.4,65.3,6.1,3.3,14.65,8.507,641
2023-09-04T00:00:00.000Z,0.4,121.7,6.3,3.15,12.7,12.51,653
2023-09-05T00:00:00.000Z,0,123.9,5.6,2.6,12.1,12.999,620
2023-09-06T00:00:00.000Z,0,189.8,16,1.6,24.85,17.246,656
2023-09-07T00:00:00.000Z,1.3,381,12.75,5.3,21.9,22.931,652
2023-09-08T00:00:00.000Z,3.3,135,17.5,14.3,25.8,13.869,645
2023-09-09T00:00:00.000Z,0,112.6,10.4,7.45,15.4,14.639,660
2023-09-10T00:00:00.000Z,0.7,46,7,4.3,10.5,5.076,639
2023-09-18T00:00:00.000Z,0.6,189.4,11.4,7.6,24.3,19.548,646
2023-09-19T00:00:00.000Z,0.7,58.9,9.6,4.2,15.4,9.118,638
2023-09-20T00:00:00.000Z,0.2,52,16.39,8.7,23.2,10.269,639
2023-09-21T00:00:00.000Z,1.9,94.6,11.9,5.6,15.4,10.822,661
2023-09-22T00:00:00.000Z,1.6,73.8,10.1,5.6,13.7,9.019,622
2023-09-23T00:00:00.000Z,7.1,236.4,20.7,16.4,26.65,14.122,669
2023-09-24T00:00:00.000Z,2.8,134.7,9.05,6.2,20,16.382,536
2023-09-25T00:00:00.000Z,1.2,57.3,9.15,4.9,12.5,9.043,642
2023-09-26T00:00:00.000Z,0.4,70.8,7.2,5.2,10.5,8.722,641
2023-09-27T00:00:00.000Z,0,104.5,9.69,2.9,29.2,16.477,626
2023-09-28T00:00:00.000Z,0,108.2,12.2,4.3,20.4,17.051,654
2023-09-29T00:00:00.000Z,0.1,243.2,4.45,1.8,15.3,20.281,634
2023-09-30T00:00:00.000Z,0,230.8,3.4,1.7,12,22.799,659
2023-10-01T00:00:00.000Z,0,88.3,4,1.7,10.8,12.842,653
2023-10-02T00:00:00.000Z,0.8,179.3,6.9,5.09,11.15,12.849,656
2023-10-03T00:00:00.000Z,0,50.9,11.6,8.25,16.14,7.284,624
2023-10-04T00:00:00.000Z,0.7,90.3,11.7,4.3,22.6,12.081,662
2023-10-05T00:00:00.000Z,0,138.3,23.9,9.55,29.1,15.371,661
2023-10-06T00:00:00.000Z,1.4,117.5,11.9,7,32.2,16.036,652
2023-10-07T00:00:00.000Z,0.7,48.4,8,4.8,13.3,7.529,650
2023-10-08T00:00:00.000Z,0,84.9,2.8,0.9,9.3,11.078,633
2023-10-09T00:00:00.000Z,0,66,3.8,1.7,6,6.505,670
2023-10-10T00:00:00.000Z,0,68.7,4.9,2.6,10.3,12.977,629
2023-10-11T00:00:00.000Z,4.8,71.9,15.7,14.4,18.2,7.152,655
2023-10-12T00:00:00.000Z,3.2,119.9,12.4,7.8,22.3,14.38,655
2023-10-13T00:00:00.000Z,2.6,134.4,16,9,32.25,19.155,661
2023-10-14T00:00:00.000Z,0.9,144.2,10,6.7,15.05,16.07,669
2023-10-15T00:00:00.000Z,0.3,108.9,5.5,2.8,13.5,17.763,670
2023-10-16T00:00:00.000Z,2.9,144.9,10.4,8.3,16.2,20.678,651
2023-10-17T00:00:00.000Z,2.7,319.5,14.8,9.15,20.65,36.179,636
2023-10-18T00:00:00.000Z,2.2,122.5,12.3,7.4,19,11.59,647
2023-10-19T00:00:00.000Z,3,154.6,13.9,9.35,32.2,18.572,653
2023-10-20T00:00:00.000Z,3.8,53.9,11.2,7.75,17.45,7.759,664
2023-10-21T00:00:00.000Z,0.3,68.2,6.8,2.1,10.19,8.39,658
2023-10-22T00:00:00.000Z,0.3,47.8,8.75,3.6,15.2,9.198,668
2023-10-23T00:00:00.000Z,0.4,209.9,9.5,5.8,20.39,13.588,644
2023-10-24T00:00:00.000Z,1,89.2,7.6,4.4,13.3,10.41,652
2023-10-25T00:00:00.000Z,0.3,105.6,7.45,4.2,13.9,9.632,670
2023-10-26T00:00:00.000Z,1.9,152.8,9,5.5,14.25,15.262,656
2023-10-27T00:00:00.000Z,2.6,563.4,14.05,8.6,20.2,44.647,646
2023-10-28T00:00:00.000Z,2.4,298.2,11.15,6.5,20.65,29.418,668
2023-10-29T00:00:00.000Z,1.6,172.9,7.25,4.8,15.5,16.669,646
2023-10-30T00:00:00.000Z,0,48.4,3.4,0.6,7.8,5.394,622
2023-10-31T00:00:00.000Z,0,11.7,2.6,1.3,4.3,2.193,650
2023-11-01T00:00:00.000Z,0.8,44.6,8.7,3.2,14.3,8.055,670
2023-11-02T00:00:00.000Z,0.7,69.5,11.5,6.1,18.8,11.355,663
2023-11-03T00:00:00.000Z,0.2,76,4.3,2.1,10.4,12.231,631
2023-11-04T00:00:00.000Z,0.1,81.6,4.9,2.1,9.2,7.942,653
2023-11-05T00:00:00.000Z,0.1,85.8,10.2,4,15.1,9.621,639
2023-11-06T00:00:00.000Z,0,46.5,4.2,2.4,10.95,6.713,640
2023-11-07T00:00:00.000Z,0.5,67,6.7,3.4,10.3,7.682,638
2023-11-08T00:00:00.000Z,0.1,24.2,5.6,3,8.6,4.485,637
2023-11-09T00:00:00.000Z,2.2,126.8,7.2,5.7,11.8,8.896,622
2023-11-10T00:00:00.000Z,1.3,71.4,11.9,7.35,15.4,8.257,649
2023-11-11T00:00:00.000Z,0.1,91.1,7.4,3.6,10.95,12.234,621
2023-11-12T00:00:00.000Z,0.4,206.9,4,2,10.6,25.698,385
2023-11-13T00:00:00.000Z,0,28,1.3,0.6,2.6,5.043,628
2023-11-14T00:00:00.000Z,0,38.6,3.1,1.2,6.1,4.985,626
2023-11-15T00:00:00.000Z,0,74,1.8,0.7,5.8,8.843,613
2023-11-16T00:00:00.000Z,0,32.2,1,0.5,1.7,3.687,607
2023-11-17T00:00:00.000Z,0,36.4,5.2,1.3,5.9,3.41,636
2023-11-18T00:00:00.000Z,2.6,17.4,6.1,5,7.9,2.255,643
2023-11-19T00:00:00.000Z,0.9,42.8,4.3,3,6.8,4.763,672
2023-11-20T00:00:00.000Z,1.3,20.5,6,4.1,8.75,3.368,648
2023-11-21T00:00:00.000Z,2.6,102.4,7.1,4.9,11.6,10.623,661
2023-11-22T00:00:00.000Z,1.5,58.9,7.1,3.9,15.3,9.507,670
2023-11-23T00:00:00.000Z,0.8,70.1,4.7,3.1,7.8,5.497,671
2023-11-24T00:00:00.000Z,1.8,15.4,4.2,3.4,6.2,2.375,182