date,min,max,median,q1,q3,stdev,count
2021-10-10T00:00:00.000Z,2.5,182.5,13.4,9.5,29.4,19.378,474
2021-10-11T00:00:00.000Z,1.6,58.6,17.4,13.4,26.5,12.842,582
2021-10-12T00:00:00.000Z,12.7,45.3,21.5,17.2,30,7.878,503
2021-10-13T00:00:00.000Z,7.3,91.7,24,14.2,28.25,12.846,549
2021-10-14T00:00:00.000Z,4.2,46.4,12.5,8.8,18.6,7.698,543
2021-10-15T00:00:00.000Z,4.5,43.9,15.4,10.8,18.6,5.171,579
2021-10-16T00:00:00.000Z,1.1,70,8,3.6,21.9,11.413,563
2021-10-17T00:00:00.000Z,4.8,56.3,16.4,10.8,20.8,6.722,579
2021-10-18T00:00:00.000Z,9.3,63.8,21.1,15.3,29.55,13.253,613
2021-10-19T00:00:00.000Z,26.8,214.8,73.05,55.8,101.4,25.725,606
2021-10-20T00:00:00.000Z,20.4,134.9,62.5,45.8,73.7,25.366,602
2021-10-21T00:00:00.000Z,2.1,91.5,14.3,9,24.4,18.027,615
2021-10-22T00:00:00.000Z,6.2,63.3,25.8,13.8,31.6,10.98,618
2021-10-23T00:00:00.000Z,25.7,175.2,54.5,41.3,73.09,23.267,623
2021-10-24T00:00:00.000Z,29.1,108.4,63.4,48.15,91.35,22.197,620
2021-10-25T00:00:00.000Z,46.9,188.2,80.55,57.2,114.1,32.784,606
2021-10-26T00:00:00.000Z,86.4,268,132.65,104.2,194.3,52.928,606
2021-10-27T00:00:00.000Z,63.2,317.7,119.2,72.55,158.85,56.314,604
2021-10-28T00:00:00.000Z,15.1,136.5,67.7,49.15,87.3,25.507,620
2021-10-29T00:00:00.000Z,6.7,52.8,38.15,26.7,45.6,12.851,614
2021-10-30T00:00:00.000Z,5,41.6,15.7,12.3,20.39,8.042,591
2021-10-31T00:00:00.000Z,22.1,64.4,51.4,32.35,57.2,12.875,637
2021-11-01T00:00:00.000Z,19.4,56.4,30.4,26.9,34.5,5.688,611
2021-11-02T00:00:00.000Z,16.2,68.9,38.4,31.4,51.6,12.71,601
2021-11-03T00:00:00.000Z,41.2,138.6,60.7,54.6,70.7,16.061,606
2021-11-04T00:00:00.000Z,14.2,85.8,57.8,43.2,65.3,17.949,602
2021-11-05T00:00:00.000Z,24.4,90.8,49.4,40.15,54.3,10.645,608
2021-11-06T00:00:00.000Z,30.6,67,48.6,41.3,54.6,8.595,590
2022-02-01T00:00:00.000Z,33,153.7,44.8,40.6,48,9.045,407
2022-02-02T00:00:00.000Z,11.4,47.5,20.95,17.6,29.9,7.868,630
2022-02-03T00:00:00.000Z,21.5,230.6,48.9,41.15,52.8,13.324,617
2022-02-04T00:00:00.000Z,47.7,381.1,59.7,56.5,67.55,15.045,629
2022-02-05T00:00:00.000Z,59.3,146,86.45,68.15,102.05,19.127,612
2022-02-06T00:00:00.000Z,67.2,107.4,83.9,78.4,90,8.251,637
2022-02-07T00:00:00.000Z,43.2,152.9,82.6,74.3,115.2,24.362,603
2022-02-08T00:00:00.000Z,20.3,77.6,44.85,30.9,61.4,16.526,590
2022-02-09T00:00:00.000Z,22,59.6,41.4,32.1,49.1,10.317,607
2022-02-10T00:00:00.000Z,49.2,97,76.59,69.6,80.3,8.846,599
2022-02-11T00:00:00.000Z,44.4,130.4,74,63.7,101.55,23.081,620
2022-02-12T00:00:00.000Z,11.5,96.5,49,36.9,56,15.327,603
2022-02-13T00:00:00.000Z,4.3,102.3,30.7,14.5,45.3,18.401,607
2022-02-14T00:00:00.000Z,32.8,94.3,67.7,45,78.9,16.895,605
2022-02-15T00:00:00.000Z,55.1,143.3,78.09,71,84.1,13.643,622
2022-02-16T00:00:00.000Z,62.3,194,85.9,80.5,102,16.414,625
2022-02-17T00:00:00.000Z,27.1,241.2,95.1,75.7,117.5,34.086,621
2022-02-18T00:00:00.000Z,1.5,93.1,53,27.2,62,21.697,607
2022-02-19T00:00:00.000Z,2.6,87.9,10.8,7.9,14.6,8.733,609
2022-02-20T00:00:00.000Z,10.4,56.8,17.95,15.8,23.1,9.204,610
2022-02-21T00:00:00.000Z,14.6,37.7,21.8,19.7,25.4,4.494,621
2022-02-22T00:00:00.000Z,18.4,55.1,33.1,27.9,39.9,8.654,601
2022-02-23T00:00:00.000Z,26.8,98.9,55.2,41.3,66.45,16.918,609
2022-02-24T00:00:00.000Z,39.8,142.9,72.59,56.6,78,20.277,606
2022-02-25T00:00:00.000Z,60.2,190.7,93.1,82.4,117.4,26.341,631
2022-02-26T00:00:00.000Z,86.5,263.1,209.45,139,243.1,53.954,618
2022-02-27T00:00:00.000Z,95.2,261.9,197.25,169.3,219.95,42.768,588
2022-02-28T00:00:00.000Z,78,203.2,114.9,103.55,137.75,34.575,625
2022-03-01T00:00:00.000Z,74,253.4,151.75,105.3,171.1,42.087,614
2022-03-02T00:00:00.000Z,50.7,237.9,157,108.4,199.1,53.575,563
2022-03-03T00:00:00.000Z,53.4,186.9,66.3,62.2,72.7,33.92,619
2022-03-04T00:00:00.000Z,52.5,107.2,70.59,66.25,74.75,7.879,620
2022-03-05T00:00:00.000Z,50.2,110.7,67.4,62,72.9,7.891,595
2022-03-06T00:00:00.000Z,25.8,92.2,54,48.05,66.45,12.828,600
2022-03-07T00:00:00.000Z,50.3,244.8,111.7,57.7,146.3,56.317,598
2022-03-08T00:00:00.000Z,29.2,202.9,62.5,44.7,69.7,39.118,610
2022-03-09T00:00:00.000Z,50.6,90.3,66.09,62.5,70.8,6.516,607
2022-03-10T00:00:00.000Z,30.2,69.8,54.4,49.5,60.8,9.168,606
2022-03-11T00:00:00.000Z,49.7,89.5,63.55,59.45,66.9,5.283,596
2022-03-12T00:00:00.000Z,41.5,72.3,57.6,55.15,62.2,6.247,612
2022-03-13T00:00:00.000Z,34.9,73,57.05,52.4,62.3,7.244,602
2022-03-14T00:00:00.000Z,48.9,164.5,65,56.1,74.8,25.571,613
2022-03-15T00:00:00.000Z,58.2,146.4,95.1,68,108.3,21.967,597
2022-03-16T00:00:00.000Z,47.7,113.7,68.2,60.6,74.7,9.822,629
2022-03-17T00:00:00.000Z,53.6,223.6,67.15,61.9,72.9,9.974,616
2022-03-18T00:00:00.000Z,52.3,107,70.59,66.59,75.65,8.067,584
2022-03-19T00:00:00.000Z,49.4,75.9,62.2,58.6,66.2,5.443,615
2022-03-20T00:00:00.000Z,47,89.9,64.2,55.75,68.2,7.378,597
2022-03-21T00:00:00.000Z,55.6,99.4,71.4,66.5,79.2,8.274,587
2022-03-22T00:00:00.000Z,8.9,218.7,71.2,61.3,81.59,21.576,594
2022-03-23T00:00:00.000Z,2.4,121.2,24.5,8.25,65.84,28.554,605
2022-03-24T00:00:00.000Z,61.6,108.4,75.8,72.2,78.59,6.43,587
2022-03-25T00:00:00.000Z,57.6,143.4,96.1,73.05,117.3,24.484,601
2022-03-26T00:00:00.000Z,51.1,152.8,85.5,67.7,103.2,25.404,615
2022-03-27T00:00:00.000Z,21.1,184.5,41.9,35.9,54.7,13.429,611
2022-03-28T00:00:00.000Z,29.6,123.5,66.3,43.7,79.5,20.804,601
2022-03-29T00:00:00.000Z,42.7,125.4,80.4,70.3,101.6,18.232,622
2022-03-30T00:00:00.000Z,28.3,306.5,73.9,47.65,105.55,34.962,601
2022-03-31T00:00:00.000Z,6.8,133.5,77.3,13.4,100.7,41.051,602
2022-04-01T00:00:00.000Z,7.9,141.1,17.7,14.8,20.9,8.976,612
2022-04-02T00:00:00.000Z,7.7,71.4,25.2,13.1,50.7,19.772,611
2022-04-03T00:00:00.000Z,18.9,143,48.6,31.2,56.1,22.795,601
2022-04-04T00:00:00.000Z,32.8,131.9,63.3,54.5,72.9,19.694,607
2022-04-05T00:00:00.000Z,56.2,144.4,73.9,65,96.9,21.191,615
2022-04-06T00:00:00.000Z,70.9,292.8,132.3,107.4,222.3,58.649,621
2022-04-07T00:00:00.000Z,48.7,261.9,92.1,70.59,148.85,49.148,489
2022-04-08T00:00:00.000Z,69.6,256.9,121.9,95.4,144.1,37.164,575
2022-04-09T00:00:00.000Z,48.9,113.8,71,66.3,77,11.073,573
2022-04-10T00:00:00.000Z,51.7,90.8,71.1,60.75,74.84,8.178,601
2022-04-11T00:00:00.000Z,52.7,88.7,69.9,65,73.7,6.641,592
2022-04-12T00:00:00.000Z,40.2,124.8,56.7,48.5,71.8,12.48,580
2022-04-13T00:00:00.000Z,46.5,151.2,72.8,69.3,87.2,18.332,543
2022-04-14T00:00:00.000Z,54,73.5,63.8,60.75,68.3,4.447,557
2022-04-15T00:00:00.000Z,58.1,216.1,72.59,66.5,75.3,10.31,599
2022-04-16T00:00:00.000Z,15.4,90.4,33.79,27.4,55.45,15.358,605
2022-04-17T00:00:00.000Z,2.1,47.7,25.05,12.25,37.6,13.472,608
2022-04-18T00:00:00.000Z,4.7,86.4,34.9,18.3,52.4,18.257,589
2022-04-19T00:00:00.000Z,26.6,75.3,48.3,36.4,59.2,12.824,592
2022-04-20T00:00:00.000Z,57.5,151.8,103.6,77.59,118.9,22.557,599
2022-04-21T00:00:00.000Z,59.9,345.6,73.9,69.2,79.34,14.176,589
2022-04-22T00:00:00.000Z,43.6,105.8,55.55,51,65.84,9.787,576
2022-04-23T00:00:00.000Z,40.1,76.6,54.6,50.1,59.15,6.249,572
2022-04-24T00:00:00.000Z,48.1,81.6,62.95,56.85,66.3,5.927,580
2022-04-25T00:00:00.000Z,33.8,323.3,54.5,45.7,69.7,18.425,556
2022-04-26T00:00:00.000Z,34.6,79.1,56.4,45.3,65.5,11.006,575
2022-04-27T00:00:00.000Z,36.2,61.1,50.8,46.75,55.7,5.698,588
2022-04-28T00:00:00.000Z,27.6,74.7,50.5,36.29,54.25,11.449,596
2022-04-29T00:00:00.000Z,48.1,73.8,60,54.7,65.75,6.717,584
2022-04-30T00:00:00.000Z,0.2,187.2,39.54,23.3,49.6,20.181,602
2022-05-01T00:00:00.000Z,3.5,54.8,19.89,8.5,24.8,9.799,586
2022-05-02T00:00:00.000Z,17.1,100.8,40.2,25.3,57.5,19.791,613
2022-05-03T00:00:00.000Z,17.1,121.8,50.5,28.9,56.8,21.034,612
2022-05-04T00:00:00.000Z,31.1,128.6,67.25,52.75,77.05,18.441,604
2022-05-05T00:00:00.000Z,30.2,122.4,63.7,58.55,66,7.107,604
2022-05-06T00:00:00.000Z,28.6,185.4,68.05,48.6,72.4,18.846,598
2022-05-07T00:00:00.000Z,7,76.4,39,28.3,50.1,15.976,603
2022-05-08T00:00:00.000Z,7.4,111.3,37.35,31.35,43.1,10.076,588
2022-05-09T00:00:00.000Z,23.9,66,34.9,30.45,41.6,7.368,589
2022-05-10T00:00:00.000Z,26,137.5,46.5,40.79,50.05,8.264,616
2022-05-11T00:00:00.000Z,22.4,74.7,55.1,36,59.7,13.587,607
2022-05-12T00:00:00.000Z,12.1,77.5,56.25,50.35,62.6,13.516,568
2022-05-13T00:00:00.000Z,9.6,74.7,33.6,19,49.6,17.468,570
2022-05-14T00:00:00.000Z,24.4,97.7,65.25,58.9,81.05,17.328,604
2022-05-15T00:00:00.000Z,6.1,71.1,13.8,10.5,22.6,16.876,594
2022-05-16T00:00:00.000Z,4.2,56.1,23.3,10.95,41.3,15.813,593
2022-05-17T00:00:00.000Z,22.5,133.7,48.45,42.1,56.7,12.315,556
2022-05-18T00:00:00.000Z,31.7,63.6,46.3,42.3,50.05,6.002,604
2022-05-19T00:00:00.000Z,37,79.6,51.9,43.8,56.1,7.494,607
2022-05-20T00:00:00.000Z,40.1,82.9,52.65,48.3,59.1,7.627,614
2022-05-21T00:00:00.000Z,49.3,94.4,65.7,59,69.59,8.71,598
2022-05-22T00:00:00.000Z,7,113.5,22.5,12.05,39.35,23.571,580
2022-05-23T00:00:00.000Z,2.8,72.4,18.35,12.95,29.3,10.653,600
2022-05-24T00:00:00.000Z,17.8,76.4,52.4,40.79,58.6,12.753,607
2022-05-25T00:00:00.000Z,48,91.4,64.9,59.8,70.8,7.642,611
2022-05-26T00:00:00.000Z,21.7,236.1,53.1,34.6,59.4,16.099,617
2022-05-27T00:00:00.000Z,46.4,73.5,61.9,52.75,68.5,8.119,81
2022-05-28T00:00:00.000Z,96713,96713,96713,96713,96713,0,1
2022-05-29T00:00:00.000Z,30.9,68.2,47.9,40.29,58,10.34,287
2022-05-30T00:00:00.000Z,1.3,149.2,30.3,20.9,52.05,19.618,629
2022-05-31T00:00:00.000Z,21.9,79.6,51.9,47.9,55.1,9.296,610
2022-06-01T00:00:00.000Z,6.2,74.8,38.29,33.7,48.45,11.98,608
2022-06-02T00:00:00.000Z,7.2,64.8,32.7,24.3,41.3,12.971,631
2022-06-03T00:00:00.000Z,16.3,63.9,35.7,24,42.7,9.801,635
2022-06-04T00:00:00.000Z,18.8,79.4,47.95,30.2,52.3,12.553,606
2022-06-05T00:00:00.000Z,12.9,89.8,45.9,32.85,54.2,12.476,653
2022-06-06T00:00:00.000Z,2.7,64.2,22.1,11.3,37.1,16.16,648
2022-06-07T00:00:00.000Z,12.3,78.3,44.25,20.8,61.5,19.008,634
2022-06-08T00:00:00.000Z,2.9,102,44.95,29.35,62.25,19.956,636
2022-06-09T00:00:00.000Z,38,76.1,62.4,52.85,67,8.003,644
2022-06-10T00:00:00.000Z,25.5,133.8,52.3,45.2,64.5,18.474,648
2022-06-11T00:00:00.000Z,43.1,101,66.2,53.4,71.3,11.69,647
2022-06-12T00:00:00.000Z,20.4,98.8,49.8,41.6,61.1,14.347,651
2022-06-13T00:00:00.000Z,2.3,72.6,32.75,19.55,42.65,16.351,660
2022-06-14T00:00:00.000Z,6.2,69,22.5,18.8,30.1,9.638,653
2022-06-15T00:00:00.000Z,9.8,202.8,31.6,24.5,45.6,15.863,644
2022-06-16T00:00:00.000Z,7.1,121.8,24.1,16.6,30.3,16.739,651
2022-06-17T00:00:00.000Z,8.1,119.6,25.9,17.89,38.4,22.705,590
2022-06-18T00:00:00.000Z,5.8,61.9,20.9,13.4,36.79,15.446,656
2022-06-19T00:00:00.000Z,2.2,179.3,23,12.4,52.4,42.549,630
2022-06-20T00:00:00.000Z,5,160.2,31.3,13.8,45,34.902,643
2022-06-21T00:00:00.000Z,6.2,224.9,30.2,20,60.9,45.311,646
2022-06-22T00:00:00.000Z,6.6,121.7,43.6,21.6,59.2,26.466,659
2022-06-23T00:00:00.000Z,14.1,110.9,59.5,49.35,70.3,20.729,629
2022-06-24T00:00:00.000Z,11.1,70.1,29.9,25.4,39.1,11.772,654
2022-06-25T00:00:00.000Z,10.9,58.8,33.4,23.45,39.35,11.173,641
2022-06-26T00:00:00.000Z,22.6,70.2,38.3,29.9,47.7,10.328,656
2022-06-27T00:00:00.000Z,10.2,63.3,29.2,18.5,46.7,16.046,651
2022-06-28T00:00:00.000Z,17.4,90.5,37.7,32.2,47.9,15.253,627
2022-06-29T00:00:00.000Z,3.5,109.8,69.1,56.4,79.2,26.239,635
2022-06-30T00:00:00.000Z,14.4,106.6,53,34.75,71.25,19.987,649
2022-07-01T00:00:00.000Z,25.8,64.5,35.3,30.6,41.2,7.422,654
2022-07-02T00:00:00.000Z,2.9,91.6,20.4,16.35,31.3,11.275,657
2022-07-03T00:00:00.000Z,12.7,65.1,36.8,28.2,43.7,10.94,650
2022-07-04T00:00:00.000Z,16.2,72,50.4,34.2,58.9,13.648,631
2022-07-05T00:00:00.000Z,2.3,63.2,32.2,17.64,41.35,15.229,608
2022-07-06T00:00:00.000Z,7.8,120,54.35,15.1,74.2,28.71,646
2022-07-07T00:00:00.000Z,9,51.7,26.2,17.6,38.6,11.901,435
2022-07-08T00:00:00.000Z,18.8,79.3,51.4,40.4,57.9,11.996,625
2022-07-09T00:00:00.000Z,22.4,111.7,46.8,37.7,55.9,12.452,651
2022-07-10T00:00:00.000Z,17.6,72.8,41.4,33.79,48.7,11.492,650
2022-07-11T00:00:00.000Z,12.2,62.7,26.8,21,35.4,12.976,644
2022-07-12T00:00:00.000Z,2.4,64.3,22.05,12.2,34.6,15.16,642
2022-07-13T00:00:00.000Z,6.3,246.5,33.9,22.5,53.2,23.866,639
2022-07-14T00:00:00.000Z,1,55.3,15.2,10.9,21.1,10.644,637
2022-07-15T00:00:00.000Z,11.6,91.5,28.8,21.55,42.05,12.9,621
2022-07-16T00:00:00.000Z,9.8,46.3,24,19.25,30.95,7.759,633
2022-07-17T00:00:00.000Z,17.1,59,30,24.1,40.9,10.322,607
2022-07-18T00:00:00.000Z,2.6,55.8,38.2,15.1,48.1,17.232,614
2022-07-19T00:00:00.000Z,1.5,84.6,22.6,16.85,30.5,13.088,653
2022-07-20T00:00:00.000Z,7.9,235.1,24.2,19.8,45.4,22.058,654
2022-07-21T00:00:00.000Z,1.8,72.3,17.1,11.95,25.8,12.61,637
2022-07-22T00:00:00.000Z,5,72.9,25.1,14.8,39.65,17.899,640
2022-07-23T00:00:00.000Z,15,76.1,37.25,25.1,46.95,14.779,660
2022-07-24T00:00:00.000Z,8.8,54.1,28.2,21,37.9,10.456,643
2022-07-25T00:00:00.000Z,10.6,46.4,23.1,17.7,32.1,8.916,647
2022-07-26T00:00:00.000Z,11.4,50,29.9,24.8,34.7,7.299,647
2022-07-27T00:00:00.000Z,23.2,56,41.1,36.95,44.75,6.433,657
2022-07-28T00:00:00.000Z,32.2,72.1,51.35,45,56.4,7.071,638
2022-07-29T00:00:00.000Z,18.5,90.1,52.4,49.4,56.6,9.906,650
2022-07-30T00:00:00.000Z,13.5,301.9,47.45,28.1,58.5,26.486,656
2022-07-31T00:00:00.000Z,14.8,151.4,42.9,30.55,49.3,12.942,681
2022-08-01T00:00:00.000Z,15.3,172,42.8,32.9,50.3,14.5,591
2022-08-02T00:00:00.000Z,17.8,103.7,34.6,29,44.9,11.706,643
2022-08-03T00:00:00.000Z,15.9,208.3,40.79,32.4,50.9,18.613,671
2022-08-04T00:00:00.000Z,5.6,72.1,39,22.1,51.6,16.608,666
2022-08-05T00:00:00.000Z,3.8,94.2,45.4,33.2,56.1,17.444,653
2022-08-06T00:00:00.000Z,9.1,117.3,31.65,17.8,53.6,18.726,674
2022-08-07T00:00:00.000Z,14.1,397.4,48.6,31.25,53,23.26,665
2022-08-08T00:00:00.000Z,15.3,150,28.5,24.1,39.4,12.204,674
2022-08-09T00:00:00.000Z,8.3,152.6,46.3,31.05,59,18.578,656
2022-08-10T00:00:00.000Z,4,200.7,19.8,13.15,42.1,19.154,681
2022-08-11T00:00:00.000Z,0.9,217.6,20.8,14.35,30.95,18.202,673
2022-08-12T00:00:00.000Z,4.8,588,62.85,50.7,68.5,37.121,660
2022-08-13T00:00:00.000Z,31.2,126.7,51.8,47.1,54.8,10.355,679
2022-08-14T00:00:00.000Z,5.9,88.9,33.29,14.9,44,19.338,670
2022-08-15T00:00:00.000Z,14.1,82.4,37,28.8,43.9,11.483,660
2022-08-16T00:00:00.000Z,20,275.1,46.9,37.54,51.8,20.285,669
2022-08-17T00:00:00.000Z,25.9,96.2,42.4,38.4,51.3,10.036,634
2022-08-18T00:00:00.000Z,29.4,123,63.6,45.6,69.75,14.214,656
2022-08-19T00:00:00.000Z,2.6,179.6,61,43.1,74.95,25.424,641
2022-08-20T00:00:00.000Z,8,70.7,29.8,21.1,41.5,12.853,659
2022-08-21T00:00:00.000Z,3.6,140.9,20.85,14.5,38.25,17.739,652
2022-08-22T00:00:00.000Z,6.4,83,22.7,17.5,35.2,15.538,663
2022-08-23T00:00:00.000Z,28,178.2,52.3,44,61.9,17.042,655
2022-08-24T00:00:00.000Z,49.1,121.9,75.59,63.8,83.8,14.121,664
2022-08-25T00:00:00.000Z,3.4,67.9,17.8,12.95,31,16.403,656
2022-08-26T00:00:00.000Z,4.9,78.1,15.8,12.15,18.4,8.427,677
2022-08-27T00:00:00.000Z,12.7,295.5,21.25,18.5,28.3,19.06,670
2022-08-28T00:00:00.000Z,15.2,73.9,29.2,22.45,34.9,8.915,660
2022-08-29T00:00:00.000Z,14,52.4,35.1,23.8,40.9,9.912,645
2022-08-30T00:00:00.000Z,10.8,96.6,27.95,20.2,37.9,12.278,658
2022-08-31T00:00:00.000Z,32,106.2,49.3,44,55.4,15.777,653
2022-09-01T00:00:00.000Z,23.9,104.4,41.15,33.6,53.85,11.263,640
2022-09-02T00:00:00.000Z,35.9,80,53.7,43.8,66.7,11.651,650
2022-09-03T00:00:00.000Z,55.2,105.4,66.7,63.7,70.5,4.502,659
2022-09-04T00:00:00.000Z,21.7,67.1,32.79,29.1,42.6,9.658,637
2022-09-05T00:00:00.000Z,18.4,77.4,43.7,32.6,58.05,15.081,660
2022-09-06T00:00:00.000Z,27.8,95.5,52.5,42.55,68.5,16.099,649
2022-09-07T00:00:00.000Z,10.4,117.3,67,59.95,73.7,17.813,661
2022-09-08T00:00:00.000Z,4.2,75.3,32,22.3,40.4,17.832,628
2022-09-09T00:00:00.000Z,24.3,115.7,61.05,54.8,66.2,12.491,638
2022-09-10T00:00:00.000Z,28.3,94.6,56.4,47.8,62.1,10.16,606
2022-09-11T00:00:00.000Z,6,90.7,44.5,18.6,54.4,17.834,647
2022-09-12T00:00:00.000Z,36.8,87.7,57.3,50.4,64.84,10.283,593
2022-09-13T00:00:00.000Z,51.5,191,72,62.5,96.3,22.599,585
2022-09-14T00:00:00.000Z,48,132.3,64.55,59.5,99.65,23.003,660
2022-09-15T00:00:00.000Z,39.2,77.3,61.7,56.6,66,8.212,650
2022-09-16T00:00:00.000Z,5.2,101.5,55.6,47.4,69.2,20.265,672
2022-09-17T00:00:00.000Z,14.2,160.5,54,41.5,64,24.846,635
2022-09-18T00:00:00.000Z,21.6,167.3,46.5,31.6,73.2,35.49,635
2022-09-19T00:00:00.000Z,40,127,68,55.3,77.6,14.368,629
2022-09-20T00:00:00.000Z,16.7,104.6,58.15,50.2,67.8,14.195,636
2022-09-21T00:00:00.000Z,42.7,241.2,62.8,54.1,71.1,17.366,631
2022-09-22T00:00:00.000Z,11.6,77.4,40.4,30,52.5,13.056,654
2022-09-23T00:00:00.000Z,37.1,75.7,54.2,46.1,58.4,8.566,646
2022-09-24T00:00:00.000Z,51,120.8,60.9,57.8,68.4,8.8,640
2022-09-25T00:00:00.000Z,34.9,76.1,60,53.1,64.5,8.313,647
2022-09-26T00:00:00.000Z,59.2,269.5,98.5,65.9,127.9,32.729,630
2022-09-27T00:00:00.000Z,59.4,131.7,84.3,71.8,95.4,18.048,651
2022-09-28T00:00:00.000Z,60.7,120.9,76.45,72.65,82.2,10.075,624
2022-09-29T00:00:00.000Z,17.7,101.6,53.75,45.6,63.75,12.718,644
2022-09-30T00:00:00.000Z,7.5,136.4,42.7,31.2,49.8,18.137,658
2022-10-01T00:00:00.000Z,1.4,69.8,23.3,12.8,36.7,16.637,667
2022-10-02T00:00:00.000Z,5.3,108.3,18.35,12,24.4,24.238,442
2022-10-03T00:00:00.000Z,13.6,135.9,48.9,32.6,65.2,20.645,662
2022-10-04T00:00:00.000Z,21.9,323.9,53.4,47,60.25,16.782,653
2022-10-05T00:00:00.000Z,36.7,121.4,54.7,49.7,62.1,16.829,646
2022-10-06T00:00:00.000Z,14.1,146.1,60.2,44.8,69,29.448,642
2022-10-07T00:00:00.000Z,10.2,165.8,55.1,35.79,65.5,24.29,657
2022-10-08T00:00:00.000Z,31.7,88.3,65.3,53.15,71.8,11.66,661
2022-10-09T00:00:00.000Z,9.1,70.4,19,13.8,51.75,21.113,632
2022-10-10T00:00:00.000Z,10.2,122,38.5,18.5,63.25,25.064,640
2022-10-11T00:00:00.000Z,20.7,184.6,55.95,32.8,84.7,38.503,638
2022-10-12T00:00:00.000Z,28.7,157,56.2,40.9,69.2,23.454,651
2022-10-13T00:00:00.000Z,41.5,175,75.2,60.3,118.5,32.863,659
2022-10-14T00:00:00.000Z,32.2,115.5,72.7,43.4,92.4,24.815,634
2022-10-15T00:00:00.000Z,38,187.8,76.3,47.5,117.25,38.109,637
2022-10-16T00:00:00.000Z,37.6,107.3,53.6,48.5,76.09,18.384,651
2022-10-17T00:00:00.000Z,43,103.3,61.4,49.5,70,14.136,654
2022-10-18T00:00:00.000Z,53.4,136.2,60,57.15,85.05,23.494,476
2022-10-21T00:00:00.000Z,26.9,85.4,53.2,47.3,55.8,8.206,614
2022-10-22T00:00:00.000Z,27.9,106.1,68.7,48,79.9,20.083,635
2022-10-23T00:00:00.000Z,44.6,198.2,84.8,54.9,139.4,45.491,673
2022-10-24T00:00:00.000Z,50,187.2,79.84,66.3,110.8,26.523,642
2022-10-25T00:00:00.000Z,62.3,166.3,92.5,83.35,99.4,13.778,673
2022-10-26T00:00:00.000Z,45.1,157.4,95.7,68.2,117.3,27.804,666
2022-10-27T00:00:00.000Z,33,105.5,49.95,42.3,54.4,9.287,642
2022-10-28T00:00:00.000Z,39.4,140.6,88.8,62.7,114.7,28.196,671
2022-10-29T00:00:00.000Z,74.1,169.2,119.6,80.75,140.2,28.589,673
2022-10-30T00:00:00.000Z,38.4,131.4,68,57.2,79.6,19.619,646
2022-10-31T00:00:00.000Z,13.9,55.6,26.2,22.05,37.35,10.096,652
2022-11-01T00:00:00.000Z,14.6,115.1,52.3,26.6,82.9,28.798,655
2022-11-02T00:00:00.000Z,26.7,230.9,73.5,45.1,113.9,47.031,683
2022-11-03T00:00:00.000Z,46,251.2,113,79.5,128.5,43.089,631
2022-11-04T00:00:00.000Z,47.4,238.7,80.09,66.45,98,37.65,673
2022-11-05T00:00:00.000Z,53.4,151.4,69.65,63.6,82.85,19.474,656
2022-11-06T00:00:00.000Z,64.6,243.3,86.85,76.8,102.8,19.456,678
2022-11-07T00:00:00.000Z,51.7,202.3,111.4,76.5,132,32.228,679
2022-11-08T00:00:00.000Z,73.6,274.6,102.4,86.6,138.8,43.488,671
2022-11-09T00:00:00.000Z,43.1,220.7,77,55.3,86.7,34.033,665
2022-11-10T00:00:00.000Z,50.9,155.2,97,74.8,121.1,26.509,674
2022-11-11T00:00:00.000Z,38.3,106.6,59.7,50.4,66.2,11.948,667
2022-11-12T00:00:00.000Z,33,79.7,51,46,58.3,8.22,671
2022-11-13T00:00:00.000Z,41.3,114.1,62.5,55.6,69.4,11.704,655
2022-11-14T00:00:00.000Z,47.7,365.7,65.4,59.4,69.1,21.328,655
2022-11-15T00:00:00.000Z,26.2,100.8,47.5,39.79,58.1,15.789,661
2022-11-16T00:00:00.000Z,13.8,79.2,47.9,37.35,52.3,13.909,665
2022-11-17T00:00:00.000Z,11.2,64.1,37.85,27.9,46.9,12.44,662
2022-11-18T00:00:00.000Z,23.6,80.5,37.5,33.79,43.7,8.398,659
2022-11-19T00:00:00.000Z,27.7,81.7,46.9,39.6,53.3,8.81,655
2022-11-20T00:00:00.000Z,34.9,175.8,63.9,56.6,72,19.945,663
2022-11-21T00:00:00.000Z,45.1,159.2,82.4,61.1,105.8,26.754,659
2022-11-22T00:00:00.000Z,51,151.4,73,62.75,111.15,26.504,657
2022-11-23T00:00:00.000Z,34.6,97.8,62.5,56.1,73.95,12.887,669
2022-11-24T00:00:00.000Z,26.6,106,37.8,33.9,44.7,8.864,662
2022-11-25T00:00:00.000Z,34.3,106,60.4,52.8,69.9,11.147,669
2022-11-26T00:00:00.000Z,50.3,94,60.5,56,72.3,9.498,661
2022-11-27T00:00:00.000Z,15.7,175.5,25.4,21.3,35.4,14.585,655
2022-11-28T00:00:00.000Z,30.3,68.7,40.4,37.2,43.7,5.504,670
2022-11-29T00:00:00.000Z,26.8,69.9,45.1,36.2,52.2,9.509,675
2022-11-30T00:00:00.000Z,2.2,63.9,26.3,15.5,36.2,14.257,651
2022-12-01T00:00:00.000Z,2.7,60.2,17.5,13.15,25.2,10.047,620
2022-12-02T00:00:00.000Z,11.1,84.2,39,27.6,48.8,14.555,663
2022-12-03T00:00:00.000Z,30.5,121,67.3,52.6,79.1,19.376,671
2022-12-04T00:00:00.000Z,6.9,55.5,31.8,19.89,44.8,13.45,673
2022-12-05T00:00:00.000Z,9,120.3,49.9,19.8,59.2,24.082,669
2022-12-06T00:00:00.000Z,45.2,189.8,91.3,66.9,127,35.146,679
2022-12-07T00:00:00.000Z,72.2,112.1,78.8,75.3,90.25,9.518,661
2022-12-08T00:00:00.000Z,58.8,112.7,69.3,66.9,73,4.485,653
2022-12-09T00:00:00.000Z,63.3,116.5,80.2,69.8,92.7,13.871,656
2022-12-10T00:00:00.000Z,60.8,108.8,73.8,68.1,85.5,10.936,668
2022-12-11T00:00:00.000Z,68.7,145.6,78.2,72.7,104.4,23.586,675
2022-12-12T00:00:00.000Z,62.8,175,97.35,68.7,119.6,33.34,662
2022-12-13T00:00:00.000Z,63.6,192.2,92.9,74.25,124.95,31.325,681
2022-12-14T00:00:00.000Z,58,260.5,108.8,65.45,140.3,48.902,669
2022-12-15T00:00:00.000Z,69.6,287.7,130.8,88.8,155.69,47.359,681
2022-12-16T00:00:00.000Z,66.3,265.7,152.44,84.1,185.7,56.425,670
2022-12-17T00:00:00.000Z,33.1,78,54,42.7,64.2,11.873,678
2022-12-18T00:00:00.000Z,36,222.6,79,49.15,107,37.15,673
2022-12-19T00:00:00.000Z,72.9,233.3,95.8,79.59,122.7,34.9,667
2022-12-20T00:00:00.000Z,71,242.4,112.7,92.35,166.25,45.997,677
2022-12-21T00:00:00.000Z,70.4,272.6,117.7,92.6,164.3,44.426,646
2022-12-22T00:00:00.000Z,72,207,96.45,84.4,119.7,31.536,650
2022-12-23T00:00:00.000Z,43.9,206.2,69.4,58.1,74.09,29.466,644
2022-12-24T00:00:00.000Z,62.9,344.7,91.4,82.3,108,30.454,651
2022-12-25T00:00:00.000Z,45.9,232,81.7,64.09,96.05,37.59,633
2022-12-26T00:00:00.000Z,72.7,249.9,127.5,97.55,151.05,45.707,648
2022-12-27T00:00:00.000Z,38.8,136.6,70.4,63.1,75.09,11.11,642
2022-12-28T00:00:00.000Z,18.4,149,43.6,29,69.7,36.032,654
2022-12-29T00:00:00.000Z,44.4,66,55.85,54,57.9,3.339,634
2022-12-30T00:00:00.000Z,49.6,101.6,67.3,55.8,76.8,13.511,651
2022-12-31T00:00:00.000Z,65,133.5,76.84,71.9,93.1,20.545,634
2023-01-01T00:00:00.000Z,57.7,470.7,100,75.59,141.5,48.337,657
2023-01-02T00:00:00.000Z,62,187.4,76,71.5,83.4,25.066,616
2023-01-03T00:00:00.000Z,57.3,226.4,99.55,66.7,120.4,40.171,664
2023-01-04T00:00:00.000Z,64,257.8,102.3,94.2,113.95,33.102,661
2023-01-05T00:00:00.000Z,57.1,128.5,73.7,67.09,90.45,14.35,632
2023-01-06T00:00:00.000Z,52.5,149.9,68.2,63.45,71.4,11.117,644
2023-01-07T00:00:00.000Z,53,226.6,105.5,75.09,159.8,50.254,649
2023-01-08T00:00:00.000Z,73.1,301.1,117,91.1,141.15,32.223,649
2023-01-09T00:00:00.000Z,109,245,156.19,142.69,177,27.391,665
2023-01-10T00:00:00.000Z,75.5,217.7,110.7,89,137.1,38.202,662
2023-01-11T00:00:00.000Z,43,121.5,71.2,55.15,84.4,19.512,641
2023-01-12T00:00:00.000Z,38.3,96.5,62.9,59.8,67.2,6.518,639
2023-01-13T00:00:00.000Z,53.4,428.4,69.4,62.9,79.6,24.017,623
2023-01-14T00:00:00.000Z,64.1,1763.9,119.55,76.3,335.5,264.977,658
2023-01-15T00:00:00.000Z,19.9,124.9,45.4,31,54.5,21.395,655
2023-01-16T00:00:00.000Z,23.9,80.5,58.5,49.3,62.2,12.102,662
2023-01-17T00:00:00.000Z,57.4,94.2,68.75,64.1,73.7,7.068,650
2023-01-18T00:00:00.000Z,57,176,80.75,62.7,130.1,34.856,650
2023-01-19T00:00:00.000Z,74.3,323.2,104.2,91.6,133.8,33.93,655
2023-01-20T00:00:00.000Z,85.4,553.2,200.9,177.1,218.3,50.239,683
2023-01-21T00:00:00.000Z,78.4,1183.6,158,125,188.3,74.737,667
2023-01-22T00:00:00.000Z,83.6,259.1,160.8,115,175.75,37.728,677
2023-01-23T00:00:00.000Z,32.1,169.2,62.4,56.6,72.2,22.472,687
2023-01-24T00:00:00.000Z,37.8,88.9,54.1,47.95,60.3,8.942,660
2023-01-25T00:00:00.000Z,63.2,102.7,72.1,69.09,77.1,6.117,666
2023-01-26T00:00:00.000Z,55.7,387.6,90.9,76.15,101.8,24.395,665
2023-01-27T00:00:00.000Z,51.4,92.4,68.2,65.7,72.2,6.874,619
2023-01-28T00:00:00.000Z,48.6,436.9,79.3,55.7,94.6,30.962,651
2023-01-29T00:00:00.000Z,56.5,226.8,106.7,71.2,143.8,45.58,671
2023-01-30T00:00:00.000Z,88.4,188.4,126.3,109.5,143.2,23.734,656
2023-01-31T00:00:00.000Z,50.3,211.7,81.3,72.3,87.9,21.707,651
2023-02-01T00:00:00.000Z,55.1,256.8,71.95,62.85,88.6,19.326,660
2023-02-02T00:00:00.000Z,61.4,237.4,75.2,70.5,128.4,43.811,640
2023-02-03T00:00:00.000Z,18.5,182.9,45.6,39.5,54.5,13.539,655
2023-02-04T00:00:00.000Z,24.4,97.6,52.5,45.3,64.7,14.926,648
2023-02-05T00:00:00.000Z,10.2,115.9,44.9,34.5,50.1,12.198,654
2023-02-06T00:00:00.000Z,30.3,92.5,51,44.4,60.3,11.975,645
2023-02-07T00:00:00.000Z,21.7,73.3,44.9,35.1,63.4,13.915,637
2023-02-08T00:00:00.000Z,25.5,60.2,40.8,33.2,48.4,8.322,649
2023-02-09T00:00:00.000Z,33.8,71.7,46.6,39.4,51.9,8.225,650
2023-02-10T00:00:00.000Z,26.7,60.6,48.9,45,54.1,7.196,652
2023-02-11T00:00:00.000Z,35.8,160.1,52.7,48.5,57.85,7.9,648
2023-02-12T00:00:00.000Z,42.4,90.7,64.6,54.6,67,8.421,635
2023-02-13T00:00:00.000Z,33.6,81.5,61.2,54.8,70.5,10.83,659
2023-02-14T00:00:00.000Z,39.5,71.6,54.5,47.8,60.35,7.81,653
2023-02-15T00:00:00.000Z,49.8,95.1,61.5,57.1,68.5,9.111,654
2023-02-16T00:00:00.000Z,65.3,130.4,80.09,73.7,92,13.036,659
2023-02-17T00:00:00.000Z,61.9,171.6,106.25,76.1,135.69,31.642,666
2023-02-18T00:00:00.000Z,57.1,148,69.4,66,75.09,22.433,655
2023-02-19T00:00:00.000Z,48.9,138.9,70.59,55,101.1,25.327,619
2023-02-20T00:00:00.000Z,60.6,156.3,79.65,72.6,94.35,17.667,652
2023-02-21T00:00:00.000Z,45.7,115.2,78.75,59.8,93.3,19.126,646
2023-02-22T00:00:00.000Z,41.1,106.4,59.8,51.6,64.5,9.594,659
2023-02-23T00:00:00.000Z,45.3,84.2,56,52.8,61.6,7.01,666
2023-02-24T00:00:00.000Z,17.3,151.7,44.3,32,69.09,24.708,658
2023-02-25T00:00:00.000Z,22.9,106.1,51.05,31.2,65.2,20.93,682
2023-02-26T00:00:00.000Z,52.9,142.2,69.3,60.7,75.4,16.091,663
2023-02-27T00:00:00.000Z,65.3,142.7,87.2,81.75,95.15,14.036,668
2023-02-28T00:00:00.000Z,60,113.4,70.4,67.2,74.7,7.803,656
2023-03-01T00:00:00.000Z,55,172.8,101.85,72.59,150.8,40.556,670
2023-03-02T00:00:00.000Z,77.1,186.8,113.6,105.4,126.5,21.905,669
2023-03-03T00:00:00.000Z,57.4,186.2,82.95,76.8,96.9,26.149,658
2023-03-04T00:00:00.000Z,58.1,134.7,77.4,66.4,88.85,19.656,640
2023-03-05T00:00:00.000Z,83.4,152.1,115.5,104.1,122.5,14.126,659
2023-03-06T00:00:00.000Z,49,157.3,67.7,55.5,86.95,17.965,652
2023-03-07T00:00:00.000Z,50.6,98.5,61.8,56.9,64.09,5.023,657
2023-03-08T00:00:00.000Z,46.1,126.1,70.4,63.3,96.95,20.042,641
2023-03-09T00:00:00.000Z,67.6,190.2,123.15,74.59,163.25,40.699,648
2023-03-10T00:00:00.000Z,46.9,180.3,76,64.55,104.2,30.314,640
2023-03-11T00:00:00.000Z,55,173.6,71.09,66.9,76,9.11,656
2023-03-12T00:00:00.000Z,15.7,130.6,68.4,27.1,79.3,32.719,658
2023-03-13T00:00:00.000Z,27.4,134.7,60.6,43.6,75,20.113,648
2023-03-14T00:00:00.000Z,48.3,103.5,70.2,64.2,74.9,11.078,647
2023-03-15T00:00:00.000Z,51,147,69.09,58.2,80.05,15.838,641
2023-03-16T00:00:00.000Z,24.4,62.6,48.8,44.2,52.6,7.647,670
2023-03-17T00:00:00.000Z,37.8,60.2,51.6,49.5,53.8,3.49,663
2023-03-18T00:00:00.000Z,42.3,207.8,57.4,51.2,61.3,8.606,655
2023-03-19T00:00:00.000Z,26.2,162.9,39.15,32.2,48.2,10.592,654
2023-03-20T00:00:00.000Z,46.1,68.1,58.2,55.85,61.05,3.628,640
2023-03-21T00:00:00.000Z,50,101.1,72.09,68.8,76.59,10.677,667
2023-03-22T00:00:00.000Z,60.7,281.1,68.9,64.9,83.4,19.158,672
2023-03-23T00:00:00.000Z,62.3,97.5,73.3,68.75,86.3,9.784,665
2023-03-24T00:00:00.000Z,49.9,88.5,60.75,55.8,79.55,12.002,640
2023-03-25T00:00:00.000Z,13.9,111.9,62.8,44.1,67.8,20.172,663
2023-03-26T00:00:00.000Z,14,149.9,47.9,28.6,59.6,19.726,676
2023-03-27T00:00:00.000Z,5.9,53.6,34.5,19.8,40.8,12.065,682
2023-03-28T00:00:00.000Z,16.9,177.7,51.15,40.8,57.9,15.001,666
2023-03-29T00:00:00.000Z,21.4,79,51.1,45.5,56.5,9.532,658
2023-03-30T00:00:00.000Z,30.2,101.1,75,57.2,86.1,18.941,627
2023-03-31T00:00:00.000Z,32.6,534,69.55,60.3,86.3,40.056,678
2023-04-01T00:00:00.000Z,38.2,55.9,48.95,45.9,50.6,3.776,66
2023-04-22T00:00:00.000Z,50.7,75.4,57.65,54.75,61.4,4.563,416
2023-04-23T00:00:00.000Z,44.2,69.2,53.65,50.1,56.25,5.122,676
2023-04-24T00:00:00.000Z,25.7,72.1,45.6,39.79,51,8.956,660
2023-04-25T00:00:00.000Z,9.2,63,23.2,15.65,39.1,13.396,673
2023-04-26T00:00:00.000Z,17.1,133.5,50.5,32,72.2,22.053,634
2023-04-27T00:00:00.000Z,30.9,72.4,52.4,41.6,59.8,10.185,641
2023-04-28T00:00:00.000Z,13.8,66.5,36.4,32.7,43.4,7.731,671
2023-04-29T00:00:00.000Z,6.1,70.4,22.3,13.5,31.9,11.709,668
2023-04-30T00:00:00.000Z,16.8,70.7,34.2,25,46.8,12.94,655
2023-05-01T00:00:00.000Z,28.3,65.5,47.6,41.8,51.5,7.513,667
2023-05-02T00:00:00.000Z,17.8,109.6,45,32.4,50.4,11.536,658
2023-05-03T00:00:00.000Z,22.9,646.5,29.9,27.6,35.1,32.567,679
2023-05-04T00:00:00.000Z,39.6,232.7,47.1,45.4,48.9,8.716,669
2023-05-05T00:00:00.000Z,44,65.2,54.3,50.4,57.4,4.527,639
2023-05-06T00:00:00.000Z,41.4,72.3,57.6,46.5,63.3,8.578,673
2023-05-07T00:00:00.000Z,7.5,78.4,54.5,46.2,60.3,15.236,655
2023-05-08T00:00:00.000Z,21.5,95.6,42,36.1,48.2,11.357,655
2023-05-09T00:00:00.000Z,32.8,77.7,49.35,43.35,60.55,12.208,664
2023-05-10T00:00:00.000Z,19.8,60,31.9,27.75,40.1,7.923,669
2023-05-11T00:00:00.000Z,3.7,53.5,20.35,16,26.4,8.536,672
2023-05-12T00:00:00.000Z,9.4,51.6,18,14.1,23.2,7.861,670
2023-05-13T00:00:00.000Z,10.2,50.3,26.6,19.8,32.7,9.091,686
2023-05-14T00:00:00.000Z,26.2,97.1,46.75,35.79,54.4,10.762,676
2023-05-15T00:00:00.000Z,23.3,122.3,43.15,34.3,49,10.108,670
2023-05-16T00:00:00.000Z,28.6,102.9,56.9,48.6,62.7,12.001,631
2023-05-17T00:00:00.000Z,30.6,87.8,56.3,37.1,63.9,14.597,620
2023-05-18T00:00:00.000Z,39,70.8,60.4,54.1,63.7,7.222,638
2023-05-19T00:00:00.000Z,48.8,130.5,57.8,53.4,61.5,6.613,644
2023-05-20T00:00:00.000Z,41.2,123,55.7,50.9,59.7,7.012,658
2023-05-21T00:00:00.000Z,42.7,80.4,53.6,50.7,59.3,6.1,654
2023-05-22T00:00:00.000Z,42.1,75.3,58.4,52.6,64.2,7.765,644
2023-05-23T00:00:00.000Z,27.5,101.4,51.3,48,60.1,8.739,650
2023-05-24T00:00:00.000Z,12.9,80.5,57.5,40.2,61.2,17.214,667
2023-05-25T00:00:00.000Z,4.5,54,31.2,18.6,38.25,11.962,668
2023-05-26T00:00:00.000Z,9.4,53.2,30.2,20.55,43.2,12.031,664
2023-05-27T00:00:00.000Z,10.4,58.9,26,18.39,31.6,10.317,655
2023-05-28T00:00:00.000Z,7,40.4,25.7,16.7,30.45,7.479,685
2023-05-29T00:00:00.000Z,18.5,79.7,38.75,30,44.4,10.174,682
2023-05-30T00:00:00.000Z,16.5,110.7,42.4,24.2,59.25,17.806,660
2023-05-31T00:00:00.000Z,25.7,109.4,53.45,41.3,68.8,19.758,658
2023-06-01T00:00:00.000Z,28.4,89.5,47.3,40.6,52.6,9.516,667
2023-06-02T00:00:00.000Z,4,119.8,38.25,21.3,49.95,26.692,612
2023-06-03T00:00:00.000Z,17.2,115.2,45.6,39.3,52,14.274,670
2023-06-04T00:00:00.000Z,15.5,88.9,44.9,37.4,57.3,13.746,663
2023-06-05T00:00:00.000Z,20.1,74.5,39.5,32.15,54,11.92,669
2023-06-06T00:00:00.000Z,11.7,81.6,50.2,41,62.1,14.88,656
2023-06-07T00:00:00.000Z,20.8,169,53.75,27.6,67.5,27.358,638
2023-06-08T00:00:00.000Z,4.3,89.7,55.75,25.8,65,21.584,644
2023-06-09T00:00:00.000Z,18,215.3,33.9,26,45.7,16.648,635
2023-06-10T00:00:00.000Z,26,95.1,59.85,43.9,67.6,15.888,640
2023-06-11T00:00:00.000Z,34.2,172.8,55,48.2,68.4,14.146,670
2023-06-12T00:00:00.000Z,12,139.6,55.15,32.79,64.3,20.59,606
2023-06-13T00:00:00.000Z,7.3,74.1,32.9,18.5,46.6,16.459,677
2023-06-14T00:00:00.000Z,2.6,76,30.65,20.2,37.54,14.343,660
2023-06-15T00:00:00.000Z,7.7,192.5,34.7,23.1,45.4,15.357,651
2023-06-16T00:00:00.000Z,13.8,59.5,23.7,19,32.85,9.856,668
2023-06-17T00:00:00.000Z,7.5,54.7,25,18.95,31.1,8.911,640
2023-06-18T00:00:00.000Z,5.8,62.3,20.9,15.05,30.3,12.102,644
2023-06-19T00:00:00.000Z,12.8,77.9,25.4,21.7,39.45,15.714,661
2023-06-20T00:00:00.000Z,4.3,71.1,26.2,14.3,45.2,17.84,647
2023-06-21T00:00:00.000Z,4,83.8,43.45,29.3,56.1,19.787,674
2023-06-22T00:00:00.000Z,5.2,123.8,25.1,14.9,48.45,18.021,653
2023-06-23T00:00:00.000Z,2.1,57.7,23.1,10.7,31.6,12.732,670
2023-06-24T00:00:00.000Z,8.3,74.3,20.05,14.1,41.1,15.481,646
2023-06-25T00:00:00.000Z,7.8,69.9,29.9,15,43.85,15.476,661
2023-06-26T00:00:00.000Z,5.9,68.3,20.8,16.1,35.4,12.881,660
2023-06-27T00:00:00.000Z,4.7,59.1,18,13.5,23.75,8.977,661
2023-06-28T00:00:00.000Z,10,56,21.45,15.5,26.35,6.58,656
2023-06-29T00:00:00.000Z,12.4,51.6,28.2,23.5,31.55,5.836,661
2023-06-30T00:00:00.000Z,14.3,69.8,25.2,20.6,34.6,9.044,651
2023-07-01T00:00:00.000Z,9.8,135.5,30.7,23.3,37.79,13.583,631
2023-07-02T00:00:00.000Z,7.9,54.4,21.1,13.5,29.3,9.744,690
2023-07-03T00:00:00.000Z,5.7,74.6,32.4,23.7,41,14.61,642
2023-07-04T00:00:00.000Z,5.2,50.1,16.64,12.7,21.9,10.801,548
2023-07-05T00:00:00.000Z,8,111.3,24.2,17.7,32.8,12.129,655
2023-07-06T00:00:00.000Z,3.4,44.2,15.9,9.8,23.3,8.924,635
2023-07-07T00:00:00.000Z,5,182.7,18.2,13.4,23,11.288,667
2023-07-08T00:00:00.000Z,2.6,51.3,17,7.9,23.4,11.648,667
2023-07-09T00:00:00.000Z,3.9,56.6,20.6,13.2,31.6,12.625,655
2023-07-10T00:00:00.000Z,7.4,49.6,33.65,27.65,38,7.842,640
2023-07-11T00:00:00.000Z,8.3,48.7,28.7,18.8,34.9,9.617,659
2023-07-12T00:00:00.000Z,1,49.9,14.1,8.3,26.4,12.015,651
2023-07-13T00:00:00.000Z,8.4,57.4,22.8,19.3,33.6,10.913,658
2023-07-14T00:00:00.000Z,4.8,55.7,27.6,20.05,36.1,11.395,685
2023-07-15T00:00:00.000Z,22.5,123.5,34.79,29.9,45.4,10.547,661
2023-07-16T00:00:00.000Z,18,96,38.45,29.2,54.9,18.058,652
2023-07-17T00:00:00.000Z,10.7,81.6,40.2,20.1,62.3,21.917,637
2023-07-18T00:00:00.000Z,15.7,72.9,33.75,26.1,37.7,8.328,654
2023-07-19T00:00:00.000Z,22.8,66,54.7,48.1,58.8,10.677,647
2023-07-20T00:00:00.000Z,24,73.2,58.2,50,67,11.562,621
2023-07-21T00:00:00.000Z,13.3,75.1,48.8,30.6,59.5,16.599,629
2023-07-22T00:00:00.000Z,2.2,41.5,15.85,7.8,23,8.698,620
2023-07-23T00:00:00.000Z,6.6,39.7,14.3,10.7,21.2,6.566,663
2023-07-24T00:00:00.000Z,4.7,52.3,18.7,15.4,24.5,8.039,646
2023-07-25T00:00:00.000Z,1.8,97,18.89,12.6,24.1,9.3,635
2023-07-26T00:00:00.000Z,10.3,92.8,23.9,18.75,28.55,9.042,609
2023-07-27T00:00:00.000Z,11.8,75.1,48.2,31.2,52,12.527,651
2023-07-28T00:00:00.000Z,18.3,100.9,37.65,28.95,49.55,15.724,652
2023-07-29T00:00:00.000Z,23.4,84.2,56.4,52.1,60,9.443,662
2023-07-30T00:00:00.000Z,13.5,65,34.2,25.4,41.6,10.409,634
2023-07-31T00:00:00.000Z,1.2,82.6,21.2,13.4,33.5,16.419,651
2023-08-01T00:00:00.000Z,9.8,73,43,32.1,49.65,13.181,660
2023-08-02T00:00:00.000Z,27.3,109.3,50.45,43.4,60,13.588,664
2023-08-03T00:00:00.000Z,10.5,202,34.75,29.3,40.7,11.733,650
2023-08-04T00:00:00.000Z,12.9,104,34.1,28.3,41.4,10.941,658
2023-08-05T00:00:00.000Z,3.1,68,13.9,10.4,18.3,8.051,654
2023-08-06T00:00:00.000Z,2.3,49.4,19.5,11.5,28.5,10.741,643
2023-08-07T00:00:00.000Z,2.8,43.3,13.6,8.25,20.39,7.866,640
2023-08-08T00:00:00.000Z,2.9,40.5,21.95,10.9,28.5,9.517,574
2023-08-09T00:00:00.000Z,13.7,71.3,29.1,23.95,36.1,11.21,657
2023-08-10T00:00:00.000Z,37.4,113.1,69.3,53.6,84.8,19.202,651
2023-08-11T00:00:00.000Z,10.1,104.4,58.6,36.4,65.45,22.416,665
2023-08-12T00:00:00.000Z,3.7,79.1,54.65,29.75,67.84,20.593,652
2023-08-13T00:00:00.000Z,20.1,81.1,39.9,33.1,45.7,12.88,674
2023-08-14T00:00:00.000Z,8.1,54.1,22,14.8,28.55,8.211,665
2023-08-15T00:00:00.000Z,24.7,81.3,58.9,44.1,65.2,12.447,648
2023-08-16T00:00:00.000Z,25,88.1,44,35.85,52.95,11.254,632
2023-08-17T00:00:00.000Z,31.9,171.6,51.1,47,56.2,9.535,639
2023-08-18T00:00:00.000Z,6.8,81.6,42.1,27.4,50.2,14.994,659
2023-08-19T00:00:00.000Z,25.4,82.3,60.85,55.6,70.15,12.543,636
2023-08-20T00:00:00.000Z,2.7,164.1,29.45,17.1,48,18.765,644
2023-08-21T00:00:00.000Z,14.8,64.7,32.2,28.3,39.7,8.489,669
2023-08-22T00:00:00.000Z,12.1,72.4,42.6,35.79,49.9,12.486,650
2023-08-23T00:00:00.000Z,4,71.8,37.4,20.9,45.45,15.263,644
2023-08-24T00:00:00.000Z,18.5,108.5,41.4,32.2,51.9,12.119,631
2023-08-25T00:00:00.000Z,4.7,72,38.4,27,50.4,13.355,627
2023-08-26T00:00:00.000Z,4.6,78.1,41,26.1,49.4,15.501,634
2023-08-27T00:00:00.000Z,2.5,130.3,39.65,22.55,48.35,19.862,640
2023-08-28T00:00:00.000Z,8.4,77.3,24.85,15.2,47.8,17.488,668
2023-08-29T00:00:00.000Z,7.7,161.7,24.7,17.14,30,13.883,665
2023-08-30T00:00:00.000Z,14.7,70,41.65,21,52.7,17.06,670
2023-08-31T00:00:00.000Z,16.9,93.5,51.1,26.2,66.4,20.563,615
2023-09-01T00:00:00.000Z,30.6,115.5,53.5,40.9,66.34,17.876,617
2023-09-02T00:00:00.000Z,20.4,77,43.8,35.4,52.9,13.652,663
2023-09-03T00:00:00.000Z,10.6,67.7,36.9,24,44.9,12.197,638
2023-09-04T00:00:00.000Z,8,58.7,31.4,22.15,36.15,10.481,632
2023-09-05T00:00:00.000Z,13.5,114.4,46.8,28.95,63.2,25.081,629
2023-09-06T00:00:00.000Z,24.3,89.7,52.4,38,60.4,16.042,647
2023-09-07T00:00:00.000Z,21.6,104.5,51.8,35.79,76.7,22.049,673
2023-09-08T00:00:00.000Z,9.4,67.9,33.3,27.5,43.7,10.824,646
2023-09-09T00:00:00.000Z,20.3,120.6,53.7,42.6,66.09,19.258,654
2023-09-10T00:00:00.000Z,25.3,119.5,63.8,57.8,70,13.639,638
2023-09-11T00:00:00.000Z,19.8,83.9,60,47.8,68.95,14.093,660
2023-09-12T00:00:00.000Z,2,83.3,61.5,45.6,70.05,22.606,636
2023-09-13T00:00:00.000Z,9.3,39.3,17.6,14.2,19.89,3.918,628
2023-09-14T00:00:00.000Z,7.9,40.9,23.7,14.5,28.2,7.764,658
2023-09-15T00:00:00.000Z,11,107.4,40.4,32.2,44.5,11.65,648
2023-09-16T00:00:00.000Z,17,126.2,49.5,28.45,57.5,19.101,661
2023-09-17T00:00:00.000Z,3.3,76.6,43.65,31.9,55.5,17.142,622
2023-09-18T00:00:00.000Z,8.4,106,30.65,25.8,42.5,13.721,652
2023-09-19T00:00:00.000Z,12.8,84,24.2,17.6,33.95,10.956,637
2023-09-20T00:00:00.000Z,7.6,56.4,23.4,19.2,28.6,6.96,646
2023-09-21T00:00:00.000Z,15.7,54.5,29.2,21,38.65,10.54,669
2023-09-22T00:00:00.000Z,7,58.6,27.45,18.05,38.25,12.442,648
2023-09-23T00:00:00.000Z,9.8,67.5,24.3,20.14,30.85,10.957,653
2023-09-24T00:00:00.000Z,17.1,234.9,45,38.04,60.55,19.928,617
2023-09-25T00:00:00.000Z,8.3,72.6,52.3,34.35,58.5,15.113,661
2023-09-26T00:00:00.000Z,20.8,60.1,38.1,33.1,46.5,9.027,672
2023-09-27T00:00:00.000Z,6.6,65.6,23,17.64,28.2,9.867,669
2023-09-28T00:00:00.000Z,2.3,107.8,36.6,25.25,45.5,14.054,645
2023-09-29T00:00:00.000Z,34.5,135.1,59.2,54,65,8.371,649
2023-09-30T00:00:00.000Z,38.9,84,56.5,53.15,63.4,7.421,668
2023-10-01T00:00:00.000Z,16.5,107.5,43.5,35.5,48.6,12.325,669
2023-10-02T00:00:00.000Z,17.5,75,45.1,39.4,48.9,9.446,675
2023-10-03T00:00:00.000Z,23.6,96.6,52.8,46.7,59.1,12.486,651
2023-10-04T00:00:00.000Z,31,130.5,54.5,49.8,66.09,12.727,642
2023-10-05T00:00:00.000Z,15.4,92.6,52.4,40.7,60,16.222,670
2023-10-06T00:00:00.000Z,19.7,71.8,49.1,37.7,56.4,12.99,634
2023-10-07T00:00:00.000Z,8.6,79.3,18.8,15.6,36.45,14.636,629
2023-10-08T00:00:00.000Z,8.8,66.1,21.8,12.4,35.5,13.379,654
2023-10-09T00:00:00.000Z,11.2,84.7,23.8,14.1,31.3,16.247,674
2023-10-10T00:00:00.000Z,13.5,67,27.2,20.3,34.7,12.925,662
2023-10-11T00:00:00.000Z,18,63.9,33.1,26.6,42.8,11.783,656
2023-10-12T00:00:00.000Z,20.8,62.8,40.2,34.1,45.6,8.89,652
2023-10-13T00:00:00.000Z,30,88.3,63.45,44.7,68.8,14.223,650
2023-10-14T00:00:00.000Z,16.5,78.8,30.8,24.9,62.4,18.481,683
2023-10-15T00:00:00.000Z,12.7,75.1,49.5,24.9,58.05,18.265,673
2023-10-16T00:00:00.000Z,28.4,119.4,65,46.3,88,25.722,651
2023-10-17T00:00:00.000Z,44.7,165.3,70.2,57.25,113.4,34.891,645
2023-10-18T00:00:00.000Z,21.7,182.6,100.9,52.2,142.25,47.413,652
2023-10-19T00:00:00.000Z,8,132,34.1,24.35,57.75,26.842,653
2023-10-20T00:00:00.000Z,10.2,71.3,27.65,17.3,39.9,15.001,656
2023-10-21T00:00:00.000Z,12.9,77.1,26.5,19,49,19.347,659
2023-10-22T00:00:00.000Z,24.3,115.4,57.4,35.4,73.5,23.462,636
2023-10-23T00:00:00.000Z,31.3,142.1,61.7,50.4,87,24.628,683
2023-10-24T00:00:00.000Z,36.5,189,99.2,53.15,113.1,33.776,669
2023-10-25T00:00:00.000Z,37.9,140,67.8,59.55,87.4,19.818,665
2023-10-26T00:00:00.000Z,37.6,153.9,65.05,48.8,73.95,28.219,676
2023-10-27T00:00:00.000Z,22.7,138.1,65.34,54.45,74.25,22.595,652
2023-10-28T00:00:00.000Z,35.3,90.8,53.45,49,58.55,9.156,660
2023-10-29T00:00:00.000Z,6.5,62.9,34.6,17.89,50.9,16.305,662
2023-10-30T00:00:00.000Z,10.3,89.3,52.1,26.2,70.55,23.227,657
2023-10-31T00:00:00.000Z,31,138.7,61.5,43.6,78.09,23.038,656
2023-11-01T00:00:00.000Z,46.7,151.6,77,63,87,16.328,674
2023-11-02T00:00:00.000Z,49.3,165.8,74.5,69.1,85,20.434,660
2023-11-03T00:00:00.000Z,33.8,109.8,53.7,49.3,59.5,11.901,642
2023-11-04T00:00:00.000Z,13.6,71.8,37.5,29.8,47.7,11.035,655
2023-11-05T00:00:00.000Z,21,73.2,41.5,31.2,57,14.079,646
2023-11-06T00:00:00.000Z,13.3,70.2,31.4,21.2,39,10.844,651
2023-11-07T00:00:00.000Z,23.2,68.6,51.2,36.04,58.85,12.394,652
2023-11-08T00:00:00.000Z,51.3,98.1,67.3,62.4,75.4,9.314,646
2023-11-09T00:00:00.000Z,22.9,93,49.2,41.7,62,13.312,611
2023-11-10T00:00:00.000Z,26.2,82.2,50,37.85,56.4,10.398,645
2023-11-11T00:00:00.000Z,18.2,85.8,51,34.6,56.3,12.404,655
2023-11-12T00:00:00.000Z,3.5,64,22.5,13.3,38.2,15.91,398
2023-11-13T00:00:00.000Z,4.2,38.9,11.7,7.1,16.2,5.729,670
2023-11-14T00:00:00.000Z,9.9,64,34.9,28.65,47.85,12.926,641
2023-11-15T00:00:00.000Z,6.7,128.5,62.4,47.9,90.2,29.272,655
2023-11-16T00:00:00.000Z,8.5,53.5,16.6,14.6,20.7,8.032,659
2023-11-17T00:00:00.000Z,13.9,124.3,56,28,71,27.69,675
2023-11-18T00:00:00.000Z,30.8,154.2,74.1,44.85,122.7,39.725,681
2023-11-19T00:00:00.000Z,31.2,188.2,96,62,124.8,40.45,691
2023-11-20T00:00:00.000Z,58.4,200.1,122.5,93.3,140.3,36.512,679
2023-11-21T00:00:00.000Z,56,192.7,107,78.3,127.5,34.768,663
2023-11-22T00:00:00.000Z,100,209.5,126.4,117.1,139.1,23.241,658
2023-11-23T00:00:00.000Z,62.6,189.3,76.45,71.8,97,26.942,682
2023-11-24T00:00:00.000Z,83.6,162.8,101.4,94.8,115.6,21.004,697
2023-11-25T00:00:00.000Z,82,149.7,94.75,85.8,125.1,22.296,54