date,min,max,median,q1,q3,stdev,count
2021-10-10T00:00:00.000Z,1.9,169,12,8.2,25.95,16.974,469
2021-10-11T00:00:00.000Z,1.4,43.2,15.2,11.75,24.75,9.706,569
2021-10-12T00:00:00.000Z,11.9,35.6,19.4,15.8,26.05,5.944,497
2021-10-13T00:00:00.000Z,6.8,82.1,21.4,12.75,24.75,10.287,553
2021-10-14T00:00:00.000Z,3.5,38,11.1,8,17.25,6.188,525
2021-10-15T00:00:00.000Z,4.1,36.9,14,9.9,17.3,4.805,574
2021-10-16T00:00:00.000Z,0.9,56,7,3.2,19.75,9.984,553
2021-10-17T00:00:00.000Z,3.8,43.5,15,9.3,18.6,5.951,571
2021-10-18T00:00:00.000Z,8.5,49,19.35,14.05,26.5,9.81,612
2021-10-19T00:00:00.000Z,25,194.2,59.4,44.7,87.8,24.453,595
2021-10-20T00:00:00.000Z,19.2,112.8,48.7,37.25,57,20.934,605
2021-10-21T00:00:00.000Z,1.8,79.9,12.7,7.9,21.2,13.874,601
2021-10-22T00:00:00.000Z,5.7,48,23.4,12.2,28.2,8.927,604
2021-10-23T00:00:00.000Z,24.6,164.8,43.1,34.79,62,21.348,619
2021-10-24T00:00:00.000Z,26.2,97.6,50.1,39.29,80.9,21.197,603
2021-10-25T00:00:00.000Z,38.8,164.9,79.7,46,102.7,31.554,598
2021-10-26T00:00:00.000Z,80.5,236.6,122,95.85,174.55,45.458,608
2021-10-27T00:00:00.000Z,50.3,276.6,108,60.7,142.8,51.308,606
2021-10-28T00:00:00.000Z,14.8,118.6,54,40.6,79.7,23.495,610
2021-10-29T00:00:00.000Z,5.7,42.8,33.3,24.6,37.2,10.089,613
2021-10-30T00:00:00.000Z,4.7,31.8,14,11.1,17.6,5.913,587
2021-10-31T00:00:00.000Z,19.5,49.8,40.4,27.6,44.4,8.844,627
2021-11-01T00:00:00.000Z,17.2,43.6,27.6,24.5,29.9,4.018,596
2021-11-02T00:00:00.000Z,15,50.9,31.9,27.6,41.25,8.604,593
2021-11-03T00:00:00.000Z,33.3,123.1,47,43.1,54.9,15.336,603
2021-11-04T00:00:00.000Z,11.9,76.5,45.3,35.3,50.3,13.755,599
2021-11-05T00:00:00.000Z,21.8,76.4,39.1,33.3,43.1,7.208,603
2021-11-06T00:00:00.000Z,27.3,51.8,38.9,34.4,43.3,5.716,575
2022-02-01T00:00:00.000Z,29.5,137.8,36.79,34.3,39.3,7.777,404
2022-02-02T00:00:00.000Z,10.5,37.2,19.3,16.2,27,6.373,622
2022-02-03T00:00:00.000Z,19.8,199.4,40.1,34.6,42.5,10.463,600
2022-02-04T00:00:00.000Z,39.4,307.4,47.5,45.5,54.3,12.834,619
2022-02-05T00:00:00.000Z,47.2,129.1,78.55,54,91.7,19.868,614
2022-02-06T00:00:00.000Z,53.9,98.4,75.09,70.3,80.4,8.29,635
2022-02-07T00:00:00.000Z,36.3,133.9,73.65,63.1,102.6,22.612,592
2022-02-08T00:00:00.000Z,18,67.3,37.2,28.1,48.8,12.201,593
2022-02-09T00:00:00.000Z,20.6,47.6,34.2,28.8,39.6,6.985,598
2022-02-10T00:00:00.000Z,39.3,84.6,64.3,54.95,69.3,9.512,604
2022-02-11T00:00:00.000Z,35.8,109,60.8,49.5,85.55,21.143,604
2022-02-12T00:00:00.000Z,10.8,82.8,39.5,30.95,44.5,11.769,593
2022-02-13T00:00:00.000Z,3.6,89,26.75,12.7,35.79,13.286,594
2022-02-14T00:00:00.000Z,29.3,86.8,54.5,37,69.8,16.094,602
2022-02-15T00:00:00.000Z,44.5,132,68.8,58.3,76.2,14.016,616
2022-02-16T00:00:00.000Z,49.1,163.7,70.3,65.9,88.1,15.058,623
2022-02-17T00:00:00.000Z,25,208,81.3,59,96.2,28.164,626
2022-02-18T00:00:00.000Z,1.2,73.4,42.1,24.5,48.1,16.224,604
2022-02-19T00:00:00.000Z,2.3,80.2,9.8,7.2,13.35,7.801,620
2022-02-20T00:00:00.000Z,9.8,42.9,16.6,14.6,21.5,6.636,607
2022-02-21T00:00:00.000Z,13.3,32.2,20.1,18.2,23.1,3.694,610
2022-02-22T00:00:00.000Z,17.3,42,29.55,25.25,33.7,5.775,592
2022-02-23T00:00:00.000Z,24.7,88.2,44.5,34.7,52.4,14.727,603
2022-02-24T00:00:00.000Z,33.7,129.1,59.8,45.5,67.84,19.667,604
2022-02-25T00:00:00.000Z,48.3,170.3,84.8,74.4,106.3,24.6,633
2022-02-26T00:00:00.000Z,79.9,232.6,187.3,127.3,217,46.795,619
2022-02-27T00:00:00.000Z,84.2,234.3,176.5,147.4,197,39.021,586
2022-02-28T00:00:00.000Z,70.2,181.7,104.3,94.5,124.7,30.074,621
2022-03-01T00:00:00.000Z,62.2,214.9,133.19,95.45,151,36.048,613
2022-03-02T00:00:00.000Z,41.1,194.7,140.35,98.4,173.3,45.635,558
2022-03-03T00:00:00.000Z,42.5,153,51.15,47.2,58.1,30.185,604
2022-03-04T00:00:00.000Z,41.7,97.7,56.2,50.8,62.7,9.099,611
2022-03-05T00:00:00.000Z,39.7,101.7,52.65,48.7,59.4,8.444,594
2022-03-06T00:00:00.000Z,24.2,84.7,43.3,38.7,52.2,9.74,583
2022-03-07T00:00:00.000Z,41.1,207.2,101.6,45.9,133.4,50.97,596
2022-03-08T00:00:00.000Z,26.6,176,49,36.79,56.75,35.008,593
2022-03-09T00:00:00.000Z,41.6,80.7,52,49.25,57.3,6.75,596
2022-03-10T00:00:00.000Z,26.6,55.7,43.2,39.7,47.6,6.416,592
2022-03-11T00:00:00.000Z,39.8,81.7,50,46.8,52.4,5.012,583
2022-03-12T00:00:00.000Z,34.4,57.5,45.15,43.3,48.6,4.64,606
2022-03-13T00:00:00.000Z,30,60.4,44.9,41.5,48.35,5.252,592
2022-03-14T00:00:00.000Z,40,143.2,51.6,44.7,64.1,23.876,608
2022-03-15T00:00:00.000Z,46.4,125.7,86.05,53.4,97,22.331,600
2022-03-16T00:00:00.000Z,38.8,105.8,52.8,47.85,61.4,10.153,624
2022-03-17T00:00:00.000Z,43.3,205.1,52.65,48.6,58.7,10.038,606
2022-03-18T00:00:00.000Z,42.2,95.3,54.85,50.4,63.7,9.669,582
2022-03-19T00:00:00.000Z,39.7,63.6,48.3,46.1,51.3,4.172,611
2022-03-20T00:00:00.000Z,37.8,79.5,49.4,44.6,53.2,5.842,603
2022-03-21T00:00:00.000Z,44,88.8,56.45,51.7,68.2,9.881,588
2022-03-22T00:00:00.000Z,8.1,205.8,56.55,48,70.9,20.144,602
2022-03-23T00:00:00.000Z,1.8,102.3,22.5,7.35,52.3,23.499,596
2022-03-24T00:00:00.000Z,47.3,89.2,58.65,55.4,62.6,6.271,594
2022-03-25T00:00:00.000Z,45.7,114.9,81.09,58.7,97.1,19.882,593
2022-03-26T00:00:00.000Z,40.9,125.8,76.09,54.3,88.8,21.956,610
2022-03-27T00:00:00.000Z,20,166.7,34.6,30.85,42.9,10.321,609
2022-03-28T00:00:00.000Z,26.8,110.9,52.2,35.7,70.05,19.526,593
2022-03-29T00:00:00.000Z,35.4,100.8,69.2,54.95,86.8,16.433,617
2022-03-30T00:00:00.000Z,26.1,267,56.8,38.4,89.8,31.114,596
2022-03-31T00:00:00.000Z,5.7,104.4,60.4,12,83.05,33.289,601
2022-04-01T00:00:00.000Z,7.3,115.3,16.14,13.5,19,7.336,612
2022-04-02T00:00:00.000Z,7,53.9,22.05,11.8,39.79,14.519,612
2022-04-03T00:00:00.000Z,17.5,123.6,38.79,27.15,44.25,18.942,596
2022-04-04T00:00:00.000Z,29,117.9,49.4,43.5,60.3,18.958,606
2022-04-05T00:00:00.000Z,43.4,130.6,60.7,50.4,84.8,21.433,606
2022-04-06T00:00:00.000Z,59.1,267.7,120.6,99.4,203.8,53.828,622
2022-04-07T00:00:00.000Z,40.2,232.6,85.3,59,137,45.892,482
2022-04-08T00:00:00.000Z,56.8,228.9,112.2,89.5,133,32.997,579
2022-04-09T00:00:00.000Z,39.8,103.9,58.3,53.05,67.05,12.087,576
2022-04-10T00:00:00.000Z,42.3,77.4,58,48.7,64.55,8.676,605
2022-04-11T00:00:00.000Z,42.4,80.4,56.7,51.1,62.3,7.747,596
2022-04-12T00:00:00.000Z,33.9,116.4,45.25,39,59.5,11.576,578
2022-04-13T00:00:00.000Z,36.6,129.7,60.1,55.8,78.8,19.055,539
2022-04-14T00:00:00.000Z,43.3,62.6,50.9,47.9,54.6,3.834,552
2022-04-15T00:00:00.000Z,46.3,203.1,60.5,52.9,64.5,11.038,589
2022-04-16T00:00:00.000Z,14.5,80.3,30.1,25,44.5,10.914,603
2022-04-17T00:00:00.000Z,1.8,39.3,23.2,10.6,32.5,11.363,597
2022-04-18T00:00:00.000Z,4,71.8,30.25,16.3,42.3,14.025,586
2022-04-19T00:00:00.000Z,25.2,62.1,38.65,31.7,47,9.099,576
2022-04-20T00:00:00.000Z,46,138.5,94.25,66.9,107.55,22.75,600
2022-04-21T00:00:00.000Z,46.5,317.2,59.4,53.6,68.4,14.917,579
2022-04-22T00:00:00.000Z,34.9,96.1,44,40.4,52.1,7.95,561
2022-04-23T00:00:00.000Z,33.8,62,43.5,40.4,46.2,4.428,574
2022-04-24T00:00:00.000Z,39,69.2,49.3,45,51.9,4.478,560
2022-04-25T00:00:00.000Z,28,282.3,43.2,36.1,55.55,16.799,549
2022-04-26T00:00:00.000Z,29.2,68,44.2,36.1,51.4,8.332,571
2022-04-27T00:00:00.000Z,31.2,48,41.2,38.1,44,3.777,582
2022-04-28T00:00:00.000Z,24.1,61.8,40.7,30.1,43.3,8.379,585
2022-04-29T00:00:00.000Z,39.9,63.7,48.2,44.3,52.3,5.599,570
2022-04-30T00:00:00.000Z,0.2,178.8,34,22.4,40.7,16.347,589
2022-05-01T00:00:00.000Z,3.1,44.5,17.8,7.6,22.5,8.371,590
2022-05-02T00:00:00.000Z,16,89.1,33.4,23.05,45.75,16.442,605
2022-05-03T00:00:00.000Z,16.4,109.1,40.6,26.4,44.9,17.708,604
2022-05-04T00:00:00.000Z,28.3,118.1,53.5,42.2,66.4,17.471,603
2022-05-05T00:00:00.000Z,27.1,113.1,50.6,46.4,52.75,6.878,592
2022-05-06T00:00:00.000Z,25.4,176.6,54.95,39.15,61.2,17.963,592
2022-05-07T00:00:00.000Z,6.6,61.5,33.29,25.9,41,12.03,599
2022-05-08T00:00:00.000Z,6.7,104.7,32.4,28.65,35.7,7.941,577
2022-05-09T00:00:00.000Z,22.5,53.7,30.7,27.6,34.79,4.963,587
2022-05-10T00:00:00.000Z,24,129.9,38.25,34.29,40.6,6.624,602
2022-05-11T00:00:00.000Z,20.3,65.7,44.3,31.4,47.6,9.653,601
2022-05-12T00:00:00.000Z,10.7,71.6,44.9,41.1,49,9.859,567
2022-05-13T00:00:00.000Z,8.6,62.9,29.75,17.39,39.85,13.375,556
2022-05-14T00:00:00.000Z,21.3,80.9,50.35,46.35,67.15,14.601,596
2022-05-15T00:00:00.000Z,5.5,57.4,12.2,9.4,20.1,13.12,583
2022-05-16T00:00:00.000Z,3.6,44.2,20.2,9.5,34.2,12.657,587
2022-05-17T00:00:00.000Z,21.1,111,39.25,35.1,44.9,8.776,542
2022-05-18T00:00:00.000Z,28.9,51.3,38.2,35.3,40.8,3.972,599
2022-05-19T00:00:00.000Z,32.1,66.9,42.1,35.7,45.2,5.747,600
2022-05-20T00:00:00.000Z,34.4,68.2,42.7,39.1,46.9,5.681,597
2022-05-21T00:00:00.000Z,39.8,82.1,51.95,46.9,56.2,8.642,592
2022-05-22T00:00:00.000Z,6.3,106.2,19.8,10.9,33,20.226,581
2022-05-23T00:00:00.000Z,2.4,48.5,17.1,11.7,27.05,9.416,593
2022-05-24T00:00:00.000Z,15.9,60.7,38.1,32.79,44.15,8.501,601
2022-05-25T00:00:00.000Z,38.1,76.3,49.2,46.1,54.8,6.037,602
2022-05-26T00:00:00.000Z,19.2,221.4,42.8,29.95,46.55,12.747,617
2022-05-27T00:00:00.000Z,37.9,59.5,48.6,42.6,53.3,6.017,82
2022-05-28T00:00:00.000Z,17.8,38.9,29.2,26.65,32.1,3.999,477
2022-05-29T00:00:00.000Z,11.5,209,36.4,31,42.2,13.085,649
2022-05-30T00:00:00.000Z,1.1,141.1,27.9,19.85,42.35,15.495,621
2022-05-31T00:00:00.000Z,20.9,69.6,41.7,39.2,44.1,6.661,595
2022-06-01T00:00:00.000Z,5.6,55.9,32.7,30,39.4,8.804,603
2022-06-02T00:00:00.000Z,6.4,56.3,29.3,21.75,34.7,10.329,624
2022-06-03T00:00:00.000Z,14.5,51.8,30.7,21.6,34.79,7.342,631
2022-06-04T00:00:00.000Z,17.1,73.1,38.65,26.4,42,9.31,596
2022-06-05T00:00:00.000Z,10.8,82.8,37.54,29.6,43.15,8.889,636
2022-06-06T00:00:00.000Z,1.9,51,20.5,10.5,32.45,12.984,641
2022-06-07T00:00:00.000Z,11.1,68.1,37.04,19.6,49.1,14.278,634
2022-06-08T00:00:00.000Z,2.4,93.2,36.9,26.8,48.8,15.695,639
2022-06-09T00:00:00.000Z,32.1,65.4,49.3,42.9,52.55,6.144,641
2022-06-10T00:00:00.000Z,23,114.8,42.5,37.4,50.25,16.57,637
2022-06-11T00:00:00.000Z,35.3,91.2,51.55,43.4,58.6,11.616,638
2022-06-12T00:00:00.000Z,19.3,92.8,40.2,34.5,48.85,11.161,649
2022-06-13T00:00:00.000Z,1.7,60.6,29.2,17.39,35.35,12.887,653
2022-06-14T00:00:00.000Z,5.9,59,20.9,17.7,27.85,8.085,652
2022-06-15T00:00:00.000Z,9.2,155.8,28.85,22.6,37.5,12.047,638
2022-06-16T00:00:00.000Z,6.5,112.4,21.7,14.75,27.4,14.805,649
2022-06-17T00:00:00.000Z,7.4,108.2,23.45,16.1,32.6,20.021,582
2022-06-18T00:00:00.000Z,5.2,48.7,19,11.9,31.5,12.032,647
2022-06-19T00:00:00.000Z,2,167.2,20.5,11,41.7,38.965,626
2022-06-20T00:00:00.000Z,4.6,149.4,27.7,12.3,37,31.822,635
2022-06-21T00:00:00.000Z,5.7,210.5,26.65,17.45,48.25,41.964,652
2022-06-22T00:00:00.000Z,5.7,112.2,36.04,20.55,47.65,24.236,644
2022-06-23T00:00:00.000Z,13,102.2,48,40.4,57.9,19.836,631
2022-06-24T00:00:00.000Z,10.1,57.3,27.2,22.4,33.7,9.072,651
2022-06-25T00:00:00.000Z,10,51.7,29.9,21.3,33.7,8.634,643
2022-06-26T00:00:00.000Z,20,60.1,33.29,27.25,39.04,7.315,653
2022-06-27T00:00:00.000Z,9.7,50.4,26.4,17.4,38.6,12.168,642
2022-06-28T00:00:00.000Z,16.2,83.6,32.6,29.1,39.75,11.76,620
2022-06-29T00:00:00.000Z,3.2,101.3,55.7,43.7,72.5,23.661,635
2022-06-30T00:00:00.000Z,13.2,97.8,43.7,31,59.2,17.212,643
2022-07-01T00:00:00.000Z,23.4,51.4,31.35,27.9,34.85,5.039,636
2022-07-02T00:00:00.000Z,2.6,82.9,19.1,15.4,28.3,9.546,663
2022-07-03T00:00:00.000Z,11.5,50.6,32.2,26.1,36.2,7.825,650
2022-07-04T00:00:00.000Z,14.4,61.2,40.54,29.8,46.7,9.64,618
2022-07-05T00:00:00.000Z,1.8,51.2,29.1,16.25,35,12.218,600
2022-07-06T00:00:00.000Z,6.3,110.9,43.05,14,62.5,24.165,642
2022-07-07T00:00:00.000Z,8,42.2,23.6,16.1,32.9,9.26,433
2022-07-08T00:00:00.000Z,17.7,72.6,42,34.5,46.6,8.76,618
2022-07-09T00:00:00.000Z,20.7,99.6,38.7,32.79,44.8,9.048,646
2022-07-10T00:00:00.000Z,16.4,57.6,35.1,29.9,40.2,7.951,642
2022-07-11T00:00:00.000Z,11.5,49.1,24.5,19.5,30.6,9.486,638
2022-07-12T00:00:00.000Z,2,47.6,19.14,10.1,29.5,12.143,638
2022-07-13T00:00:00.000Z,4.4,229.1,30.4,20.85,42.95,20.063,636
2022-07-14T00:00:00.000Z,1,46.7,13.6,9.4,19.3,8.917,627
2022-07-15T00:00:00.000Z,10.2,79.1,26.9,19.5,36.04,10.427,613
2022-07-16T00:00:00.000Z,9,38.2,22.2,17.39,28.4,6.652,622
2022-07-17T00:00:00.000Z,15.4,48.4,26.8,21.8,34.29,7.841,607
2022-07-18T00:00:00.000Z,2.2,45.3,32.9,14.1,39.75,13.813,605
2022-07-19T00:00:00.000Z,1.2,76.8,20.9,15.2,28.7,10.482,647
2022-07-20T00:00:00.000Z,6.4,220,22,18,37.2,18.803,652
2022-07-21T00:00:00.000Z,1.4,57.3,14.6,10.3,22.9,10.136,630
2022-07-22T00:00:00.000Z,4.3,56.4,22.15,12.85,33.15,13.702,640
2022-07-23T00:00:00.000Z,13.5,66.9,32.6,22.7,39.1,10.974,653
2022-07-24T00:00:00.000Z,8.1,42.9,25.9,19.7,32.7,8.276,639
2022-07-25T00:00:00.000Z,10.2,37.9,21.1,16.5,28.25,7.126,649
2022-07-26T00:00:00.000Z,10.9,40.9,27.6,23,30.5,5.718,643
2022-07-27T00:00:00.000Z,21.1,46.6,35.1,32.8,37.4,4.478,647
2022-07-28T00:00:00.000Z,29.2,63.6,41.9,37.2,45.7,5.231,631
2022-07-29T00:00:00.000Z,16.6,81,42.7,40.6,45.8,7.968,643
2022-07-30T00:00:00.000Z,12.2,279.4,38.2,25,45.9,21.088,640
2022-07-31T00:00:00.000Z,13.6,137.9,34.75,26.5,39.6,8.831,662
2022-08-01T00:00:00.000Z,12.3,100.2,34.79,29,40.3,8.805,579
2022-08-02T00:00:00.000Z,17.1,66.2,30.1,26,36.7,7.292,639
2022-08-03T00:00:00.000Z,15,124.5,34.29,28.5,40.8,11.839,669
2022-08-04T00:00:00.000Z,4.8,54.5,32.29,17.1,41.2,12.992,655
2022-08-05T00:00:00.000Z,3.3,83.6,36.5,28.6,44.3,13.121,648
2022-08-06T00:00:00.000Z,7,76,27.6,16.35,41.1,12.828,672
2022-08-07T00:00:00.000Z,13.1,380,39.25,26.7,42,20.774,658
2022-08-08T00:00:00.000Z,14.6,141.7,25.6,21.9,31.65,9.253,673
2022-08-09T00:00:00.000Z,7.5,85.8,36.3,26.6,46.35,13.304,645
2022-08-10T00:00:00.000Z,3.8,176.4,17.8,12,34.7,15.495,675
2022-08-11T00:00:00.000Z,0.5,178.8,19.2,13,27.25,15.428,672
2022-08-12T00:00:00.000Z,3.8,523.3,49.5,41.4,54.8,33.237,650
2022-08-13T00:00:00.000Z,28.9,116.3,41.5,38.5,43.9,9.484,659
2022-08-14T00:00:00.000Z,5.3,75.5,29.2,13.1,35.5,15.194,658
2022-08-15T00:00:00.000Z,12.4,59.1,31.9,25.7,35.7,8.151,648
2022-08-16T00:00:00.000Z,18.2,181.1,38.1,31.7,41.7,13.771,653
2022-08-17T00:00:00.000Z,22.4,64.6,34.7,32.4,41,6.508,615
2022-08-18T00:00:00.000Z,26.2,102.7,50,37.25,55.95,11.42,653
2022-08-19T00:00:00.000Z,2.3,167.4,48.65,35.45,63.5,22.477,636
2022-08-20T00:00:00.000Z,7.6,54.7,26.8,19,34.29,9.65,655
2022-08-21T00:00:00.000Z,3.5,85.3,18,11.7,31.1,12.132,639
2022-08-22T00:00:00.000Z,6.3,55.8,20.2,15.55,29.6,11.097,661
2022-08-23T00:00:00.000Z,24.5,110.8,41.3,35.79,48,12.977,650
2022-08-24T00:00:00.000Z,40.2,109.8,65.05,51.05,75.6,15.387,656
2022-08-25T00:00:00.000Z,3.3,54.4,16.8,12.2,28.4,12.604,636
2022-08-26T00:00:00.000Z,4.3,46.7,13.8,10.8,16.2,6.52,661
2022-08-27T00:00:00.000Z,11.7,271.8,18.7,16.2,24.5,15.92,664
2022-08-28T00:00:00.000Z,12.9,61,25.9,20.3,29.6,6.655,649
2022-08-29T00:00:00.000Z,13,40.4,29.9,21.5,33.79,7.315,642
2022-08-30T00:00:00.000Z,9.2,66.8,25.05,18.3,31.3,8.904,654
2022-08-31T00:00:00.000Z,29.7,97.9,39.5,35.6,43.75,15.136,645
2022-09-01T00:00:00.000Z,22.8,93.2,34.29,30,42.7,8.022,623
2022-09-02T00:00:00.000Z,31.5,71,42.3,35.95,53.4,9.362,632
2022-09-03T00:00:00.000Z,44.3,92.6,53.4,50.4,57.35,4.495,657
2022-09-04T00:00:00.000Z,20.6,57.3,28.85,26,35.45,6.771,628
2022-09-05T00:00:00.000Z,17.4,66.1,35.9,29.15,45.85,10.849,648
2022-09-06T00:00:00.000Z,26,83,42,35.15,55,13.248,641
2022-09-07T00:00:00.000Z,9.8,105.6,53.9,47,62.95,16.454,648
2022-09-08T00:00:00.000Z,3.8,65.9,28.3,20.2,33.79,14.126,618
2022-09-09T00:00:00.000Z,21.7,106.6,48,43.15,52.8,9.827,616
2022-09-10T00:00:00.000Z,26,87.1,43.9,37.9,48.5,7.946,591
2022-09-11T00:00:00.000Z,5.2,77.9,35.4,17.2,43.4,13.472,639
2022-09-12T00:00:00.000Z,32.5,79.1,45.5,40.5,51.1,9.379,582
2022-09-13T00:00:00.000Z,41.7,161.6,59.55,50.1,85.45,22.281,588
2022-09-14T00:00:00.000Z,39.4,117.9,50.4,47.1,91.8,23.805,646
2022-09-15T00:00:00.000Z,33.6,66.5,48.7,45.4,52.4,6.918,636
2022-09-16T00:00:00.000Z,4.8,87.1,44.25,37.95,54,16.747,656
2022-09-17T00:00:00.000Z,13.1,141.6,43.2,34.6,51.1,22.357,623
2022-09-18T00:00:00.000Z,20.2,144.5,38.1,28.75,62.55,31.549,628
2022-09-19T00:00:00.000Z,32.8,119.2,54.85,43.7,69.2,14.803,628
2022-09-20T00:00:00.000Z,15.4,93.1,45.4,39.9,54.9,13.232,623
2022-09-21T00:00:00.000Z,36,222.7,49.65,43.4,58.05,16.507,628
2022-09-22T00:00:00.000Z,10.5,65.7,33.6,27,41.6,9.303,633
2022-09-23T00:00:00.000Z,31.9,63,43.4,37,46.15,6.288,621
2022-09-24T00:00:00.000Z,41,111.2,48.3,45.95,54.75,9.053,632
2022-09-25T00:00:00.000Z,31.2,62.6,47.5,42.3,50.9,6.202,623
2022-09-26T00:00:00.000Z,46.9,242.5,88.95,52.4,116.6,33.013,622
2022-09-27T00:00:00.000Z,47.4,119,76.7,59.9,87.1,18.639,646
2022-09-28T00:00:00.000Z,48.2,109.6,67,60.75,73.7,10.979,632
2022-09-29T00:00:00.000Z,16.7,95.1,43.15,37.1,50.5,11.114,638
2022-09-30T00:00:00.000Z,7,127.1,34.79,27.2,39.5,15.188,648
2022-10-01T00:00:00.000Z,1,53.9,20.95,12,30.6,12.534,650
2022-10-02T00:00:00.000Z,4.4,94.3,17,11.1,22.5,20.377,438
2022-10-03T00:00:00.000Z,12.2,127.3,39.3,29,51.5,17.153,659
2022-10-04T00:00:00.000Z,20.3,304.9,42.7,38.25,47,14.678,649
2022-10-05T00:00:00.000Z,31.5,108.8,43.6,40.04,48.4,16.137,633
2022-10-06T00:00:00.000Z,12.6,124.4,47.2,36.29,54.9,25.819,647
2022-10-07T00:00:00.000Z,8.7,153.2,43.8,30.85,51.5,20.633,652
2022-10-08T00:00:00.000Z,28.6,80.3,50.8,42.25,58,10.595,656
2022-10-09T00:00:00.000Z,8.4,56.4,16.1,12.1,42.3,16.091,628
2022-10-10T00:00:00.000Z,9.3,101.8,31.45,16,48,19.458,624
2022-10-11T00:00:00.000Z,18,155.6,43.5,27.05,73.09,34.113,633
2022-10-12T00:00:00.000Z,25.1,130.9,44.2,33.5,54.5,19.967,651
2022-10-13T00:00:00.000Z,35,155.7,64.59,46.8,107.5,32.72,653
2022-10-14T00:00:00.000Z,28.9,105.1,59.8,35.54,83.8,23.454,629
2022-10-15T00:00:00.000Z,32.5,170.1,65,38.2,106.2,36.347,631
2022-10-16T00:00:00.000Z,33.1,97.9,43,39.1,66.95,18.428,629
2022-10-17T00:00:00.000Z,35.6,92.4,47.8,39.5,55.8,13.64,661
2022-10-18T00:00:00.000Z,42.8,121.5,46.85,45.3,72.5,23.476,470
2022-10-21T00:00:00.000Z,25.3,75.3,42.8,38.1,44.6,5.674,605
2022-10-22T00:00:00.000Z,25.9,97,55.45,39,69.84,18.564,628
2022-10-23T00:00:00.000Z,36.9,181.8,77.7,44.3,128.6,44.741,666
2022-10-24T00:00:00.000Z,39.8,171.4,71.6,53,102.2,27.1,649
2022-10-25T00:00:00.000Z,49.1,144.3,83.9,75.3,89.75,14.155,661
2022-10-26T00:00:00.000Z,35.6,138.7,85.4,53.9,105,27.181,659
2022-10-27T00:00:00.000Z,27.3,94.3,38.8,33.9,42.3,7.402,635
2022-10-28T00:00:00.000Z,32.1,128.1,80.8,48.9,104.35,29.029,677
2022-10-29T00:00:00.000Z,63.3,152.1,109,72.8,127.7,26.513,679
2022-10-30T00:00:00.000Z,32.4,117.4,54.2,45.5,69.59,19.393,631
2022-10-31T00:00:00.000Z,13,43.1,22.85,19.6,31.35,7.325,640
2022-11-01T00:00:00.000Z,13.4,101.5,42.7,25.4,72.8,24.926,651
2022-11-02T00:00:00.000Z,24.3,198.1,61.15,36.4,101.65,42.97,672
2022-11-03T00:00:00.000Z,36.7,221.4,102.1,67.59,115.3,40.001,629
2022-11-04T00:00:00.000Z,38.4,208.1,72.7,53.35,89.4,35.045,661
2022-11-05T00:00:00.000Z,43.3,134.5,55.6,49.8,73.09,19.535,656
2022-11-06T00:00:00.000Z,50.3,225.3,78.45,66.15,92.7,19.179,680
2022-11-07T00:00:00.000Z,40.6,177,100.1,66.2,118.4,30.519,682
2022-11-08T00:00:00.000Z,60.4,236.2,92.2,78.2,124.6,38.066,674
2022-11-09T00:00:00.000Z,35,195.1,66.95,43.05,78.7,31.831,664
2022-11-10T00:00:00.000Z,40,136.4,84.45,61,106.5,25.724,670
2022-11-11T00:00:00.000Z,32.2,89.2,46.5,39.6,52.2,10.69,654
2022-11-12T00:00:00.000Z,28.2,67.7,40.2,36.4,45.2,5.872,655
2022-11-13T00:00:00.000Z,33,101.3,48.7,43.2,55.1,12.164,657
2022-11-14T00:00:00.000Z,36.7,342.6,50.2,46.2,54.2,21.329,662
2022-11-15T00:00:00.000Z,23.8,88.2,37.1,32.4,45.4,13.524,655
2022-11-16T00:00:00.000Z,12.2,67.2,37.3,30.7,40.54,10.297,656
2022-11-17T00:00:00.000Z,10,49.8,31.2,24.4,36.85,8.724,657
2022-11-18T00:00:00.000Z,20.6,70.9,30.8,28,34.5,5.928,638
2022-11-19T00:00:00.000Z,24.5,70.1,36.9,32.3,41.8,6.143,651
2022-11-20T00:00:00.000Z,30.1,149.7,49.7,44.6,58.1,18.162,650
2022-11-21T00:00:00.000Z,36,139.2,72.9,47.6,93,25.609,651
2022-11-22T00:00:00.000Z,41,132.1,60.1,49.1,98.9,26.253,651
2022-11-23T00:00:00.000Z,30.4,85,48.8,44.4,60.3,12.611,651
2022-11-24T00:00:00.000Z,24.3,93.9,31.75,28.8,36.04,6.558,656
2022-11-25T00:00:00.000Z,29.1,92.3,46.5,41.35,55.45,9.93,665
2022-11-26T00:00:00.000Z,36.1,79.8,45.3,41.1,57.6,10.454,634
2022-11-27T00:00:00.000Z,14.2,161,22.5,18.89,29.4,11.991,654
2022-11-28T00:00:00.000Z,26.9,54.5,33.4,31.3,35.6,3.719,654
2022-11-29T00:00:00.000Z,23.4,58,36.1,29.7,41.55,6.65,648
2022-11-30T00:00:00.000Z,1.9,50.2,23.05,13.65,30.7,11.19,652
2022-12-01T00:00:00.000Z,2.2,45.2,15.7,11.9,22.55,8.02,613
2022-12-02T00:00:00.000Z,10.5,70.9,32.2,24.8,39,10.626,649
2022-12-03T00:00:00.000Z,26.8,101.9,53,41.6,68.4,17.815,662
2022-12-04T00:00:00.000Z,6.1,43.8,27.95,16.89,35.9,10.361,672
2022-12-05T00:00:00.000Z,8.2,97.1,38.85,17.64,46,18.776,664
2022-12-06T00:00:00.000Z,36.1,163.9,81.2,52.4,113.15,33.51,673
2022-12-07T00:00:00.000Z,57.5,99.8,67.9,62.6,79.4,10.124,661
2022-12-08T00:00:00.000Z,46.2,93.6,55,52.3,59,5.119,650
2022-12-09T00:00:00.000Z,49.2,103.1,69.2,55.5,81.9,15.038,673
2022-12-10T00:00:00.000Z,48,94.3,59.9,53.5,74.59,12.119,670
2022-12-11T00:00:00.000Z,54.6,129,67.09,58.9,93.3,22.946,675
2022-12-12T00:00:00.000Z,48.5,147.4,85,53.8,105.15,31.664,657
2022-12-13T00:00:00.000Z,48.5,166.4,80.2,59.8,108,29.236,683
2022-12-14T00:00:00.000Z,44.3,219.1,95.75,50,123.3,44.404,660
2022-12-15T00:00:00.000Z,54.8,246.9,117.4,78.34,137.9,42.055,677
2022-12-16T00:00:00.000Z,51.4,236.6,136.3,74.8,165.2,51.588,674
2022-12-17T00:00:00.000Z,26.9,64.2,41.8,33.15,48.85,9.18,652
2022-12-18T00:00:00.000Z,29.7,181.4,65.9,38.1,92.1,32.798,676
2022-12-19T00:00:00.000Z,58.2,200,83.9,66.8,107.4,31.222,661
2022-12-20T00:00:00.000Z,56.7,209.1,100.9,81.8,147,40.783,675
2022-12-21T00:00:00.000Z,55.7,237.4,105.7,81.9,148,40.552,643
2022-12-22T00:00:00.000Z,57.5,181,86.6,75,106.95,28.051,648
2022-12-23T00:00:00.000Z,35.4,184.2,54.6,45.4,59.9,27.954,629
2022-12-24T00:00:00.000Z,48.8,295.3,80.75,72.2,95.1,28.739,652
2022-12-25T00:00:00.000Z,35.9,207.2,71.5,49.3,85.7,35.464,635
2022-12-26T00:00:00.000Z,58.8,222.8,114.55,86.1,135.19,41.526,646
2022-12-27T00:00:00.000Z,31.6,125.9,56.6,48.85,63.1,11.016,632
2022-12-28T00:00:00.000Z,17.7,133.8,34.7,26.6,56.25,32.911,645
2022-12-29T00:00:00.000Z,36.4,51.1,43.6,42.4,45.35,2.411,632
2022-12-30T00:00:00.000Z,40,90,52.6,43.6,65,13.861,651
2022-12-31T00:00:00.000Z,49.8,118,64.9,57.3,81.9,20.276,645
2023-01-01T00:00:00.000Z,45.4,434.8,88.35,63.1,126.15,45.855,652
2023-01-02T00:00:00.000Z,48,164,64.05,57.7,72.9,23.818,608
2023-01-03T00:00:00.000Z,45.1,191.2,87.4,52.1,105.5,36.225,671
2023-01-04T00:00:00.000Z,49.7,206.1,88.5,81.45,98,26.619,664
2023-01-05T00:00:00.000Z,45.2,115.9,60.25,52.5,79.59,15.477,636
2023-01-06T00:00:00.000Z,42.1,133,53.6,49,57.4,10.851,633
2023-01-07T00:00:00.000Z,42.1,196.8,92.8,62.1,140.19,45.437,647
2023-01-08T00:00:00.000Z,59.7,271,103.35,79.09,125.75,29.388,660
2023-01-09T00:00:00.000Z,95.7,214.3,136.8,122.25,155.8,24.548,661
2023-01-10T00:00:00.000Z,63.6,184.5,98.5,79.25,122.25,32.279,653
2023-01-11T00:00:00.000Z,32.9,98.4,56.8,41.7,72.84,17.77,637
2023-01-12T00:00:00.000Z,31.1,86.2,47.8,45.6,50.8,5.466,630
2023-01-13T00:00:00.000Z,41.6,379.7,54.2,48.2,63.7,22.76,630
2023-01-14T00:00:00.000Z,47.6,1465.2,107.6,60.75,321.14,240.895,653
2023-01-15T00:00:00.000Z,18.3,110.3,36,26.6,43,18.432,651
2023-01-16T00:00:00.000Z,20.9,68.3,44.9,38.54,47.5,8.92,641
2023-01-17T00:00:00.000Z,44.6,81.1,53.9,49.1,59.9,7.961,634
2023-01-18T00:00:00.000Z,44.2,154.8,73,48.3,114.6,33.779,641
2023-01-19T00:00:00.000Z,60.8,288,92.35,80.59,118.6,30.713,650
2023-01-20T00:00:00.000Z,75.7,503.3,176,156.55,190.95,45.472,681
2023-01-21T00:00:00.000Z,67.8,866.7,136.85,110.75,165.7,61.528,672
2023-01-22T00:00:00.000Z,72.9,221,137.5,100.15,150.35,32.109,673
2023-01-23T00:00:00.000Z,29.2,149.6,47.9,44,56.9,19.707,679
2023-01-24T00:00:00.000Z,31.4,74.8,41.9,38,46.1,6.29,639
2023-01-25T00:00:00.000Z,47.9,88.2,56.7,52.8,62.8,7.176,663
2023-01-26T00:00:00.000Z,43.2,280.3,78.05,62.55,87.2,20.349,656
2023-01-27T00:00:00.000Z,39.7,78.5,52.3,50.1,56.8,7.376,619
2023-01-28T00:00:00.000Z,37.5,369,66.3,42.7,81.5,27.843,642
2023-01-29T00:00:00.000Z,43.5,192.6,92.05,56.2,124.9,41.27,668
2023-01-30T00:00:00.000Z,77.3,164.2,109.7,95.95,123.6,20.163,656
2023-01-31T00:00:00.000Z,39.4,182,70.3,58.3,76.59,20.8,642
2023-02-01T00:00:00.000Z,42.3,233.8,59.6,48.25,79.15,19.305,649
2023-02-02T00:00:00.000Z,47.2,217.4,59.55,53.8,110.6,40.281,638
2023-02-03T00:00:00.000Z,17.5,166.4,36.29,33.29,42.15,10.257,637
2023-02-04T00:00:00.000Z,23,78.5,40.79,36.2,49.5,10.568,648
2023-02-05T00:00:00.000Z,9.1,107.5,34.79,29.1,39,9.075,640
2023-02-06T00:00:00.000Z,26,72.2,38.2,34.3,44.6,7.667,634
2023-02-07T00:00:00.000Z,20,58.3,35.9,29.5,46.4,9.011,626
2023-02-08T00:00:00.000Z,23.5,46,32.6,28.2,37.7,5.286,641
2023-02-09T00:00:00.000Z,28.5,60.2,35.4,31.8,39.5,5.479,634
2023-02-10T00:00:00.000Z,22.2,46.2,37.7,34.5,41.7,5.118,624
2023-02-11T00:00:00.000Z,28.5,138.8,40.5,37.5,43.6,6.007,618
2023-02-12T00:00:00.000Z,34.4,76.2,49.6,42.4,51.7,6.377,637
2023-02-13T00:00:00.000Z,29.1,72.2,47.2,42.6,55.7,9.594,661
2023-02-14T00:00:00.000Z,32.4,55.5,42.1,37.2,46.1,5.559,634
2023-02-15T00:00:00.000Z,39.3,83.1,47.4,44.5,53.1,8.814,651
2023-02-16T00:00:00.000Z,49.4,112,67.9,58.4,79.7,13.292,657
2023-02-17T00:00:00.000Z,47.4,146.1,90.35,61.9,115.25,28.282,656
2023-02-18T00:00:00.000Z,43.6,124,53,50.1,60.6,20.568,636
2023-02-19T00:00:00.000Z,38.6,112.6,55.2,43.1,85.9,22.734,607
2023-02-20T00:00:00.000Z,47.5,137.4,69.5,58.55,81.95,17.717,645
2023-02-21T00:00:00.000Z,35.5,100.5,68.1,45.5,82,19.182,637
2023-02-22T00:00:00.000Z,32.9,94.4,45.5,40.1,48.8,8.23,650
2023-02-23T00:00:00.000Z,35.5,68.7,43.2,40.9,46.8,5.187,647
2023-02-24T00:00:00.000Z,15.9,135.6,35,28.4,52.4,21.146,657
2023-02-25T00:00:00.000Z,21.1,89,40,26.9,50.2,17.632,663
2023-02-26T00:00:00.000Z,41.2,121.2,53.4,46.9,61.5,15.771,669
2023-02-27T00:00:00.000Z,50.8,123.4,76,71,82.6,13.402,654
2023-02-28T00:00:00.000Z,46.5,98.6,54.5,51.4,58.1,8.372,653
2023-03-01T00:00:00.000Z,42.5,139.8,81.45,56.4,125.55,34.776,664
2023-03-02T00:00:00.000Z,67.2,164,101.4,94.2,111.75,17.795,657
2023-03-03T00:00:00.000Z,44.8,163.2,72.25,64.2,85.95,24.737,664
2023-03-04T00:00:00.000Z,45.5,120.1,67.2,51.85,79.15,19.978,632
2023-03-05T00:00:00.000Z,74.6,130,101.8,92.85,107.85,11.408,661
2023-03-06T00:00:00.000Z,38.7,141.7,52.6,43.15,77,17.817,629
2023-03-07T00:00:00.000Z,39.6,82.7,47.4,44,48.8,4.05,618
2023-03-08T00:00:00.000Z,36.2,111,54.7,48.8,84.2,19.282,635
2023-03-09T00:00:00.000Z,52.1,159.8,105.4,60.3,139.4,36.341,647
2023-03-10T00:00:00.000Z,36.7,152.5,63.2,49.3,89.6,27.292,630
2023-03-11T00:00:00.000Z,43.8,159,56.4,51.5,63.5,10.311,647
2023-03-12T00:00:00.000Z,14,113.7,53.15,22.3,68.3,28.272,658
2023-03-13T00:00:00.000Z,21.8,119.6,46.3,32.4,60.9,18.402,632
2023-03-14T00:00:00.000Z,37.2,88.6,54.1,49.7,60.3,10.814,651
2023-03-15T00:00:00.000Z,39.7,127.9,52.9,44.5,68.2,15.879,626
2023-03-16T00:00:00.000Z,21.5,48.6,37.8,34.65,40.9,5.309,632
2023-03-17T00:00:00.000Z,32,46.1,40,38.5,41.6,2.508,655
2023-03-18T00:00:00.000Z,34.1,184.9,44,39.9,46.7,7.142,645
2023-03-19T00:00:00.000Z,22.7,145.9,32.2,27.3,37.5,7.768,637
2023-03-20T00:00:00.000Z,36.8,52.6,44.9,43.2,46.8,2.557,617
2023-03-21T00:00:00.000Z,38.8,81.5,55.9,52.8,60.6,8.937,656
2023-03-22T00:00:00.000Z,47,246.2,53.7,49.8,74.9,18.322,663
2023-03-23T00:00:00.000Z,48.2,85.9,59,53.2,74.9,11.782,660
2023-03-24T00:00:00.000Z,39.1,78.3,46.75,43.1,67.9,12.969,632
2023-03-25T00:00:00.000Z,12.8,96.5,48.1,34.4,52.1,15.482,667
2023-03-26T00:00:00.000Z,12.7,136.7,37.7,24.1,46,16.091,662
2023-03-27T00:00:00.000Z,5.7,41.2,29.5,16.89,33.4,9.307,659
2023-03-28T00:00:00.000Z,15.4,142.9,40.9,33.6,45.3,11.329,648
2023-03-29T00:00:00.000Z,18.4,67.1,40.7,36.2,44.2,7.18,659
2023-03-30T00:00:00.000Z,26.6,86.1,59.5,44.3,72,17.06,615
2023-03-31T00:00:00.000Z,27.6,467.1,52.5,44.45,72,36.481,668
2023-04-01T00:00:00.000Z,31,43,37.5,35.25,38.7,2.562,65
2023-04-22T00:00:00.000Z,39.5,62.8,44.3,42.2,46.6,3.571,414
2023-04-23T00:00:00.000Z,35,53.6,41.9,38.9,43.5,3.796,655
2023-04-24T00:00:00.000Z,22.7,57.9,36.65,32.6,40.1,6.131,644
2023-04-25T00:00:00.000Z,8.2,47.6,20,13.5,32,10.224,670
2023-04-26T00:00:00.000Z,16,120.6,38.5,27.6,57.4,18.221,615
2023-04-27T00:00:00.000Z,27.4,57.4,40.79,34.1,46.2,6.841,633
2023-04-28T00:00:00.000Z,10.6,51.9,30.2,27.3,33.85,5.359,656
2023-04-29T00:00:00.000Z,5.4,60.5,20,12.25,27.9,9.227,653
2023-04-30T00:00:00.000Z,14.3,53.1,27.5,20.6,35.9,9.216,646
2023-05-01T00:00:00.000Z,24.5,50.3,37.2,33,40.2,5.168,658
2023-05-02T00:00:00.000Z,15.5,95,35.5,27.2,39.1,8.238,642
2023-05-03T00:00:00.000Z,19.7,530.4,25.9,23.7,29.3,27.3,663
2023-05-04T00:00:00.000Z,33.2,219.8,37,35.7,38.3,8.563,648
2023-05-05T00:00:00.000Z,35.3,53.2,42.3,39.6,44.5,3.252,615
2023-05-06T00:00:00.000Z,33.6,59.4,45.1,36.5,49.2,6.704,657
2023-05-07T00:00:00.000Z,7.1,66.2,42.8,37.45,47.5,11.423,641
2023-05-08T00:00:00.000Z,20.5,83.2,34.6,31.2,38.6,8.382,637
2023-05-09T00:00:00.000Z,27.1,63.8,38.7,34.2,47.4,9.705,655
2023-05-10T00:00:00.000Z,18.2,46.7,27.1,24,32.29,5.507,650
2023-05-11T00:00:00.000Z,3.3,39.9,18.4,14.7,23.2,6.926,667
2023-05-12T00:00:00.000Z,8.7,40.9,16.3,12.8,20.9,6.263,663
2023-05-13T00:00:00.000Z,9.6,39.6,23.6,18.3,28.65,7.125,680
2023-05-14T00:00:00.000Z,24.3,85.5,37.5,31.3,43.2,7.555,659
2023-05-15T00:00:00.000Z,22,108.7,34.9,29.85,38.7,6.927,652
2023-05-16T00:00:00.000Z,26.1,92.4,44.6,38.79,48.7,8.637,615
2023-05-17T00:00:00.000Z,27.3,74.2,44.35,31.25,49.5,10.737,600
2023-05-18T00:00:00.000Z,32,55.2,47.2,42.7,49.5,5.124,619
2023-05-19T00:00:00.000Z,38.8,120.7,45.3,42.2,48.3,5.824,625
2023-05-20T00:00:00.000Z,33.6,109.2,43.9,40.29,46.3,5.533,645
2023-05-21T00:00:00.000Z,33.9,68.6,42.4,40.2,46.2,4.541,645
2023-05-22T00:00:00.000Z,34.2,64.9,45.8,41.6,49.9,6.301,627
2023-05-23T00:00:00.000Z,24.4,90.7,40.5,38.2,47,6.383,631
2023-05-24T00:00:00.000Z,11.4,70.2,44.6,31.9,46,12.924,646
2023-05-25T00:00:00.000Z,4,43.5,27.6,17.05,32.4,9.512,661
2023-05-26T00:00:00.000Z,8.3,42.9,26.3,18.39,34.7,8.766,655
2023-05-27T00:00:00.000Z,9.7,44.2,22.3,16.3,27.8,7.642,654
2023-05-28T00:00:00.000Z,6.8,32.7,22.6,15.3,26.2,5.983,670
2023-05-29T00:00:00.000Z,15,69.7,31.7,26.4,35.1,7.267,664
2023-05-30T00:00:00.000Z,15.2,91.2,33.25,21.4,45,12.465,640
2023-05-31T00:00:00.000Z,23.4,96.8,42.5,33.5,53.35,18.277,653
2023-06-01T00:00:00.000Z,25.7,80.1,37.9,33.4,41.8,6.637,667
2023-06-02T00:00:00.000Z,3.8,106.5,32.15,19.05,40.15,23.337,612
2023-06-03T00:00:00.000Z,15.4,102.4,36.6,32.6,41.5,11.928,656
2023-06-04T00:00:00.000Z,13.8,78.3,36.2,31.6,45.3,10.437,658
2023-06-05T00:00:00.000Z,17,62.3,32.75,28.5,42.5,7.983,660
2023-06-06T00:00:00.000Z,11.1,70.9,40.65,34.1,48.5,10.943,646
2023-06-07T00:00:00.000Z,19.3,155.4,43.2,25.1,52.4,23.653,635
2023-06-08T00:00:00.000Z,3.7,79.2,44.65,23.7,50.5,16.652,632
2023-06-09T00:00:00.000Z,16.6,200,29.9,23.6,36.35,12.908,629
2023-06-10T00:00:00.000Z,23.9,85.4,47,35,52.6,13.303,634
2023-06-11T00:00:00.000Z,30.8,163.2,43.4,39.3,54,12.864,667
2023-06-12T00:00:00.000Z,11.1,90.4,43.6,29.2,50,15.44,599
2023-06-13T00:00:00.000Z,6.4,53,28.7,16.39,37.7,12.372,666
2023-06-14T00:00:00.000Z,2.3,68.7,27.6,17.95,31.8,11.668,648
2023-06-15T00:00:00.000Z,7.2,174.1,30.6,21.2,36.2,12.071,642
2023-06-16T00:00:00.000Z,12.6,46.1,21,16.5,28.9,7.631,649
2023-06-17T00:00:00.000Z,6.2,43.4,21.9,16.7,27.1,7.151,626
2023-06-18T00:00:00.000Z,4.9,54.3,18.55,13.2,26.4,9.305,638
2023-06-19T00:00:00.000Z,11.3,68,22.5,19.3,33.1,11.652,643
2023-06-20T00:00:00.000Z,3.6,56.5,24.2,13.3,36.2,13.313,637
2023-06-21T00:00:00.000Z,3,73.3,34.65,26.35,44.35,15.364,660
2023-06-22T00:00:00.000Z,4.4,114.4,22.8,13.2,38.4,14.047,638
2023-06-23T00:00:00.000Z,1.4,44.3,20.5,9.6,27.8,10.445,663
2023-06-24T00:00:00.000Z,7.5,64.2,18,12.45,33.79,11.81,637
2023-06-25T00:00:00.000Z,7,55.2,27.05,13.65,35.75,11.581,660
2023-06-26T00:00:00.000Z,4.9,56.8,18.8,14.9,29.95,9.843,649
2023-06-27T00:00:00.000Z,4.4,46.1,16.3,12,21.7,7.498,666
2023-06-28T00:00:00.000Z,9.1,44.1,19.3,13.95,23.4,5.644,645
2023-06-29T00:00:00.000Z,11.9,41.6,25.3,21.4,28.2,4.647,651
2023-06-30T00:00:00.000Z,13.2,46.8,21.7,18.7,30,6.987,641
2023-07-01T00:00:00.000Z,7.8,125.4,26.2,19.95,31.35,10.917,609
2023-07-02T00:00:00.000Z,6.6,43.8,19,12.1,26.4,8.363,683
2023-07-03T00:00:00.000Z,5.2,56.9,28.2,21.4,33.2,10.787,640
2023-07-04T00:00:00.000Z,4.4,38.6,14.7,10.6,19.3,8.493,542
2023-07-05T00:00:00.000Z,6.5,104.2,20.9,15.65,27.7,10.105,660
2023-07-06T00:00:00.000Z,3,34.9,13.55,8.3,20.3,7.579,634
2023-07-07T00:00:00.000Z,4.7,180.6,15.45,11.2,19.3,10.373,670
2023-07-08T00:00:00.000Z,2.3,40.5,14.8,6.9,20.65,9.55,653
2023-07-09T00:00:00.000Z,3.4,44,18.39,11.5,28.3,10.017,645
2023-07-10T00:00:00.000Z,6.5,40.3,29.7,24.7,32.1,6.171,635
2023-07-11T00:00:00.000Z,8.1,39.5,25.1,16.39,29.8,7.589,653
2023-07-12T00:00:00.000Z,0.7,39,12.4,7.6,23.25,9.962,641
2023-07-13T00:00:00.000Z,7.4,45.7,20.3,17.5,27.9,8.173,657
2023-07-14T00:00:00.000Z,4.2,45.1,25.3,17.35,31.2,9.228,681
2023-07-15T00:00:00.000Z,19.8,111.2,29.6,26.4,36.4,7.675,646
2023-07-16T00:00:00.000Z,15.4,84.9,31.6,24.8,42.4,14.932,643
2023-07-17T00:00:00.000Z,9.6,71.2,32.5,17.1,48.7,17.468,646
2023-07-18T00:00:00.000Z,13.9,61.8,29.65,23.6,32.29,6.379,636
2023-07-19T00:00:00.000Z,20.8,52.8,43.2,38.6,46.2,7.364,630
2023-07-20T00:00:00.000Z,22.3,59.2,46,39.65,52.65,8.404,617
2023-07-21T00:00:00.000Z,12.5,59.4,38.95,27.5,46.1,11.711,622
2023-07-22T00:00:00.000Z,1.8,33.2,14.1,6.55,19.8,7.557,609
2023-07-23T00:00:00.000Z,5.6,32.9,12.4,9.3,18.35,5.764,656
2023-07-24T00:00:00.000Z,4.4,47,16.1,13.5,21.35,6.736,637
2023-07-25T00:00:00.000Z,1.8,86.7,17,11.2,21.15,7.992,624
2023-07-26T00:00:00.000Z,9,86,21.5,16.35,25.85,7.383,605
2023-07-27T00:00:00.000Z,10.3,64.1,38.4,27.2,42.1,9.256,633
2023-07-28T00:00:00.000Z,16.4,90.3,31.7,25.85,39.29,12.214,632
2023-07-29T00:00:00.000Z,21,76.3,44.9,41.8,47.5,7.055,641
2023-07-30T00:00:00.000Z,12.7,52,29.3,22.6,34.5,7.658,631
2023-07-31T00:00:00.000Z,0.8,74.5,19.4,12.1,29.4,12.75,651
2023-08-01T00:00:00.000Z,8.8,58.5,34.9,28.2,39.4,9.661,654
2023-08-02T00:00:00.000Z,25.3,97.3,40,35.6,46.5,11.578,654
2023-08-03T00:00:00.000Z,9.4,190.2,30.5,26.7,33.6,9.684,639
2023-08-04T00:00:00.000Z,12.2,90.6,29.8,25.25,33.95,7.933,653
2023-08-05T00:00:00.000Z,2.4,60.1,12.6,9.4,16.75,6.875,649
2023-08-06T00:00:00.000Z,2.1,39.3,17.4,10.19,25.05,8.968,645
2023-08-07T00:00:00.000Z,2.4,35,12.3,7.6,17.75,6.768,628
2023-08-08T00:00:00.000Z,2.7,33,18.7,9.44,24.25,8.002,572
2023-08-09T00:00:00.000Z,12.8,57.4,25.9,21.4,30.3,7.848,655
2023-08-10T00:00:00.000Z,31.6,98.9,56.05,42.7,74.8,18.603,652
2023-08-11T00:00:00.000Z,9,91.2,45.2,30.25,49.4,18.245,665
2023-08-12T00:00:00.000Z,3.4,66,43.5,26.5,52,14.995,649
2023-08-13T00:00:00.000Z,17.4,72.4,33.29,28.4,36.7,9.567,663
2023-08-14T00:00:00.000Z,7.3,46.7,19.8,13.3,25.7,7.026,654
2023-08-15T00:00:00.000Z,22.8,69.6,46.4,35.7,50.6,8.574,635
2023-08-16T00:00:00.000Z,22.8,78.7,35.35,30.5,42,8.183,618
2023-08-17T00:00:00.000Z,27.8,159.3,40.7,37.8,44.3,8.16,629
2023-08-18T00:00:00.000Z,5.6,69.8,34.04,24.7,39.7,11.089,638
2023-08-19T00:00:00.000Z,22.7,73,47.45,43.9,55.45,10.16,636
2023-08-20T00:00:00.000Z,2.7,132.9,26.15,15.6,37.35,14.123,640
2023-08-21T00:00:00.000Z,13.2,49.6,28.55,25.2,33.3,5.958,666
2023-08-22T00:00:00.000Z,11.3,59.2,34.65,30.6,40,9.03,642
2023-08-23T00:00:00.000Z,3.3,59.3,31.8,18.7,36.6,11.692,634
2023-08-24T00:00:00.000Z,17.3,97.9,33.9,28.25,41,8.76,613
2023-08-25T00:00:00.000Z,4.2,58.6,32.4,23.8,39.8,9.871,616
2023-08-26T00:00:00.000Z,4.3,65.6,34,23.5,39.4,11.785,643
2023-08-27T00:00:00.000Z,1.6,122,33.2,20.65,39.1,15.875,641
2023-08-28T00:00:00.000Z,7.7,63.3,22.4,14.15,38.35,12.964,661
2023-08-29T00:00:00.000Z,6.9,149.7,22,16.3,26.4,11.952,667
2023-08-30T00:00:00.000Z,14.5,55.2,34.5,19.6,41.6,12.157,654
2023-08-31T00:00:00.000Z,15.9,82,40.8,24.3,51.4,15.414,602
2023-09-01T00:00:00.000Z,28.3,101.2,43.2,34.25,51.55,15.602,608
2023-09-02T00:00:00.000Z,19.6,66.8,36.1,30.9,42.4,10.263,650
2023-09-03T00:00:00.000Z,10.1,56.8,31.5,21.85,36.6,9.041,640
2023-09-04T00:00:00.000Z,7.3,47.6,27.7,20,31.1,8.529,626
2023-09-05T00:00:00.000Z,12.6,98.9,37.9,26.4,49.6,20.982,620
2023-09-06T00:00:00.000Z,22.2,79.7,41.9,32.1,47.5,12.813,626
2023-09-07T00:00:00.000Z,19.5,94.4,42,31,65.4,19.987,663
2023-09-08T00:00:00.000Z,9,50.7,28.9,24.1,35.1,7.695,633
2023-09-09T00:00:00.000Z,18.8,105,43,34.6,51.9,16.766,651
2023-09-10T00:00:00.000Z,23.6,106.2,49.7,45.3,55.9,11.783,641
2023-09-11T00:00:00.000Z,17.4,73.3,46.2,38.7,53.25,10.305,657
2023-09-12T00:00:00.000Z,1.6,71.8,47.15,35.79,54.95,18.063,632
2023-09-13T00:00:00.000Z,9,33.3,16.2,13,18.3,3.541,617
2023-09-14T00:00:00.000Z,7.2,34.6,21.4,13.15,25,6.625,645
2023-09-15T00:00:00.000Z,10.1,98.6,33.2,28.3,35.4,9.034,639
2023-09-16T00:00:00.000Z,16.1,110.9,39.2,25.5,44.7,15.172,651
2023-09-17T00:00:00.000Z,3,61.6,35.75,28.6,43.5,12.575,618
2023-09-18T00:00:00.000Z,7.9,98.9,26.9,22.6,34.79,10.118,651
2023-09-19T00:00:00.000Z,10.5,74.8,21.45,15.9,29,8.73,626
2023-09-20T00:00:00.000Z,6.9,45.6,20.8,17.55,25.4,5.757,633
2023-09-21T00:00:00.000Z,14,41.9,25.4,19.14,31.8,7.471,653
2023-09-22T00:00:00.000Z,6.4,45.5,23.7,16.3,31.6,9.517,642
2023-09-23T00:00:00.000Z,8.2,53.2,21.85,18.14,26.85,7.942,640
2023-09-24T00:00:00.000Z,15.9,223.5,36.7,32.5,47.2,18.264,591
2023-09-25T00:00:00.000Z,8.1,59.3,41.45,29.8,45.9,10.745,646
2023-09-26T00:00:00.000Z,18.6,45.6,32.1,28.6,37.4,6.349,663
2023-09-27T00:00:00.000Z,6.3,50.3,21.2,16.14,25.4,7.825,669
2023-09-28T00:00:00.000Z,1.8,96.5,31,22.6,36.1,10.746,636
2023-09-29T00:00:00.000Z,31.1,124.4,46,42.3,50.35,7.005,636
2023-09-30T00:00:00.000Z,32.2,73.2,44.2,41.9,49.1,6.168,659
2023-10-01T00:00:00.000Z,14.9,90.2,35,30.5,38.4,8.65,653
2023-10-02T00:00:00.000Z,16.2,62,36,32.85,38.9,6.751,661
2023-10-03T00:00:00.000Z,21.7,85.8,42.3,37.2,46.7,11.334,644
2023-10-04T00:00:00.000Z,26.7,119.8,43,39.7,51.8,11.285,639
2023-10-05T00:00:00.000Z,13.8,81.9,41.3,33.4,46.3,12.638,652
2023-10-06T00:00:00.000Z,17.5,57.6,39.1,31.65,44.1,8.875,636
2023-10-07T00:00:00.000Z,7.9,63.3,16.6,13.9,32.1,11.377,619
2023-10-08T00:00:00.000Z,8.5,49.1,19.25,11.2,30.6,10.302,642
2023-10-09T00:00:00.000Z,10.2,74.6,20.9,12.8,27.2,13.103,675
2023-10-10T00:00:00.000Z,13,51.9,24.6,18.6,29.8,9.142,639
2023-10-11T00:00:00.000Z,17.6,49.5,29,24.1,34.9,7.983,650
2023-10-12T00:00:00.000Z,19.4,46.7,33.1,29.2,36.2,5.566,639
2023-10-13T00:00:00.000Z,25.9,78.2,49.2,35.85,54,11.667,633
2023-10-14T00:00:00.000Z,14.7,66.4,26.5,21.85,48.8,13.741,664
2023-10-15T00:00:00.000Z,11.7,60.9,39.15,21.7,44.6,12.927,654
2023-10-16T00:00:00.000Z,26.1,103.6,50.3,37.79,79.09,23.304,638
2023-10-17T00:00:00.000Z,36.6,144.6,55.8,45.1,100.6,33.616,643
2023-10-18T00:00:00.000Z,19.7,163.9,92.7,41.75,127.8,43.637,645
2023-10-19T00:00:00.000Z,6.8,115.4,29.5,21.3,45.3,23.172,639
2023-10-20T00:00:00.000Z,9.5,56.3,24.7,15.6,32.54,11.168,641
2023-10-21T00:00:00.000Z,11.5,65.3,23.3,17,38.79,14.4,640
2023-10-22T00:00:00.000Z,22.3,104.4,45.3,30.5,59.75,21.16,625
2023-10-23T00:00:00.000Z,28.5,125.4,48.3,40.1,78.3,23.944,663
2023-10-24T00:00:00.000Z,30.8,167.7,89.7,42.2,101.6,32.662,654
2023-10-25T00:00:00.000Z,31.6,126.4,54.25,46.9,78.5,20.323,656
2023-10-26T00:00:00.000Z,31.6,136.1,50.2,39.15,60.55,25.957,657
2023-10-27T00:00:00.000Z,20.6,122.6,51.2,42.8,62.9,21.105,639
2023-10-28T00:00:00.000Z,30.3,78.1,41.8,38.6,46,7.767,641
2023-10-29T00:00:00.000Z,5.9,50.5,30.15,14.75,40.15,12.537,636
2023-10-30T00:00:00.000Z,8.6,76.6,41.8,23.55,54.6,18.102,653
2023-10-31T00:00:00.000Z,27.8,118.4,48.35,36,66.6,20.523,654
2023-11-01T00:00:00.000Z,37.3,129.6,65.59,49.5,76.8,16.292,667
2023-11-02T00:00:00.000Z,40.7,141.2,61.15,54.75,75.2,19.295,668
2023-11-03T00:00:00.000Z,29.6,95,41.9,38.7,45.8,10.432,634
2023-11-04T00:00:00.000Z,12.3,58.5,31,25.4,37.2,7.733,656
2023-11-05T00:00:00.000Z,19.1,59.5,33.5,26.8,44.3,9.587,637
2023-11-06T00:00:00.000Z,12.2,61.5,27.2,18.3,31.9,8.061,642
2023-11-07T00:00:00.000Z,19.6,53,39.85,30.35,45.35,8.543,652
2023-11-08T00:00:00.000Z,40,89.1,52.55,48,63.5,10.438,636
2023-11-09T00:00:00.000Z,19.8,82,39.5,34.29,48.1,9.943,606
2023-11-10T00:00:00.000Z,21.9,72.9,38.7,30.85,43.9,7.078,625
2023-11-11T00:00:00.000Z,16,73.8,39.79,29.7,43.4,8.389,645
2023-11-12T00:00:00.000Z,3.1,49,20.1,11.7,31.4,12.116,386
2023-11-13T00:00:00.000Z,3.7,33.4,9.9,6.15,13.6,4.71,665
2023-11-14T00:00:00.000Z,8,48.7,29.4,25,37.7,9.203,628
2023-11-15T00:00:00.000Z,6.2,110.3,47.6,37.9,77.7,25.842,639
2023-11-16T00:00:00.000Z,7.6,40.8,14.5,13,18.14,5.948,644
2023-11-17T00:00:00.000Z,12.1,105.8,43.2,23.8,55.1,23.123,667
2023-11-18T00:00:00.000Z,26.3,131.3,59.75,34.79,106.2,35.026,670
2023-11-19T00:00:00.000Z,27.8,162.7,84.55,48.3,110.2,37.206,682
2023-11-20T00:00:00.000Z,45.6,174.8,109.2,82.6,125.5,35.243,677
2023-11-21T00:00:00.000Z,43.5,171.1,95.55,67.95,114.25,32.47,672
2023-11-22T00:00:00.000Z,88.8,184.3,112,103.4,123.7,20.196,659
2023-11-23T00:00:00.000Z,48.3,164.9,64.95,57.75,85.2,25.397,688
2023-11-24T00:00:00.000Z,75.5,144.7,90.6,84.9,103,18.206,693
2023-11-25T00:00:00.000Z,73.9,133.9,85.5,77.2,112.8,19.847,54